# based on SN2016ccj
# The UV and optical spectra are from HST and NOT with a blackbody extension. 
# Brown et al. 2017 (currently in prep)
      1020.00  2.31978e-17
      1040.00  2.55549e-17
      1060.00  2.79981e-17
      1080.00  3.05180e-17
      1100.00  3.31049e-17
      1120.00  3.57489e-17
      1140.00  3.84399e-17
      1160.00  4.11681e-17
      1180.00  4.39234e-17
      1200.00  4.66962e-17
      1220.00  4.94770e-17
      1240.00  5.22568e-17
      1260.00  5.50268e-17
      1280.00  5.77788e-17
      1300.00  6.05050e-17
      1320.00  6.31979e-17
      1340.00  6.58508e-17
      1360.00  6.84574e-17
      1380.00  7.10119e-17
      1400.00  7.35090e-17
      1420.00  7.59439e-17
      1440.00  7.83124e-17
      1460.00  8.06108e-17
      1480.00  8.28358e-17
      1500.00  8.49845e-17
      1520.00  8.70545e-17
      1540.00  8.90440e-17
      1560.00  9.09512e-17
      1580.00  9.27751e-17
      1600.00  9.45147e-17
      1620.00  9.61695e-17
      1640.00  9.77394e-17
      1660.00  9.92243e-17
      1680.00  1.00624e-16
      1700.00  1.01941e-16
      1720.00  1.03173e-16
      1740.00  1.04324e-16
      1760.00  1.05393e-16
      1780.00  1.06382e-16
      1800.00  1.07292e-16
      1820.00  1.08126e-16
      1840.00  1.08883e-16
      1860.00  1.09568e-16
      1880.00  1.10180e-16
      1900.00  1.10722e-16
      1920.00  1.11197e-16
      1940.00  1.11605e-16
      1960.00  1.11949e-16
      1980.00  1.12231e-16
      2000.00  2.18444e-16
      2020.00  1.77217e-16
      2040.00  2.23654e-16
      2060.00  2.52647e-16
      2080.00  2.99828e-16
      2100.00  2.83496e-16
      2120.00  2.83679e-16
      2140.00  2.88971e-16
      2160.00  2.88490e-16
      2180.00  2.85125e-16
      2200.00  2.31743e-16
      2220.00  1.82563e-16
      2240.00  1.59228e-16
      2260.00  1.72000e-16
      2280.00  1.91525e-16
      2300.00  2.79153e-16
      2320.00  2.99113e-16
      2340.00  3.14642e-16
      2360.00  3.97691e-16
      2380.00  4.42503e-16
      2400.00  4.72653e-16
      2420.00  4.79027e-16
      2440.00  4.23620e-16
      2460.00  3.88314e-16
      2480.00  3.45677e-16
      2500.00  3.54147e-16
      2520.00  4.02975e-16
      2540.00  4.16028e-16
      2560.00  4.73992e-16
      2580.00  4.57110e-16
      2600.00  4.15069e-16
      2620.00  4.26903e-16
      2640.00  2.93558e-16
      2660.00  2.15061e-16
      2680.00  2.18295e-16
      2700.00  3.37984e-16
      2720.00  4.59263e-16
      2740.00  5.51919e-16
      2760.00  6.78832e-16
      2780.00  7.92031e-16
      2800.00  7.47977e-16
      2820.00  8.96683e-16
      2840.00  9.20528e-16
      2860.00  9.43513e-16
      2880.00  9.59272e-16
      2900.00  9.77459e-16
      2920.00  1.10835e-15
      2940.00  1.18248e-15
      2960.00  1.23934e-15
      2980.00  1.35496e-15
      3000.00  1.28709e-15
      3020.00  1.28350e-15
      3040.00  1.24083e-15
      3060.00  1.26577e-15
      3080.00  1.30665e-15
      3100.00  1.35911e-15
      3120.00  1.31515e-15
      3140.00  1.34351e-15
      3160.00  1.30807e-15
      3180.00  1.33181e-15
      3200.00  1.29688e-15
      3220.00  1.18517e-15
      3240.00  1.18413e-15
      3260.00  1.23524e-15
      3280.00  1.20179e-15
      3300.00  1.29200e-15
      3320.00  1.23271e-15
      3340.00  1.36823e-15
      3360.00  1.38047e-15
      3380.00  1.30537e-15
      3400.00  1.30034e-15
      3420.00  1.32645e-15
      3440.00  1.34979e-15
      3460.00  1.36996e-15
      3480.00  1.30561e-15
      3500.00  1.27991e-15
      3520.00  1.31304e-15
      3540.00  1.36194e-15
      3560.00  1.41085e-15
      3580.00  1.39274e-15
      3600.00  1.33557e-15
      3620.00  1.41449e-15
      3640.00  1.42953e-15
      3660.00  1.30544e-15
      3680.00  1.14136e-15
      3700.00  1.06745e-15
      3720.00  1.12075e-15
      3740.00  1.19355e-15
      3760.00  1.21446e-15
      3780.00  1.13758e-15
      3800.00  1.06871e-15
      3820.00  1.02162e-15
      3840.00  1.11011e-15
      3860.00  1.32154e-15
      3880.00  1.46529e-15
      3900.00  1.40295e-15
      3920.00  1.40198e-15
      3940.00  1.40388e-15
      3960.00  1.30814e-15
      3980.00  1.26544e-15
      4000.00  1.32536e-15
      4020.00  1.34022e-15
      4040.00  1.40971e-15
      4060.00  1.42498e-15
      4080.00  1.36353e-15
      4100.00  1.32088e-15
      4120.00  1.31122e-15
      4140.00  1.30242e-15
      4160.00  1.32812e-15
      4180.00  1.29621e-15
      4200.00  1.19948e-15
      4220.00  1.13511e-15
      4240.00  1.08148e-15
      4260.00  1.02805e-15
      4280.00  8.95853e-16
      4300.00  9.21230e-16
      4320.00  9.41778e-16
      4340.00  9.58131e-16
      4360.00  9.61756e-16
      4380.00  1.01852e-15
      4400.00  1.04764e-15
      4420.00  1.01081e-15
      4440.00  1.06624e-15
      4460.00  1.05014e-15
      4480.00  1.08690e-15
      4500.00  1.08706e-15
      4520.00  1.04772e-15
      4540.00  1.03796e-15
      4560.00  1.07264e-15
      4580.00  1.07504e-15
      4600.00  1.07958e-15
      4620.00  1.00809e-15
      4640.00  1.02169e-15
      4660.00  9.51596e-16
      4680.00  9.34705e-16
      4700.00  9.30177e-16
      4720.00  9.13702e-16
      4740.00  8.82043e-16
      4760.00  8.73364e-16
      4780.00  8.28417e-16
      4800.00  8.35304e-16
      4820.00  7.76148e-16
      4840.00  6.90936e-16
      4860.00  6.87224e-16
      4880.00  7.55713e-16
      4900.00  7.76276e-16
      4920.00  7.56331e-16
      4940.00  7.42432e-16
      4960.00  7.07734e-16
      4980.00  6.43470e-16
      5000.00  6.86721e-16
      5020.00  6.73413e-16
      5040.00  6.74375e-16
      5060.00  6.94265e-16
      5080.00  7.00573e-16
      5100.00  6.81542e-16
      5120.00  6.63343e-16
      5140.00  6.56737e-16
      5160.00  6.55636e-16
      5180.00  6.40508e-16
      5200.00  5.82521e-16
      5220.00  5.36881e-16
      5240.00  5.17669e-16
      5260.00  5.19647e-16
      5280.00  5.32350e-16
      5300.00  5.43780e-16
      5320.00  5.54849e-16
      5340.00  5.41438e-16
      5360.00  5.30236e-16
      5380.00  4.95751e-16
      5400.00  4.65331e-16
      5420.00  4.54842e-16
      5440.00  4.82992e-16
      5460.00  5.09514e-16
      5480.00  5.28796e-16
      5500.00  5.34487e-16
      5520.00  5.08594e-16
      5540.00  4.97704e-16
      5560.00  4.95077e-16
      5580.00  5.04813e-16
      5600.00  5.08413e-16
      5620.00  5.19800e-16
      5640.00  5.07205e-16
      5660.00  4.90662e-16
      5680.00  4.88178e-16
      5700.00  4.81904e-16
      5720.00  4.77585e-16
      5740.00  4.82783e-16
      5760.00  4.98428e-16
      5780.00  4.96970e-16
      5800.00  4.92240e-16
      5820.00  4.97312e-16
      5840.00  4.93120e-16
      5860.00  4.88193e-16
      5880.00  4.79037e-16
      5900.00  4.74632e-16
      5920.00  4.70283e-16
      5940.00  4.64280e-16
      5960.00  4.64319e-16
      5980.00  4.49660e-16
      6000.00  4.12378e-16
      6020.00  3.63025e-16
      6040.00  3.26714e-16
      6060.00  3.11022e-16
      6080.00  3.03142e-16
      6100.00  3.05892e-16
      6120.00  3.21706e-16
      6140.00  3.41895e-16
      6160.00  3.68760e-16
      6180.00  3.84160e-16
      6200.00  3.90068e-16
      6220.00  3.90927e-16
      6240.00  3.85734e-16
      6260.00  3.80927e-16
      6280.00  3.65709e-16
      6300.00  3.49593e-16
      6320.00  3.47377e-16
      6340.00  3.48879e-16
      6360.00  3.51918e-16
      6380.00  3.52043e-16
      6400.00  3.58872e-16
      6420.00  3.60095e-16
      6440.00  3.60222e-16
      6460.00  3.62039e-16
      6480.00  3.64542e-16
      6500.00  3.66845e-16
      6520.00  3.66271e-16
      6540.00  3.60889e-16
      6560.00  3.50697e-16
      6580.00  3.47921e-16
      6600.00  3.35141e-16
      6620.00  3.33725e-16
      6640.00  3.24129e-16
      6660.00  3.20057e-16
      6680.00  3.10357e-16
      6700.00  3.08299e-16
      6720.00  3.08761e-16
      6740.00  3.07862e-16
      6760.00  3.10065e-16
      6780.00  3.09604e-16
      6800.00  3.04188e-16
      6820.00  3.04624e-16
      6840.00  2.92441e-16
      6860.00  2.89938e-16
      6880.00  2.97953e-16
      6900.00  2.88745e-16
      6920.00  2.73477e-16
      6940.00  2.65094e-16
      6960.00  2.70912e-16
      6980.00  2.64178e-16
      7000.00  2.49692e-16
      7020.00  2.50871e-16
      7040.00  2.53008e-16
      7060.00  2.57725e-16
      7080.00  2.71605e-16
      7100.00  2.69464e-16
      7120.00  2.70254e-16
      7140.00  2.73978e-16
      7160.00  2.69163e-16
      7180.00  2.66363e-16
      7200.00  2.59280e-16
      7220.00  2.52862e-16
      7240.00  2.52849e-16
      7260.00  2.45003e-16
      7280.00  2.47757e-16
      7300.00  2.34683e-16
      7320.00  2.41631e-16
      7340.00  2.25097e-16
      7360.00  2.25123e-16
      7380.00  2.14024e-16
      7400.00  2.11131e-16
      7420.00  2.09650e-16
      7440.00  2.09778e-16
      7460.00  2.07112e-16
      7480.00  2.02559e-16
      7500.00  2.11655e-16
      7520.00  2.04362e-16
      7540.00  2.03933e-16
      7560.00  2.06292e-16
      7580.00  2.07187e-16
      7600.00  2.07007e-16
      7620.00  2.06675e-16
      7640.00  2.05811e-16
      7660.00  2.12749e-16
      7680.00  2.14390e-16
      7700.00  2.19000e-16
      7720.00  2.27084e-16
      7740.00  2.26429e-16
      7760.00  2.22120e-16
      7780.00  2.25262e-16
      7800.00  2.22411e-16
      7820.00  2.11327e-16
      7840.00  2.04447e-16
      7860.00  2.03589e-16
      7880.00  2.08680e-16
      7900.00  2.00544e-16
      7920.00  2.03903e-16
      7940.00  1.98533e-16
      7960.00  1.99630e-16
      7980.00  1.87293e-16
      8000.00  1.93377e-16
      8020.00  1.88046e-16
      8040.00  1.86917e-16
      8060.00  1.89879e-16
      8080.00  1.84631e-16
      8100.00  1.76486e-16
      8120.00  1.76771e-16
      8140.00  1.71043e-16
      8160.00  1.67953e-16
      8180.00  1.62026e-16
      8200.00  1.57960e-16
      8220.00  1.60144e-16
      8240.00  1.58588e-16
      8260.00  1.58304e-16
      8280.00  1.57205e-16
      8300.00  1.51908e-16
      8320.00  1.62931e-16
      8340.00  1.61573e-16
      8360.00  1.62184e-16
      8380.00  1.68645e-16
      8400.00  1.66976e-16
      8420.00  1.66624e-16
      8440.00  1.59239e-16
      8460.00  1.53556e-16
      8480.00  1.48433e-16
      8500.00  1.47512e-16
      8520.00  1.44971e-16
      8540.00  1.42661e-16
      8560.00  1.40841e-16
      8580.00  1.34264e-16
      8600.00  1.29837e-16
      8620.00  1.41964e-16
      8640.00  1.40886e-16
      8660.00  1.39819e-16
      8680.00  1.38761e-16
      8700.00  1.37713e-16
      8720.00  1.36674e-16
      8740.00  1.35645e-16
      8760.00  1.34626e-16
      8780.00  1.33616e-16
      8800.00  1.32616e-16
      8820.00  1.31624e-16
      8840.00  1.30642e-16
      8860.00  1.29669e-16
      8880.00  1.28704e-16
      8900.00  1.27749e-16
      8920.00  1.26802e-16
      8940.00  1.25863e-16
      8960.00  1.24934e-16
      8980.00  1.24012e-16
      9000.00  1.23099e-16
      9020.00  1.22195e-16
      9040.00  1.21298e-16
      9060.00  1.20410e-16
      9080.00  1.19529e-16
      9100.00  1.18657e-16
      9120.00  1.17792e-16
      9140.00  1.16935e-16
      9160.00  1.16085e-16
      9180.00  1.15244e-16
      9200.00  1.14409e-16
      9220.00  1.13583e-16
      9240.00  1.12763e-16
      9260.00  1.11951e-16
      9280.00  1.11146e-16
      9300.00  1.10348e-16
      9320.00  1.09557e-16
      9340.00  1.08773e-16
      9360.00  1.07996e-16
      9380.00  1.07226e-16
      9400.00  1.06463e-16
      9420.00  1.05706e-16
      9440.00  1.04956e-16
      9460.00  1.04213e-16
      9480.00  1.03475e-16
      9500.00  1.02745e-16
      9520.00  1.02021e-16
      9540.00  1.01303e-16
      9560.00  1.00591e-16
      9580.00  9.98851e-17
      9600.00  9.91856e-17
      9620.00  9.84921e-17
      9640.00  9.78046e-17
      9660.00  9.71230e-17
      9680.00  9.64472e-17
      9700.00  9.57772e-17
      9720.00  9.51130e-17
      9740.00  9.44544e-17
      9760.00  9.38015e-17
      9780.00  9.31541e-17
      9800.00  9.25122e-17
      9820.00  9.18758e-17
      9840.00  9.12447e-17
      9860.00  9.06190e-17
      9880.00  8.99986e-17
      9900.00  8.93834e-17
      9920.00  8.87735e-17
      9940.00  8.81686e-17
      9960.00  8.75688e-17
      9980.00  8.69741e-17
      10000.0  8.63843e-17
      10020.0  8.57995e-17
      10040.0  8.52195e-17
      10060.0  8.46444e-17
      10080.0  8.40740e-17
      10100.0  8.35085e-17
      10120.0  8.29476e-17
      10140.0  8.23913e-17
      10160.0  8.18396e-17
      10180.0  8.12925e-17
      10200.0  8.07500e-17
      10220.0  8.02118e-17
      10240.0  7.96781e-17
      10260.0  7.91488e-17
      10280.0  7.86239e-17
      10300.0  7.81032e-17
      10320.0  7.75868e-17
      10340.0  7.70746e-17
      10360.0  7.65665e-17
      10380.0  7.60626e-17
      10400.0  7.55628e-17
      10420.0  7.50671e-17
      10440.0  7.45753e-17
      10460.0  7.40876e-17
      10480.0  7.36037e-17
      10500.0  7.31238e-17
      10520.0  7.26478e-17
      10540.0  7.21755e-17
      10560.0  7.17071e-17
      10580.0  7.12424e-17
      10600.0  7.07815e-17
      10620.0  7.03242e-17
      10640.0  6.98705e-17
      10660.0  6.94205e-17
      10680.0  6.89741e-17
      10700.0  6.85312e-17
      10720.0  6.80918e-17
      10740.0  6.76559e-17
      10760.0  6.72235e-17
      10780.0  6.67944e-17
      10800.0  6.63688e-17
      10820.0  6.59465e-17
      10840.0  6.55275e-17
      10860.0  6.51118e-17
      10880.0  6.46994e-17
      10900.0  6.42902e-17
      10920.0  6.38842e-17
      10940.0  6.34813e-17
      10960.0  6.30817e-17
      10980.0  6.26851e-17
      11000.0  6.22916e-17
      11020.0  6.19011e-17
      11040.0  6.15137e-17
      11060.0  6.11293e-17
      11080.0  6.07478e-17
      11100.0  6.03693e-17
      11120.0  5.99937e-17
      11140.0  5.96210e-17
      11160.0  5.92512e-17
      11180.0  5.88842e-17
      11200.0  5.85200e-17
      11220.0  5.81586e-17
      11240.0  5.77999e-17
      11260.0  5.74440e-17
      11280.0  5.70908e-17
      11300.0  5.67403e-17
      11320.0  5.63925e-17
      11340.0  5.60473e-17
      11360.0  5.57047e-17
      11380.0  5.53646e-17
      11400.0  5.50272e-17
      11420.0  5.46923e-17
      11440.0  5.43599e-17
      11460.0  5.40301e-17
      11480.0  5.37027e-17
      11500.0  5.33777e-17
      11520.0  5.30552e-17
      11540.0  5.27351e-17
      11560.0  5.24174e-17
      11580.0  5.21021e-17
      11600.0  5.17891e-17
      11620.0  5.14784e-17
      11640.0  5.11701e-17
      11660.0  5.08640e-17
      11680.0  5.05602e-17
      11700.0  5.02586e-17
      11720.0  4.99593e-17
      11740.0  4.96622e-17
      11760.0  4.93673e-17
      11780.0  4.90745e-17
      11800.0  4.87839e-17
      11820.0  4.84954e-17
      11840.0  4.82090e-17
      11860.0  4.79247e-17
      11880.0  4.76425e-17
      11900.0  4.73624e-17
      11920.0  4.70843e-17
      11940.0  4.68082e-17
      11960.0  4.65341e-17
      11980.0  4.62620e-17
      12000.0  4.59919e-17
      12020.0  4.57237e-17
      12040.0  4.54575e-17
      12060.0  4.51932e-17
      12080.0  4.49308e-17
      12100.0  4.46703e-17
      12120.0  4.44116e-17
      12140.0  4.41548e-17
      12160.0  4.38999e-17
      12180.0  4.36468e-17
      12200.0  4.33954e-17
      12220.0  4.31459e-17
      12240.0  4.28982e-17
      12260.0  4.26522e-17
      12280.0  4.24079e-17
      12300.0  4.21654e-17
      12320.0  4.19247e-17
      12340.0  4.16856e-17
      12360.0  4.14482e-17
      12380.0  4.12125e-17
      12400.0  4.09784e-17
      12420.0  4.07460e-17
      12440.0  4.05152e-17
      12460.0  4.02861e-17
      12480.0  4.00585e-17
      12500.0  3.98326e-17
      12520.0  3.96082e-17
      12540.0  3.93854e-17
      12560.0  3.91641e-17
      12580.0  3.89444e-17
      12600.0  3.87262e-17
      12620.0  3.85095e-17
      12640.0  3.82944e-17
      12660.0  3.80807e-17
      12680.0  3.78685e-17
      12700.0  3.76578e-17
      12720.0  3.74485e-17
      12740.0  3.72407e-17
      12760.0  3.70343e-17
      12780.0  3.68293e-17
      12800.0  3.66257e-17
      12820.0  3.64235e-17
      12840.0  3.62227e-17
      12860.0  3.60233e-17
      12880.0  3.58252e-17
      12900.0  3.56285e-17
      12920.0  3.54331e-17
      12940.0  3.52391e-17
      12960.0  3.50463e-17
      12980.0  3.48549e-17
      13000.0  3.46648e-17
      13020.0  3.44759e-17
      13040.0  3.42884e-17
      13060.0  3.41021e-17
      13080.0  3.39170e-17
      13100.0  3.37333e-17
      13120.0  3.35507e-17
      13140.0  3.33694e-17
      13160.0  3.31892e-17
      13180.0  3.30103e-17
      13200.0  3.28326e-17
      13220.0  3.26561e-17
      13240.0  3.24807e-17
      13260.0  3.23065e-17
      13280.0  3.21335e-17
      13300.0  3.19616e-17
      13320.0  3.17909e-17
      13340.0  3.16213e-17
      13360.0  3.14528e-17
      13380.0  3.12855e-17
      13400.0  3.11192e-17
      13420.0  3.09540e-17
      13440.0  3.07900e-17
      13460.0  3.06270e-17
      13480.0  3.04651e-17
      13500.0  3.03042e-17
      13520.0  3.01444e-17
      13540.0  2.99856e-17
      13560.0  2.98279e-17
      13580.0  2.96712e-17
      13600.0  2.95155e-17
      13620.0  2.93609e-17
      13640.0  2.92072e-17
      13660.0  2.90546e-17
      13680.0  2.89029e-17
      13700.0  2.87522e-17
      13720.0  2.86025e-17
      13740.0  2.84538e-17
      13760.0  2.83060e-17
      13780.0  2.81592e-17
      13800.0  2.80133e-17
      13820.0  2.78683e-17
      13840.0  2.77243e-17
      13860.0  2.75812e-17
      13880.0  2.74391e-17
      13900.0  2.72978e-17
      13920.0  2.71574e-17
      13940.0  2.70180e-17
      13960.0  2.68794e-17
      13980.0  2.67417e-17
      14000.0  2.66049e-17
      14020.0  2.64690e-17
      14040.0  2.63339e-17
      14060.0  2.61997e-17
      14080.0  2.60663e-17
      14100.0  2.59337e-17
      14120.0  2.58020e-17
      14140.0  2.56712e-17
      14160.0  2.55411e-17
      14180.0  2.54119e-17
      14200.0  2.52835e-17
      14220.0  2.51559e-17
      14240.0  2.50291e-17
      14260.0  2.49031e-17
      14280.0  2.47779e-17
      14300.0  2.46534e-17
      14320.0  2.45298e-17
      14340.0  2.44069e-17
      14360.0  2.42847e-17
      14380.0  2.41634e-17
      14400.0  2.40427e-17
      14420.0  2.39229e-17
      14440.0  2.38037e-17
      14460.0  2.36854e-17
      14480.0  2.35677e-17
      14500.0  2.34508e-17
      14520.0  2.33346e-17
      14540.0  2.32191e-17
      14560.0  2.31043e-17
      14580.0  2.29902e-17
      14600.0  2.28768e-17
      14620.0  2.27641e-17
      14640.0  2.26521e-17
      14660.0  2.25408e-17
      14680.0  2.24302e-17
      14700.0  2.23202e-17
      14720.0  2.22109e-17
      14740.0  2.21023e-17
      14760.0  2.19943e-17
      14780.0  2.18870e-17
      14800.0  2.17804e-17
      14820.0  2.16744e-17
      14840.0  2.15690e-17
      14860.0  2.14643e-17
      14880.0  2.13602e-17
      14900.0  2.12567e-17
      14920.0  2.11538e-17
      14940.0  2.10516e-17
      14960.0  2.09500e-17
      14980.0  2.08490e-17
      15000.0  2.07486e-17
      15020.0  2.06488e-17
      15040.0  2.05496e-17
      15060.0  2.04510e-17
      15080.0  2.03529e-17
      15100.0  2.02555e-17
      15120.0  2.01586e-17
      15140.0  2.00623e-17
      15160.0  1.99666e-17
      15180.0  1.98715e-17
      15200.0  1.97769e-17
      15220.0  1.96829e-17
      15240.0  1.95894e-17
      15260.0  1.94965e-17
      15280.0  1.94041e-17
      15300.0  1.93123e-17
      15320.0  1.92210e-17
      15340.0  1.91303e-17
      15360.0  1.90400e-17
      15380.0  1.89504e-17
      15400.0  1.88612e-17
      15420.0  1.87726e-17
      15440.0  1.86844e-17
      15460.0  1.85968e-17
      15480.0  1.85097e-17
      15500.0  1.84231e-17
      15520.0  1.83371e-17
      15540.0  1.82515e-17
      15560.0  1.81664e-17
      15580.0  1.80818e-17
      15600.0  1.79977e-17
      15620.0  1.79141e-17
      15640.0  1.78309e-17
      15660.0  1.77483e-17
      15680.0  1.76661e-17
      15700.0  1.75844e-17
      15720.0  1.75031e-17
      15740.0  1.74224e-17
      15760.0  1.73421e-17
      15780.0  1.72622e-17
      15800.0  1.71828e-17
      15820.0  1.71039e-17
      15840.0  1.70254e-17
      15860.0  1.69474e-17
      15880.0  1.68698e-17
      15900.0  1.67926e-17
      15920.0  1.67159e-17
      15940.0  1.66396e-17
      15960.0  1.65638e-17
      15980.0  1.64884e-17
      16000.0  1.64134e-17
      16020.0  1.63388e-17
      16040.0  1.62647e-17
      16060.0  1.61910e-17
      16080.0  1.61177e-17
      16100.0  1.60448e-17
      16120.0  1.59723e-17
      16140.0  1.59002e-17
      16160.0  1.58285e-17
      16180.0  1.57573e-17
      16200.0  1.56864e-17
      16220.0  1.56159e-17
      16240.0  1.55458e-17
      16260.0  1.54762e-17
      16280.0  1.54069e-17
      16300.0  1.53379e-17
      16320.0  1.52694e-17
      16340.0  1.52013e-17
      16360.0  1.51335e-17
      16380.0  1.50661e-17
      16400.0  1.49991e-17
      16420.0  1.49324e-17
      16440.0  1.48661e-17
      16460.0  1.48002e-17
      16480.0  1.47347e-17
      16500.0  1.46695e-17
      16520.0  1.46046e-17
      16540.0  1.45402e-17
      16560.0  1.44760e-17
      16580.0  1.44123e-17
      16600.0  1.43488e-17
      16620.0  1.42858e-17
      16640.0  1.42230e-17
      16660.0  1.41606e-17
      16680.0  1.40986e-17
      16700.0  1.40369e-17
      16720.0  1.39755e-17
      16740.0  1.39145e-17
      16760.0  1.38538e-17
      16780.0  1.37934e-17
      16800.0  1.37333e-17
      16820.0  1.36736e-17
      16840.0  1.36142e-17
      16860.0  1.35551e-17
      16880.0  1.34964e-17
      16900.0  1.34379e-17
      16920.0  1.33798e-17
      16940.0  1.33220e-17
      16960.0  1.32645e-17
      16980.0  1.32073e-17
      17000.0  1.31504e-17
      17020.0  1.30938e-17
      17040.0  1.30375e-17
      17060.0  1.29816e-17
      17080.0  1.29259e-17
      17100.0  1.28705e-17
      17120.0  1.28154e-17
      17140.0  1.27606e-17
      17160.0  1.27061e-17
      17180.0  1.26519e-17
      17200.0  1.25980e-17
      17220.0  1.25443e-17
      17240.0  1.24910e-17
      17260.0  1.24379e-17
      17280.0  1.23851e-17
      17300.0  1.23326e-17
      17320.0  1.22803e-17
      17340.0  1.22284e-17
      17360.0  1.21767e-17
      17380.0  1.21253e-17
      17400.0  1.20741e-17
      17420.0  1.20233e-17
      17440.0  1.19726e-17
      17460.0  1.19223e-17
      17480.0  1.18722e-17
      17500.0  1.18224e-17
      17520.0  1.17728e-17
      17540.0  1.17235e-17
      17560.0  1.16745e-17
      17580.0  1.16257e-17
      17600.0  1.15772e-17
      17620.0  1.15289e-17
      17640.0  1.14809e-17
      17660.0  1.14331e-17
      17680.0  1.13855e-17
      17700.0  1.13382e-17
      17720.0  1.12912e-17
      17740.0  1.12444e-17
      17760.0  1.11978e-17
      17780.0  1.11515e-17
      17800.0  1.11054e-17
      17820.0  1.10596e-17
      17840.0  1.10140e-17
      17860.0  1.09686e-17
      17880.0  1.09235e-17
      17900.0  1.08786e-17
      17920.0  1.08339e-17
      17940.0  1.07894e-17
      17960.0  1.07452e-17
      17980.0  1.07012e-17
      18000.0  1.06574e-17
      18020.0  1.06139e-17
      18040.0  1.05705e-17
      18060.0  1.05274e-17
      18080.0  1.04845e-17
      18100.0  1.04419e-17
      18120.0  1.03994e-17
      18140.0  1.03572e-17
      18160.0  1.03151e-17
      18180.0  1.02733e-17
      18200.0  1.02317e-17
      18220.0  1.01903e-17
      18240.0  1.01491e-17
      18260.0  1.01081e-17
      18280.0  1.00674e-17
      18300.0  1.00268e-17
      18320.0  9.98643e-18
      18340.0  9.94626e-18
      18360.0  9.90630e-18
      18380.0  9.86654e-18
      18400.0  9.82697e-18
      18420.0  9.78761e-18
      18440.0  9.74844e-18
      18460.0  9.70946e-18
      18480.0  9.67068e-18
      18500.0  9.63209e-18
      18520.0  9.59370e-18
      18540.0  9.55549e-18
      18560.0  9.51748e-18
      18580.0  9.47965e-18
      18600.0  9.44201e-18
      18620.0  9.40455e-18
      18640.0  9.36728e-18
      18660.0  9.33020e-18
      18680.0  9.29329e-18
      18700.0  9.25657e-18
      18720.0  9.22003e-18
      18740.0  9.18367e-18
      18760.0  9.14749e-18
      18780.0  9.11149e-18
      18800.0  9.07566e-18
      18820.0  9.04001e-18
      18840.0  9.00453e-18
      18860.0  8.96922e-18
      18880.0  8.93409e-18
      18900.0  8.89913e-18
      18920.0  8.86434e-18
      18940.0  8.82972e-18
      18960.0  8.79527e-18
      18980.0  8.76098e-18
      19000.0  8.72686e-18
      19020.0  8.69291e-18
      19040.0  8.65912e-18
      19060.0  8.62549e-18
      19080.0  8.59203e-18
      19100.0  8.55873e-18
      19120.0  8.52559e-18
      19140.0  8.49261e-18
      19160.0  8.45979e-18
      19180.0  8.42712e-18
      19200.0  8.39462e-18
      19220.0  8.36227e-18
      19240.0  8.33007e-18
      19260.0  8.29803e-18
      19280.0  8.26614e-18
      19300.0  8.23441e-18
      19320.0  8.20283e-18
      19340.0  8.17140e-18
      19360.0  8.14011e-18
      19380.0  8.10898e-18
      19400.0  8.07800e-18
      19420.0  8.04716e-18
      19440.0  8.01647e-18
      19460.0  7.98593e-18
      19480.0  7.95553e-18
      19500.0  7.92527e-18
      19520.0  7.89516e-18
      19540.0  7.86519e-18
      19560.0  7.83536e-18
      19580.0  7.80567e-18
      19600.0  7.77613e-18
      19620.0  7.74672e-18
      19640.0  7.71745e-18
      19660.0  7.68832e-18
      19680.0  7.65933e-18
      19700.0  7.63047e-18
      19720.0  7.60175e-18
      19740.0  7.57316e-18
      19760.0  7.54471e-18
      19780.0  7.51638e-18
      19800.0  7.48820e-18
      19820.0  7.46014e-18
      19840.0  7.43221e-18
      19860.0  7.40442e-18
      19880.0  7.37675e-18
      19900.0  7.34922e-18
      19920.0  7.32181e-18
      19940.0  7.29453e-18
      19960.0  7.26737e-18
      19980.0  7.24034e-18
      20000.0  7.21344e-18
      20020.0  7.18666e-18
      20040.0  7.16000e-18
      20060.0  7.13347e-18
      20080.0  7.10706e-18
      20100.0  7.08077e-18
      20120.0  7.05461e-18
      20140.0  7.02856e-18
      20160.0  7.00263e-18
      20180.0  6.97683e-18
      20200.0  6.95114e-18
      20220.0  6.92557e-18
      20240.0  6.90011e-18
      20260.0  6.87478e-18
      20280.0  6.84956e-18
      20300.0  6.82445e-18
      20320.0  6.79946e-18
      20340.0  6.77458e-18
      20360.0  6.74982e-18
      20380.0  6.72517e-18
      20400.0  6.70063e-18
      20420.0  6.67620e-18
      20440.0  6.65188e-18
      20460.0  6.62768e-18
      20480.0  6.60358e-18
      20500.0  6.57959e-18
      20520.0  6.55572e-18
      20540.0  6.53195e-18
      20560.0  6.50828e-18
      20580.0  6.48473e-18
      20600.0  6.46128e-18
      20620.0  6.43793e-18
      20640.0  6.41469e-18
      20660.0  6.39156e-18
      20680.0  6.36853e-18
      20700.0  6.34560e-18
      20720.0  6.32277e-18
      20740.0  6.30005e-18
      20760.0  6.27743e-18
      20780.0  6.25491e-18
      20800.0  6.23249e-18
      20820.0  6.21018e-18
      20840.0  6.18796e-18
      20860.0  6.16584e-18
      20880.0  6.14382e-18
      20900.0  6.12189e-18
      20920.0  6.10007e-18
      20940.0  6.07834e-18
      20960.0  6.05671e-18
      20980.0  6.03517e-18
      21000.0  6.01373e-18
      21020.0  5.99238e-18
      21040.0  5.97113e-18
      21060.0  5.94997e-18
      21080.0  5.92891e-18
      21100.0  5.90794e-18
      21120.0  5.88706e-18
      21140.0  5.86627e-18
      21160.0  5.84558e-18
      21180.0  5.82497e-18
      21200.0  5.80446e-18
      21220.0  5.78403e-18
      21240.0  5.76370e-18
      21260.0  5.74345e-18
      21280.0  5.72330e-18
      21300.0  5.70323e-18
      21320.0  5.68325e-18
      21340.0  5.66336e-18
      21360.0  5.64355e-18
      21380.0  5.62383e-18
      21400.0  5.60419e-18
      21420.0  5.58465e-18
      21440.0  5.56518e-18
      21460.0  5.54580e-18
      21480.0  5.52651e-18
      21500.0  5.50729e-18
      21520.0  5.48817e-18
      21540.0  5.46912e-18
      21560.0  5.45016e-18
      21580.0  5.43128e-18
      21600.0  5.41248e-18
      21620.0  5.39376e-18
      21640.0  5.37512e-18
      21660.0  5.35656e-18
      21680.0  5.33808e-18
      21700.0  5.31969e-18
      21720.0  5.30137e-18
      21740.0  5.28313e-18
      21760.0  5.26496e-18
      21780.0  5.24688e-18
      21800.0  5.22887e-18
      21820.0  5.21094e-18
      21840.0  5.19309e-18
      21860.0  5.17531e-18
      21880.0  5.15761e-18
      21900.0  5.13998e-18
      21920.0  5.12243e-18
      21940.0  5.10496e-18
      21960.0  5.08755e-18
      21980.0  5.07023e-18
      22000.0  5.05297e-18
      22020.0  5.03579e-18
      22040.0  5.01868e-18
      22060.0  5.00165e-18
      22080.0  4.98468e-18
      22100.0  4.96779e-18
      22120.0  4.95097e-18
      22140.0  4.93422e-18
      22160.0  4.91754e-18
      22180.0  4.90093e-18
      22200.0  4.88439e-18
      22220.0  4.86792e-18
      22240.0  4.85152e-18
      22260.0  4.83519e-18
      22280.0  4.81893e-18
      22300.0  4.80274e-18
      22320.0  4.78661e-18
      22340.0  4.77055e-18
      22360.0  4.75456e-18
      22380.0  4.73863e-18
      22400.0  4.72277e-18
      22420.0  4.70698e-18
      22440.0  4.69126e-18
      22460.0  4.67559e-18
      22480.0  4.66000e-18
      22500.0  4.64447e-18
      22520.0  4.62900e-18
      22540.0  4.61360e-18
      22560.0  4.59826e-18
      22580.0  4.58298e-18
      22600.0  4.56777e-18
      22620.0  4.55262e-18
      22640.0  4.53754e-18
      22660.0  4.52251e-18
      22680.0  4.50755e-18
      22700.0  4.49265e-18
      22720.0  4.47781e-18
      22740.0  4.46304e-18
      22760.0  4.44832e-18
      22780.0  4.43366e-18
      22800.0  4.41907e-18
      22820.0  4.40453e-18
      22840.0  4.39006e-18
      22860.0  4.37564e-18
      22880.0  4.36128e-18
      22900.0  4.34698e-18
      22920.0  4.33274e-18
      22940.0  4.31856e-18
      22960.0  4.30443e-18
      22980.0  4.29036e-18
      23000.0  4.27636e-18
      23020.0  4.26240e-18
      23040.0  4.24851e-18
      23060.0  4.23467e-18
      23080.0  4.22088e-18
      23100.0  4.20716e-18
      23120.0  4.19348e-18
      23140.0  4.17987e-18
      23160.0  4.16631e-18
      23180.0  4.15280e-18
      23200.0  4.13935e-18
      23220.0  4.12595e-18
      23240.0  4.11261e-18
      23260.0  4.09932e-18
      23280.0  4.08608e-18
      23300.0  4.07290e-18
      23320.0  4.05977e-18
      23340.0  4.04669e-18
      23360.0  4.03367e-18
      23380.0  4.02069e-18
      23400.0  4.00777e-18
      23420.0  3.99491e-18
      23440.0  3.98209e-18
      23460.0  3.96932e-18
      23480.0  3.95661e-18
      23500.0  3.94395e-18
      23520.0  3.93133e-18
      23540.0  3.91877e-18
      23560.0  3.90626e-18
      23580.0  3.89379e-18
      23600.0  3.88138e-18
      23620.0  3.86901e-18
      23640.0  3.85670e-18
      23660.0  3.84443e-18
      23680.0  3.83222e-18
      23700.0  3.82005e-18
      23720.0  3.80793e-18
      23740.0  3.79585e-18
      23760.0  3.78383e-18
      23780.0  3.77185e-18
      23800.0  3.75992e-18
      23820.0  3.74804e-18
      23840.0  3.73620e-18
      23860.0  3.72441e-18
      23880.0  3.71267e-18
      23900.0  3.70097e-18
      23920.0  3.68932e-18
      23940.0  3.67771e-18
      23960.0  3.66615e-18
      23980.0  3.65464e-18
      24000.0  3.64317e-18
      24020.0  3.63174e-18
      24040.0  3.62036e-18
      24060.0  3.60903e-18
      24080.0  3.59773e-18
      24100.0  3.58649e-18
      24120.0  3.57528e-18
      24140.0  3.56412e-18
      24160.0  3.55301e-18
      24180.0  3.54193e-18
      24200.0  3.53090e-18
      24220.0  3.51992e-18
      24240.0  3.50897e-18
      24260.0  3.49807e-18
      24280.0  3.48721e-18
      24300.0  3.47639e-18
      24320.0  3.46562e-18
      24340.0  3.45488e-18
      24360.0  3.44419e-18
      24380.0  3.43354e-18
      24400.0  3.42293e-18
      24420.0  3.41236e-18
      24440.0  3.40183e-18
      24460.0  3.39134e-18
      24480.0  3.38089e-18
      24500.0  3.37048e-18
      24520.0  3.36011e-18
      24540.0  3.34979e-18
      24560.0  3.33950e-18
      24580.0  3.32925e-18
      24600.0  3.31904e-18
      24620.0  3.30887e-18
      24640.0  3.29873e-18
      24660.0  3.28864e-18
      24680.0  3.27859e-18
      24700.0  3.26857e-18
      24720.0  3.25859e-18
      24740.0  3.24865e-18
      24760.0  3.23875e-18
      24780.0  3.22888e-18
      24800.0  3.21906e-18
      24820.0  3.20926e-18
      24840.0  3.19951e-18
      24860.0  3.18980e-18
      24880.0  3.18012e-18
      24900.0  3.17047e-18
      24920.0  3.16087e-18
      24940.0  3.15130e-18
      24960.0  3.14176e-18
      24980.0  3.13227e-18
      25000.0  3.12280e-18
      25020.0  3.11338e-18
      25040.0  3.10399e-18
      25060.0  3.09463e-18
      25080.0  3.08531e-18
      25100.0  3.07603e-18
      25120.0  3.06678e-18
      25140.0  3.05756e-18
      25160.0  3.04838e-18
      25180.0  3.03923e-18
      25200.0  3.03012e-18
      25220.0  3.02104e-18
      25240.0  3.01200e-18
      25260.0  3.00298e-18
      25280.0  2.99401e-18
      25300.0  2.98506e-18
      25320.0  2.97615e-18
      25340.0  2.96728e-18
      25360.0  2.95843e-18
      25380.0  2.94962e-18
      25400.0  2.94084e-18
      25420.0  2.93210e-18
      25440.0  2.92338e-18
      25460.0  2.91470e-18
      25480.0  2.90605e-18
      25500.0  2.89744e-18
      25520.0  2.88885e-18
      25540.0  2.88030e-18
      25560.0  2.87177e-18
      25580.0  2.86328e-18
      25600.0  2.85483e-18
      25620.0  2.84640e-18
      25640.0  2.83800e-18
      25660.0  2.82963e-18
      25680.0  2.82130e-18
      25700.0  2.81299e-18
      25720.0  2.80472e-18
      25740.0  2.79648e-18
      25760.0  2.78826e-18
      25780.0  2.78008e-18
      25800.0  2.77193e-18
      25820.0  2.76380e-18
      25840.0  2.75571e-18
      25860.0  2.74764e-18
      25880.0  2.73961e-18
      25900.0  2.73160e-18
      25920.0  2.72363e-18
      25940.0  2.71568e-18
      25960.0  2.70776e-18
      25980.0  2.69987e-18
      26000.0  2.69201e-18
      26020.0  2.68418e-18
      26040.0  2.67637e-18
      26060.0  2.66860e-18
      26080.0  2.66085e-18
      26100.0  2.65313e-18
      26120.0  2.64544e-18
      26140.0  2.63778e-18
      26160.0  2.63014e-18
      26180.0  2.62253e-18
      26200.0  2.61495e-18
      26220.0  2.60740e-18
      26240.0  2.59987e-18
      26260.0  2.59237e-18
      26280.0  2.58490e-18
      26300.0  2.57745e-18
      26320.0  2.57003e-18
      26340.0  2.56264e-18
      26360.0  2.55528e-18
      26380.0  2.54794e-18
      26400.0  2.54062e-18
      26420.0  2.53334e-18
      26440.0  2.52608e-18
      26460.0  2.51884e-18
      26480.0  2.51163e-18
      26500.0  2.50445e-18
      26520.0  2.49729e-18
      26540.0  2.49016e-18
      26560.0  2.48305e-18
      26580.0  2.47597e-18
      26600.0  2.46892e-18
      26620.0  2.46189e-18
      26640.0  2.45488e-18
      26660.0  2.44790e-18
      26680.0  2.44094e-18
      26700.0  2.43401e-18
      26720.0  2.42710e-18
      26740.0  2.42022e-18
      26760.0  2.41336e-18
      26780.0  2.40653e-18
      26800.0  2.39972e-18
      26820.0  2.39293e-18
      26840.0  2.38617e-18
      26860.0  2.37943e-18
      26880.0  2.37272e-18
      26900.0  2.36603e-18
      26920.0  2.35936e-18
      26940.0  2.35272e-18
      26960.0  2.34610e-18
      26980.0  2.33950e-18
      27000.0  2.33292e-18
      27020.0  2.32637e-18
      27040.0  2.31985e-18
      27060.0  2.31334e-18
      27080.0  2.30686e-18
      27100.0  2.30040e-18
      27120.0  2.29396e-18
      27140.0  2.28755e-18
      27160.0  2.28115e-18
      27180.0  2.27478e-18
      27200.0  2.26844e-18
      27220.0  2.26211e-18
      27240.0  2.25581e-18
      27260.0  2.24952e-18
      27280.0  2.24326e-18
      27300.0  2.23703e-18
      27320.0  2.23081e-18
      27340.0  2.22461e-18
      27360.0  2.21844e-18
      27380.0  2.21229e-18
      27400.0  2.20616e-18
      27420.0  2.20005e-18
      27440.0  2.19396e-18
      27460.0  2.18789e-18
      27480.0  2.18184e-18
      27500.0  2.17582e-18
      27520.0  2.16981e-18
      27540.0  2.16383e-18
      27560.0  2.15787e-18
      27580.0  2.15192e-18
      27600.0  2.14600e-18
      27620.0  2.14010e-18
      27640.0  2.13421e-18
      27660.0  2.12835e-18
      27680.0  2.12251e-18
      27700.0  2.11669e-18
      27720.0  2.11089e-18
      27740.0  2.10510e-18
      27760.0  2.09934e-18
      27780.0  2.09360e-18
      27800.0  2.08788e-18
      27820.0  2.08217e-18
      27840.0  2.07649e-18
      27860.0  2.07082e-18
      27880.0  2.06518e-18
      27900.0  2.05955e-18
      27920.0  2.05394e-18
      27940.0  2.04836e-18
      27960.0  2.04279e-18
      27980.0  2.03724e-18
      28000.0  2.03170e-18
      28020.0  2.02619e-18
      28040.0  2.02070e-18
      28060.0  2.01522e-18
      28080.0  2.00977e-18
      28100.0  2.00433e-18
      28120.0  1.99891e-18
      28140.0  1.99350e-18
      28160.0  1.98812e-18
      28180.0  1.98276e-18
      28200.0  1.97741e-18
      28220.0  1.97208e-18
      28240.0  1.96677e-18
      28260.0  1.96147e-18
      28280.0  1.95620e-18
      28300.0  1.95094e-18
      28320.0  1.94570e-18
      28340.0  1.94047e-18
      28360.0  1.93527e-18
      28380.0  1.93008e-18
      28400.0  1.92491e-18
      28420.0  1.91976e-18
      28440.0  1.91462e-18
      28460.0  1.90950e-18
      28480.0  1.90440e-18
      28500.0  1.89931e-18
      28520.0  1.89425e-18
      28540.0  1.88920e-18
      28560.0  1.88416e-18
      28580.0  1.87914e-18
      28600.0  1.87414e-18
      28620.0  1.86916e-18
      28640.0  1.86419e-18
      28660.0  1.85924e-18
      28680.0  1.85430e-18
      28700.0  1.84938e-18
      28720.0  1.84448e-18
      28740.0  1.83960e-18
      28760.0  1.83473e-18
      28780.0  1.82987e-18
      28800.0  1.82503e-18
      28820.0  1.82021e-18
      28840.0  1.81541e-18
      28860.0  1.81062e-18
      28880.0  1.80584e-18
      28900.0  1.80108e-18
      28920.0  1.79634e-18
      28940.0  1.79161e-18
      28960.0  1.78690e-18
      28980.0  1.78220e-18
      29000.0  1.77752e-18
      29020.0  1.77286e-18
      29040.0  1.76821e-18
      29060.0  1.76357e-18
      29080.0  1.75895e-18
      29100.0  1.75435e-18
      29120.0  1.74976e-18
      29140.0  1.74518e-18
      29160.0  1.74062e-18
      29180.0  1.73608e-18
      29200.0  1.73155e-18
      29220.0  1.72703e-18
      29240.0  1.72253e-18
      29260.0  1.71804e-18
      29280.0  1.71357e-18
      29300.0  1.70912e-18
      29320.0  1.70467e-18
      29340.0  1.70024e-18
      29360.0  1.69583e-18
      29380.0  1.69143e-18
      29400.0  1.68705e-18
      29420.0  1.68267e-18
      29440.0  1.67832e-18
      29460.0  1.67397e-18
      29480.0  1.66965e-18
      29500.0  1.66533e-18
      29520.0  1.66103e-18
      29540.0  1.65674e-18
      29560.0  1.65247e-18
      29580.0  1.64821e-18
      29600.0  1.64396e-18
      29620.0  1.63973e-18
      29640.0  1.63551e-18
      29660.0  1.63131e-18
      29680.0  1.62712e-18
      29700.0  1.62294e-18
      29720.0  1.61877e-18
      29740.0  1.61462e-18
      29760.0  1.61048e-18
      29780.0  1.60636e-18
      29800.0  1.60225e-18
      29820.0  1.59815e-18
      29840.0  1.59406e-18
      29860.0  1.58999e-18
      29880.0  1.58593e-18
      29900.0  1.58188e-18
      29920.0  1.57785e-18
      29940.0  1.57383e-18
      29960.0  1.56982e-18
      29980.0  1.56583e-18
      30000.0  1.56184e-18
      30020.0  1.55787e-18
      30040.0  1.55392e-18
      30060.0  1.54997e-18
      30080.0  1.54604e-18
      30100.0  1.54212e-18
      30120.0  1.53821e-18
      30140.0  1.53432e-18
      30160.0  1.53043e-18
      30180.0  1.52656e-18
      30200.0  1.52270e-18
      30220.0  1.51886e-18
      30240.0  1.51502e-18
      30260.0  1.51120e-18
      30280.0  1.50739e-18
      30300.0  1.50359e-18
      30320.0  1.49981e-18
      30340.0  1.49603e-18
      30360.0  1.49227e-18
      30380.0  1.48852e-18
      30400.0  1.48478e-18
      30420.0  1.48106e-18
      30440.0  1.47734e-18
      30460.0  1.47364e-18
      30480.0  1.46994e-18
      30500.0  1.46626e-18
      30520.0  1.46259e-18
      30540.0  1.45894e-18
      30560.0  1.45529e-18
      30580.0  1.45166e-18
      30600.0  1.44803e-18
      30620.0  1.44442e-18
      30640.0  1.44082e-18
      30660.0  1.43723e-18
      30680.0  1.43365e-18
      30700.0  1.43008e-18
      30720.0  1.42653e-18
      30740.0  1.42298e-18
      30760.0  1.41945e-18
      30780.0  1.41592e-18
      30800.0  1.41241e-18
      30820.0  1.40891e-18
      30840.0  1.40542e-18
      30860.0  1.40194e-18
      30880.0  1.39847e-18
      30900.0  1.39501e-18
      30920.0  1.39156e-18
      30940.0  1.38813e-18
      30960.0  1.38470e-18
      30980.0  1.38128e-18
      31000.0  1.37788e-18
      31020.0  1.37448e-18
      31040.0  1.37110e-18
      31060.0  1.36773e-18
      31080.0  1.36436e-18
      31100.0  1.36101e-18
      31120.0  1.35766e-18
      31140.0  1.35433e-18
      31160.0  1.35101e-18
      31180.0  1.34770e-18
      31200.0  1.34439e-18
      31220.0  1.34110e-18
      31240.0  1.33782e-18
      31260.0  1.33455e-18
      31280.0  1.33129e-18
      31300.0  1.32803e-18
      31320.0  1.32479e-18
      31340.0  1.32156e-18
      31360.0  1.31834e-18
      31380.0  1.31512e-18
      31400.0  1.31192e-18
      31420.0  1.30873e-18
      31440.0  1.30554e-18
      31460.0  1.30237e-18
      31480.0  1.29920e-18
      31500.0  1.29605e-18
      31520.0  1.29290e-18
      31540.0  1.28977e-18
      31560.0  1.28664e-18
      31580.0  1.28353e-18
      31600.0  1.28042e-18
      31620.0  1.27732e-18
      31640.0  1.27423e-18
      31660.0  1.27115e-18
      31680.0  1.26808e-18
      31700.0  1.26502e-18
      31720.0  1.26197e-18
      31740.0  1.25893e-18
      31760.0  1.25590e-18
      31780.0  1.25287e-18
      31800.0  1.24986e-18
      31820.0  1.24685e-18
      31840.0  1.24385e-18
      31860.0  1.24087e-18
      31880.0  1.23789e-18
      31900.0  1.23492e-18
      31920.0  1.23196e-18
      31940.0  1.22900e-18
      31960.0  1.22606e-18
      31980.0  1.22313e-18
      32000.0  1.22020e-18
      32020.0  1.21728e-18
      32040.0  1.21437e-18
      32060.0  1.21147e-18
      32080.0  1.20858e-18
      32100.0  1.20570e-18
      32120.0  1.20283e-18
      32140.0  1.19996e-18
      32160.0  1.19711e-18
      32180.0  1.19426e-18
      32200.0  1.19142e-18
      32220.0  1.18859e-18
      32240.0  1.18576e-18
      32260.0  1.18295e-18
      32280.0  1.18014e-18
      32300.0  1.17734e-18
      32320.0  1.17455e-18
      32340.0  1.17177e-18
      32360.0  1.16900e-18
      32380.0  1.16623e-18
      32400.0  1.16348e-18
      32420.0  1.16073e-18
      32440.0  1.15799e-18
      32460.0  1.15526e-18
      32480.0  1.15253e-18
      32500.0  1.14981e-18
      32520.0  1.14711e-18
      32540.0  1.14441e-18
      32560.0  1.14171e-18
      32580.0  1.13903e-18
      32600.0  1.13635e-18
      32620.0  1.13368e-18
      32640.0  1.13102e-18
      32660.0  1.12837e-18
      32680.0  1.12572e-18
      32700.0  1.12308e-18
      32720.0  1.12045e-18
      32740.0  1.11783e-18
      32760.0  1.11522e-18
      32780.0  1.11261e-18
      32800.0  1.11001e-18
      32820.0  1.10742e-18
      32840.0  1.10483e-18
      32860.0  1.10226e-18
      32880.0  1.09969e-18
      32900.0  1.09713e-18
      32920.0  1.09457e-18
      32940.0  1.09202e-18
      32960.0  1.08949e-18
      32980.0  1.08695e-18
      33000.0  1.08443e-18
      33020.0  1.08191e-18
      33040.0  1.07940e-18
      33060.0  1.07690e-18
      33080.0  1.07440e-18
      33100.0  1.07191e-18
      33120.0  1.06943e-18
      33140.0  1.06696e-18
      33160.0  1.06449e-18
      33180.0  1.06203e-18
      33200.0  1.05958e-18
      33220.0  1.05713e-18
      33240.0  1.05469e-18
      33260.0  1.05226e-18
      33280.0  1.04984e-18
      33300.0  1.04742e-18
      33320.0  1.04501e-18
      33340.0  1.04260e-18
      33360.0  1.04021e-18
      33380.0  1.03782e-18
      33400.0  1.03543e-18
      33420.0  1.03306e-18
      33440.0  1.03069e-18
      33460.0  1.02833e-18
      33480.0  1.02597e-18
      33500.0  1.02362e-18
      33520.0  1.02128e-18
      33540.0  1.01894e-18
      33560.0  1.01661e-18
      33580.0  1.01429e-18
      33600.0  1.01197e-18
      33620.0  1.00967e-18
      33640.0  1.00736e-18
      33660.0  1.00507e-18
      33680.0  1.00278e-18
      33700.0  1.00049e-18
      33720.0  9.98217e-19
      33740.0  9.95947e-19
      33760.0  9.93683e-19
      33780.0  9.91426e-19
      33800.0  9.89175e-19
      33820.0  9.86930e-19
      33840.0  9.84692e-19
      33860.0  9.82460e-19
      33880.0  9.80235e-19
      33900.0  9.78016e-19
      33920.0  9.75803e-19
      33940.0  9.73596e-19
      33960.0  9.71396e-19
      33980.0  9.69201e-19
      34000.0  9.67013e-19
      34020.0  9.64831e-19
      34040.0  9.62656e-19
      34060.0  9.60486e-19
      34080.0  9.58322e-19
      34100.0  9.56165e-19
      34120.0  9.54013e-19
      34140.0  9.51868e-19
      34160.0  9.49729e-19
      34180.0  9.47596e-19
      34200.0  9.45468e-19
      34220.0  9.43347e-19
      34240.0  9.41231e-19
      34260.0  9.39122e-19
      34280.0  9.37018e-19
      34300.0  9.34921e-19
      34320.0  9.32829e-19
      34340.0  9.30743e-19
      34360.0  9.28662e-19
      34380.0  9.26588e-19
      34400.0  9.24520e-19
      34420.0  9.22457e-19
      34440.0  9.20400e-19
      34460.0  9.18348e-19
      34480.0  9.16303e-19
      34500.0  9.14263e-19
      34520.0  9.12228e-19
      34540.0  9.10200e-19
      34560.0  9.08177e-19
      34580.0  9.06159e-19
      34600.0  9.04147e-19
      34620.0  9.02141e-19
      34640.0  9.00140e-19
      34660.0  8.98145e-19
      34680.0  8.96156e-19
      34700.0  8.94172e-19
      34720.0  8.92193e-19
      34740.0  8.90220e-19
      34760.0  8.88252e-19
      34780.0  8.86290e-19
      34800.0  8.84333e-19
      34820.0  8.82381e-19
      34840.0  8.80435e-19
      34860.0  8.78495e-19
      34880.0  8.76559e-19
      34900.0  8.74629e-19
      34920.0  8.72704e-19
      34940.0  8.70785e-19
      34960.0  8.68871e-19
      34980.0  8.66962e-19
      35000.0  8.65058e-19
      35020.0  8.63159e-19
      35040.0  8.61266e-19
      35060.0  8.59378e-19
      35080.0  8.57495e-19
      35100.0  8.55617e-19
      35120.0  8.53745e-19
      35140.0  8.51877e-19
      35160.0  8.50015e-19
      35180.0  8.48157e-19
      35200.0  8.46305e-19
      35220.0  8.44458e-19
      35240.0  8.42615e-19
      35260.0  8.40778e-19
      35280.0  8.38946e-19
      35300.0  8.37119e-19
      35320.0  8.35296e-19
      35340.0  8.33479e-19
      35360.0  8.31667e-19
      35380.0  8.29859e-19
      35400.0  8.28057e-19
      35420.0  8.26259e-19
      35440.0  8.24466e-19
      35460.0  8.22679e-19
      35480.0  8.20895e-19
      35500.0  8.19117e-19
      35520.0  8.17344e-19
      35540.0  8.15575e-19
      35560.0  8.13811e-19
      35580.0  8.12052e-19
      35600.0  8.10298e-19
      35620.0  8.08548e-19
      35640.0  8.06803e-19
      35660.0  8.05063e-19
      35680.0  8.03327e-19
      35700.0  8.01597e-19
      35720.0  7.99870e-19
      35740.0  7.98149e-19
      35760.0  7.96432e-19
      35780.0  7.94720e-19
      35800.0  7.93012e-19
      35820.0  7.91309e-19
      35840.0  7.89610e-19
      35860.0  7.87916e-19
      35880.0  7.86227e-19
      35900.0  7.84542e-19
      35920.0  7.82861e-19
      35940.0  7.81185e-19
      35960.0  7.79514e-19
      35980.0  7.77847e-19
      36000.0  7.76184e-19
      36020.0  7.74526e-19
      36040.0  7.72872e-19
      36060.0  7.71223e-19
      36080.0  7.69578e-19
      36100.0  7.67938e-19
      36120.0  7.66301e-19
      36140.0  7.64670e-19
      36160.0  7.63042e-19
      36180.0  7.61419e-19
      36200.0  7.59800e-19
      36220.0  7.58186e-19
      36240.0  7.56575e-19
      36260.0  7.54969e-19
      36280.0  7.53368e-19
      36300.0  7.51770e-19
      36320.0  7.50177e-19
      36340.0  7.48588e-19
      36360.0  7.47003e-19
      36380.0  7.45422e-19
      36400.0  7.43846e-19
      36420.0  7.42274e-19
      36440.0  7.40705e-19
      36460.0  7.39141e-19
      36480.0  7.37582e-19
      36500.0  7.36026e-19
      36520.0  7.34474e-19
      36540.0  7.32926e-19
      36560.0  7.31383e-19
      36580.0  7.29843e-19
      36600.0  7.28308e-19
      36620.0  7.26777e-19
      36640.0  7.25249e-19
      36660.0  7.23726e-19
      36680.0  7.22206e-19
      36700.0  7.20691e-19
      36720.0  7.19180e-19
      36740.0  7.17672e-19
      36760.0  7.16169e-19
      36780.0  7.14669e-19
      36800.0  7.13173e-19
      36820.0  7.11682e-19
      36840.0  7.10194e-19
      36860.0  7.08710e-19
      36880.0  7.07230e-19
      36900.0  7.05753e-19
      36920.0  7.04281e-19
      36940.0  7.02812e-19
      36960.0  7.01348e-19
      36980.0  6.99887e-19
      37000.0  6.98430e-19
      37020.0  6.96976e-19
      37040.0  6.95527e-19
      37060.0  6.94081e-19
      37080.0  6.92639e-19
      37100.0  6.91201e-19
      37120.0  6.89766e-19
      37140.0  6.88335e-19
      37160.0  6.86908e-19
      37180.0  6.85485e-19
      37200.0  6.84065e-19
      37220.0  6.82649e-19
      37240.0  6.81236e-19
      37260.0  6.79827e-19
      37280.0  6.78422e-19
      37300.0  6.77021e-19
      37320.0  6.75623e-19
      37340.0  6.74228e-19
      37360.0  6.72838e-19
      37380.0  6.71451e-19
      37400.0  6.70067e-19
      37420.0  6.68687e-19
      37440.0  6.67311e-19
      37460.0  6.65938e-19
      37480.0  6.64568e-19
      37500.0  6.63202e-19
      37520.0  6.61840e-19
      37540.0  6.60481e-19
      37560.0  6.59126e-19
      37580.0  6.57774e-19
      37600.0  6.56425e-19
      37620.0  6.55080e-19
      37640.0  6.53739e-19
      37660.0  6.52401e-19
      37680.0  6.51066e-19
      37700.0  6.49734e-19
      37720.0  6.48407e-19
      37740.0  6.47082e-19
      37760.0  6.45761e-19
      37780.0  6.44443e-19
      37800.0  6.43129e-19
      37820.0  6.41818e-19
      37840.0  6.40510e-19
      37860.0  6.39206e-19
      37880.0  6.37904e-19
      37900.0  6.36607e-19
      37920.0  6.35312e-19
      37940.0  6.34021e-19
      37960.0  6.32733e-19
      37980.0  6.31448e-19
      38000.0  6.30167e-19
      38020.0  6.28889e-19
      38040.0  6.27614e-19
      38060.0  6.26342e-19
      38080.0  6.25074e-19
      38100.0  6.23808e-19
      38120.0  6.22546e-19
      38140.0  6.21288e-19
      38160.0  6.20032e-19
      38180.0  6.18779e-19
      38200.0  6.17530e-19
      38220.0  6.16284e-19
      38240.0  6.15041e-19
      38260.0  6.13801e-19
      38280.0  6.12564e-19
      38300.0  6.11330e-19
      38320.0  6.10100e-19
      38340.0  6.08872e-19
      38360.0  6.07648e-19
      38380.0  6.06426e-19
      38400.0  6.05208e-19
      38420.0  6.03993e-19
      38440.0  6.02780e-19
      38460.0  6.01571e-19
      38480.0  6.00365e-19
      38500.0  5.99162e-19
      38520.0  5.97962e-19
      38540.0  5.96765e-19
      38560.0  5.95571e-19
      38580.0  5.94380e-19
      38600.0  5.93192e-19
      38620.0  5.92006e-19
      38640.0  5.90824e-19
      38660.0  5.89645e-19
      38680.0  5.88469e-19
      38700.0  5.87295e-19
      38720.0  5.86125e-19
      38740.0  5.84957e-19
      38760.0  5.83792e-19
      38780.0  5.82631e-19
      38800.0  5.81472e-19
      38820.0  5.80316e-19
      38840.0  5.79163e-19
      38860.0  5.78012e-19
      38880.0  5.76865e-19
      38900.0  5.75720e-19
      38920.0  5.74579e-19
      38940.0  5.73440e-19
      38960.0  5.72304e-19
      38980.0  5.71170e-19
      39000.0  5.70040e-19
      39020.0  5.68912e-19
      39040.0  5.67787e-19
      39060.0  5.66665e-19
      39080.0  5.65546e-19
      39100.0  5.64429e-19
      39120.0  5.63315e-19
      39140.0  5.62204e-19
      39160.0  5.61096e-19
      39180.0  5.59990e-19
      39200.0  5.58887e-19
      39220.0  5.57787e-19
      39240.0  5.56690e-19
      39260.0  5.55595e-19
      39280.0  5.54503e-19
      39300.0  5.53413e-19
      39320.0  5.52326e-19
      39340.0  5.51242e-19
      39360.0  5.50161e-19
      39380.0  5.49082e-19
      39400.0  5.48006e-19
      39420.0  5.46932e-19
      39440.0  5.45862e-19
      39460.0  5.44793e-19
      39480.0  5.43728e-19
      39500.0  5.42665e-19
      39520.0  5.41604e-19
      39540.0  5.40546e-19
      39560.0  5.39491e-19
      39580.0  5.38438e-19
      39600.0  5.37388e-19
      39620.0  5.36340e-19
      39640.0  5.35295e-19
      39660.0  5.34253e-19
      39680.0  5.33213e-19
      39700.0  5.32176e-19
      39720.0  5.31141e-19
      39740.0  5.30108e-19
      39760.0  5.29078e-19
      39780.0  5.28051e-19
      39800.0  5.27026e-19
      39820.0  5.26004e-19
      39840.0  5.24984e-19
      39860.0  5.23966e-19
      39880.0  5.22951e-19
      39900.0  5.21939e-19
      39920.0  5.20928e-19
      39940.0  5.19921e-19
      39960.0  5.18916e-19
      39980.0  5.17913e-19
      40000.0  5.16912e-19
      40020.0  5.15914e-19
      40040.0  5.14919e-19
      40060.0  5.13926e-19
      40080.0  5.12935e-19
      40100.0  5.11946e-19
      40120.0  5.10960e-19
      40140.0  5.09977e-19
      40160.0  5.08995e-19
      40180.0  5.08016e-19
      40200.0  5.07040e-19
      40220.0  5.06066e-19
      40240.0  5.05094e-19
      40260.0  5.04124e-19
      40280.0  5.03157e-19
      40300.0  5.02192e-19
      40320.0  5.01229e-19
      40340.0  5.00269e-19
      40360.0  4.99311e-19
      40380.0  4.98355e-19
      40400.0  4.97402e-19
      40420.0  4.96451e-19
      40440.0  4.95502e-19
      40460.0  4.94555e-19
      40480.0  4.93611e-19
      40500.0  4.92669e-19
      40520.0  4.91729e-19
      40540.0  4.90791e-19
      40560.0  4.89856e-19
      40580.0  4.88923e-19
      40600.0  4.87992e-19
      40620.0  4.87063e-19
      40640.0  4.86137e-19
      40660.0  4.85212e-19
      40680.0  4.84290e-19
      40700.0  4.83370e-19
      40720.0  4.82453e-19
      40740.0  4.81537e-19
      40760.0  4.80624e-19
      40780.0  4.79712e-19
      40800.0  4.78803e-19
      40820.0  4.77896e-19
      40840.0  4.76991e-19
      40860.0  4.76089e-19
      40880.0  4.75188e-19
      40900.0  4.74290e-19
      40920.0  4.73394e-19
      40940.0  4.72499e-19
      40960.0  4.71607e-19
      40980.0  4.70717e-19
      41000.0  4.69830e-19
      41020.0  4.68944e-19
      41040.0  4.68060e-19
      41060.0  4.67179e-19
      41080.0  4.66299e-19
      41100.0  4.65422e-19
      41120.0  4.64546e-19
      41140.0  4.63673e-19
      41160.0  4.62802e-19
      41180.0  4.61932e-19
      41200.0  4.61065e-19
      41220.0  4.60200e-19
      41240.0  4.59337e-19
      41260.0  4.58476e-19
      41280.0  4.57617e-19
      41300.0  4.56760e-19
      41320.0  4.55904e-19
      41340.0  4.55051e-19
      41360.0  4.54200e-19
      41380.0  4.53351e-19
      41400.0  4.52504e-19
      41420.0  4.51659e-19
      41440.0  4.50816e-19
      41460.0  4.49974e-19
      41480.0  4.49135e-19
      41500.0  4.48298e-19
      41520.0  4.47463e-19
      41540.0  4.46629e-19
      41560.0  4.45798e-19
      41580.0  4.44968e-19
      41600.0  4.44141e-19
      41620.0  4.43315e-19
      41640.0  4.42491e-19
      41660.0  4.41669e-19
      41680.0  4.40849e-19
      41700.0  4.40031e-19
      41720.0  4.39215e-19
      41740.0  4.38401e-19
      41760.0  4.37588e-19
      41780.0  4.36778e-19
      41800.0  4.35969e-19
      41820.0  4.35163e-19
      41840.0  4.34358e-19
      41860.0  4.33555e-19
      41880.0  4.32754e-19
      41900.0  4.31954e-19
      41920.0  4.31157e-19
      41940.0  4.30361e-19
      41960.0  4.29567e-19
      41980.0  4.28775e-19
      42000.0  4.27985e-19
      42020.0  4.27197e-19
      42040.0  4.26410e-19
      42060.0  4.25626e-19
      42080.0  4.24843e-19
      42100.0  4.24062e-19
      42120.0  4.23282e-19
      42140.0  4.22505e-19
      42160.0  4.21729e-19
      42180.0  4.20955e-19
      42200.0  4.20183e-19
      42220.0  4.19412e-19
      42240.0  4.18644e-19
      42260.0  4.17877e-19
      42280.0  4.17112e-19
      42300.0  4.16348e-19
      42320.0  4.15587e-19
      42340.0  4.14827e-19
      42360.0  4.14068e-19
      42380.0  4.13312e-19
      42400.0  4.12557e-19
      42420.0  4.11804e-19
      42440.0  4.11053e-19
      42460.0  4.10303e-19
      42480.0  4.09556e-19
      42500.0  4.08809e-19
      42520.0  4.08065e-19
      42540.0  4.07322e-19
      42560.0  4.06581e-19
      42580.0  4.05842e-19
      42600.0  4.05104e-19
      42620.0  4.04368e-19
      42640.0  4.03634e-19
      42660.0  4.02901e-19
      42680.0  4.02170e-19
      42700.0  4.01440e-19
      42720.0  4.00713e-19
      42740.0  3.99987e-19
      42760.0  3.99262e-19
      42780.0  3.98539e-19
      42800.0  3.97818e-19
      42820.0  3.97099e-19
      42840.0  3.96381e-19
      42860.0  3.95664e-19
      42880.0  3.94950e-19
      42900.0  3.94237e-19
      42920.0  3.93525e-19
      42940.0  3.92815e-19
      42960.0  3.92107e-19
      42980.0  3.91400e-19
      43000.0  3.90695e-19
      43020.0  3.89992e-19
      43040.0  3.89290e-19
      43060.0  3.88589e-19
      43080.0  3.87891e-19
      43100.0  3.87194e-19
      43120.0  3.86498e-19
      43140.0  3.85804e-19
      43160.0  3.85111e-19
      43180.0  3.84420e-19
      43200.0  3.83731e-19
      43220.0  3.83043e-19
      43240.0  3.82357e-19
      43260.0  3.81672e-19
      43280.0  3.80989e-19
      43300.0  3.80307e-19
      43320.0  3.79627e-19
      43340.0  3.78948e-19
      43360.0  3.78271e-19
      43380.0  3.77595e-19
      43400.0  3.76921e-19
      43420.0  3.76249e-19
      43440.0  3.75577e-19
      43460.0  3.74908e-19
      43480.0  3.74240e-19
      43500.0  3.73573e-19
      43520.0  3.72908e-19
      43540.0  3.72244e-19
      43560.0  3.71582e-19
      43580.0  3.70921e-19
      43600.0  3.70262e-19
      43620.0  3.69604e-19
      43640.0  3.68947e-19
      43660.0  3.68293e-19
      43680.0  3.67639e-19
      43700.0  3.66987e-19
      43720.0  3.66336e-19
      43740.0  3.65687e-19
      43760.0  3.65040e-19
      43780.0  3.64393e-19
      43800.0  3.63749e-19
      43820.0  3.63105e-19
      43840.0  3.62463e-19
      43860.0  3.61823e-19
      43880.0  3.61183e-19
      43900.0  3.60546e-19
      43920.0  3.59909e-19
      43940.0  3.59274e-19
      43960.0  3.58641e-19
      43980.0  3.58009e-19
      44000.0  3.57378e-19
      44020.0  3.56749e-19
      44040.0  3.56121e-19
      44060.0  3.55494e-19
      44080.0  3.54869e-19
      44100.0  3.54245e-19
      44120.0  3.53622e-19
      44140.0  3.53001e-19
      44160.0  3.52382e-19
      44180.0  3.51763e-19
      44200.0  3.51146e-19
      44220.0  3.50530e-19
      44240.0  3.49916e-19
      44260.0  3.49303e-19
      44280.0  3.48691e-19
      44300.0  3.48081e-19
      44320.0  3.47472e-19
      44340.0  3.46865e-19
      44360.0  3.46258e-19
      44380.0  3.45653e-19
      44400.0  3.45050e-19
      44420.0  3.44447e-19
      44440.0  3.43846e-19
      44460.0  3.43246e-19
      44480.0  3.42648e-19
      44500.0  3.42051e-19
      44520.0  3.41455e-19
      44540.0  3.40860e-19
      44560.0  3.40267e-19
      44580.0  3.39675e-19
      44600.0  3.39085e-19
      44620.0  3.38495e-19
      44640.0  3.37907e-19
      44660.0  3.37320e-19
      44680.0  3.36735e-19
      44700.0  3.36150e-19
      44720.0  3.35567e-19
      44740.0  3.34986e-19
      44760.0  3.34405e-19
      44780.0  3.33826e-19
      44800.0  3.33248e-19
      44820.0  3.32671e-19
      44840.0  3.32096e-19
      44860.0  3.31521e-19
      44880.0  3.30948e-19
      44900.0  3.30377e-19
      44920.0  3.29806e-19
      44940.0  3.29237e-19
      44960.0  3.28669e-19
      44980.0  3.28102e-19
      45000.0  3.27536e-19
      45020.0  3.26972e-19
      45040.0  3.26409e-19
      45060.0  3.25847e-19
      45080.0  3.25286e-19
      45100.0  3.24726e-19
      45120.0  3.24168e-19
      45140.0  3.23611e-19
      45160.0  3.23055e-19
      45180.0  3.22500e-19
      45200.0  3.21946e-19
      45220.0  3.21394e-19
      45240.0  3.20843e-19
      45260.0  3.20293e-19
      45280.0  3.19744e-19
      45300.0  3.19196e-19
      45320.0  3.18650e-19
      45340.0  3.18104e-19
      45360.0  3.17560e-19
      45380.0  3.17017e-19
      45400.0  3.16475e-19
      45420.0  3.15935e-19
      45440.0  3.15395e-19
      45460.0  3.14857e-19
      45480.0  3.14319e-19
      45500.0  3.13783e-19
      45520.0  3.13248e-19
      45540.0  3.12714e-19
      45560.0  3.12182e-19
      45580.0  3.11650e-19
      45600.0  3.11120e-19
      45620.0  3.10590e-19
      45640.0  3.10062e-19
      45660.0  3.09535e-19
      45680.0  3.09009e-19
      45700.0  3.08484e-19
      45720.0  3.07961e-19
      45740.0  3.07438e-19
      45760.0  3.06917e-19
      45780.0  3.06396e-19
      45800.0  3.05877e-19
      45820.0  3.05359e-19
      45840.0  3.04842e-19
      45860.0  3.04326e-19
      45880.0  3.03811e-19
      45900.0  3.03297e-19
      45920.0  3.02784e-19
      45940.0  3.02273e-19
      45960.0  3.01762e-19
      45980.0  3.01253e-19
      46000.0  3.00744e-19
      46020.0  3.00237e-19
      46040.0  2.99731e-19
      46060.0  2.99225e-19
      46080.0  2.98721e-19
      46100.0  2.98218e-19
      46120.0  2.97716e-19
      46140.0  2.97215e-19
      46160.0  2.96715e-19
      46180.0  2.96216e-19
      46200.0  2.95719e-19
      46220.0  2.95222e-19
      46240.0  2.94726e-19
      46260.0  2.94231e-19
      46280.0  2.93738e-19
      46300.0  2.93245e-19
      46320.0  2.92754e-19
      46340.0  2.92263e-19
      46360.0  2.91773e-19
      46380.0  2.91285e-19
      46400.0  2.90797e-19
      46420.0  2.90311e-19
      46440.0  2.89826e-19
      46460.0  2.89341e-19
      46480.0  2.88858e-19
      46500.0  2.88375e-19
      46520.0  2.87894e-19
      46540.0  2.87413e-19
      46560.0  2.86934e-19
      46580.0  2.86456e-19
      46600.0  2.85978e-19
      46620.0  2.85502e-19
      46640.0  2.85026e-19
      46660.0  2.84552e-19
      46680.0  2.84079e-19
      46700.0  2.83606e-19
      46720.0  2.83135e-19
      46740.0  2.82664e-19
      46760.0  2.82195e-19
      46780.0  2.81726e-19
      46800.0  2.81258e-19
      46820.0  2.80792e-19
      46840.0  2.80326e-19
      46860.0  2.79861e-19
      46880.0  2.79398e-19
      46900.0  2.78935e-19
      46920.0  2.78473e-19
      46940.0  2.78012e-19
      46960.0  2.77552e-19
      46980.0  2.77094e-19
      47000.0  2.76636e-19
      47020.0  2.76178e-19
      47040.0  2.75722e-19
      47060.0  2.75267e-19
      47080.0  2.74813e-19
      47100.0  2.74360e-19
      47120.0  2.73907e-19
      47140.0  2.73456e-19
      47160.0  2.73005e-19
      47180.0  2.72556e-19
      47200.0  2.72107e-19
      47220.0  2.71659e-19
      47240.0  2.71213e-19
      47260.0  2.70767e-19
      47280.0  2.70322e-19
      47300.0  2.69878e-19
      47320.0  2.69435e-19
      47340.0  2.68992e-19
      47360.0  2.68551e-19
      47380.0  2.68111e-19
      47400.0  2.67671e-19
      47420.0  2.67232e-19
      47440.0  2.66795e-19
      47460.0  2.66358e-19
      47480.0  2.65922e-19
      47500.0  2.65487e-19
      47520.0  2.65053e-19
      47540.0  2.64619e-19
      47560.0  2.64187e-19
      47580.0  2.63756e-19
      47600.0  2.63325e-19
      47620.0  2.62895e-19
      47640.0  2.62466e-19
      47660.0  2.62038e-19
      47680.0  2.61611e-19
      47700.0  2.61185e-19
      47720.0  2.60760e-19
      47740.0  2.60335e-19
      47760.0  2.59911e-19
      47780.0  2.59489e-19
      47800.0  2.59067e-19
      47820.0  2.58646e-19
      47840.0  2.58225e-19
      47860.0  2.57806e-19
      47880.0  2.57387e-19
      47900.0  2.56970e-19
      47920.0  2.56553e-19
      47940.0  2.56137e-19
      47960.0  2.55722e-19
      47980.0  2.55308e-19
      48000.0  2.54894e-19
      48020.0  2.54481e-19
      48040.0  2.54070e-19
      48060.0  2.53659e-19
      48080.0  2.53249e-19
      48100.0  2.52839e-19
      48120.0  2.52431e-19
      48140.0  2.52023e-19
      48160.0  2.51616e-19
      48180.0  2.51210e-19
      48200.0  2.50805e-19
      48220.0  2.50401e-19
      48240.0  2.49997e-19
      48260.0  2.49594e-19
      48280.0  2.49193e-19
      48300.0  2.48791e-19
      48320.0  2.48391e-19
      48340.0  2.47992e-19
      48360.0  2.47593e-19
      48380.0  2.47195e-19
      48400.0  2.46798e-19
      48420.0  2.46402e-19
      48440.0  2.46006e-19
      48460.0  2.45611e-19
      48480.0  2.45217e-19
      48500.0  2.44824e-19
      48520.0  2.44432e-19
      48540.0  2.44040e-19
      48560.0  2.43649e-19
      48580.0  2.43259e-19
      48600.0  2.42870e-19
      48620.0  2.42482e-19
      48640.0  2.42094e-19
      48660.0  2.41707e-19
      48680.0  2.41321e-19
      48700.0  2.40936e-19
      48720.0  2.40551e-19
      48740.0  2.40167e-19
      48760.0  2.39784e-19
      48780.0  2.39402e-19
      48800.0  2.39020e-19
      48820.0  2.38640e-19
      48840.0  2.38260e-19
      48860.0  2.37880e-19
      48880.0  2.37502e-19
      48900.0  2.37124e-19
      48920.0  2.36747e-19
      48940.0  2.36371e-19
      48960.0  2.35995e-19
      48980.0  2.35621e-19
      49000.0  2.35247e-19
      49020.0  2.34873e-19
      49040.0  2.34501e-19
      49060.0  2.34129e-19
      49080.0  2.33758e-19
      49100.0  2.33388e-19
      49120.0  2.33018e-19
      49140.0  2.32649e-19
      49160.0  2.32281e-19
      49180.0  2.31914e-19
      49200.0  2.31547e-19
      49220.0  2.31181e-19
      49240.0  2.30816e-19
      49260.0  2.30451e-19
      49280.0  2.30087e-19
      49300.0  2.29724e-19
      49320.0  2.29362e-19
      49340.0  2.29000e-19
      49360.0  2.28639e-19
      49380.0  2.28279e-19
      49400.0  2.27920e-19
      49420.0  2.27561e-19
      49440.0  2.27203e-19
      49460.0  2.26845e-19
      49480.0  2.26489e-19
      49500.0  2.26132e-19
      49520.0  2.25777e-19
      49540.0  2.25423e-19
      49560.0  2.25069e-19
      49580.0  2.24715e-19
      49600.0  2.24363e-19
      49620.0  2.24011e-19
      49640.0  2.23660e-19
      49660.0  2.23310e-19
      49680.0  2.22960e-19
      49700.0  2.22611e-19
      49720.0  2.22262e-19
      49740.0  2.21915e-19
      49760.0  2.21568e-19
      49780.0  2.21221e-19
      49800.0  2.20875e-19
      49820.0  2.20530e-19
      49840.0  2.20186e-19
      49860.0  2.19842e-19
      49880.0  2.19499e-19
      49900.0  2.19157e-19
      49920.0  2.18815e-19
      49940.0  2.18475e-19
      49960.0  2.18134e-19
