1270.0 2.022311728800018e-17
1280.0 3.9274543246000296e-17
1290.0 5.1494194260000556e-17
1300.0 6.32318592400002e-17
1310.0 1.0418862580999947e-16
1320.0 1.5372633596999718e-16
1330.0 1.8651619139999982e-16
1340.0 3.3269919119999974e-16
1350.0 4.808388936999997e-16
1360.0 6.017156547999989e-16
1370.0 6.468046551999997e-16
1380.0 5.531277845999994e-16
1390.0 4.3897813509999924e-16
1400.0 3.1654023349999886e-16
1410.0 2.6233799399999905e-16
1420.0 2.366964457000005e-16
1430.0 1.9494998839999952e-16
1440.0 2.022760154999986e-16
1450.0 2.868202908000028e-16
1460.0 3.5028453029999953e-16
1470.0 5.33646129899996e-16
1480.0 7.326273598e-16
1490.0 9.802233665000022e-16
1500.0 1.1755026970000012e-15
1510.0 1.3887939499999954e-15
1520.0 1.5934970219999978e-15
1530.0 1.7482173990000004e-15
1540.0 1.7945630289999996e-15
1550.0 1.5075277309999963e-15
1560.0 1.4835773709999938e-15
1570.0 1.330821032999997e-15
1580.0 1.2372089989999956e-15
1590.0 1.2265776649999952e-15
1600.0 1.5343906900000027e-15
1610.0 1.809653712000002e-15
1620.0 2.323093477999998e-15
1630.0 2.4358345760000007e-15
1640.0 2.6390047820000137e-15
1650.0 2.6246220510000016e-15
1660.0 2.6552598809999937e-15
1680.0 3.400287802296443e-17
1690.0 9.278409327114643e-17
1700.0 1.5156530851932844e-16
1710.0 1.6213843013903974e-16
1720.0 1.72711551758751e-16
1730.0 1.300678091475437e-16
1740.0 8.742406653633639e-17
1750.0 5.92376570940305e-17
1760.0 3.1051247651724623e-17
1770.0 4.7291807361975714e-17
1780.0 6.353236707222681e-17
1790.0 1.1020536052858383e-16
1800.0 1.5687835398494087e-16
1810.0 1.532282957738361e-16
1820.0 1.495782375627313e-16
1830.0 1.2548130904620409e-16
1840.0 1.0138438052967689e-16
1850.0 1.378383841326695e-16
1860.0 1.7429238773566212e-16
1870.0 2.1797832117292627e-16
1880.0 2.616642546101904e-16
1890.0 2.3511090495889924e-16
1900.0 2.08557555307608e-16
1910.0 1.9186086853600417e-16
1920.0 1.7516418176440035e-16
1930.0 2.2333756833802276e-16
1940.0 2.715109549116452e-16
1950.0 2.936849778481161e-16
1960.0 3.1585900078458696e-16
1970.0 3.438402897380208e-16
1980.0 3.718215786914547e-16
1990.0 3.1887490764708055e-16
2000.0 2.659282366027064e-16
2010.0 2.448338211910477e-16
2020.0 2.2373940577938898e-16
2030.0 1.8170483800478595e-16
2040.0 1.3967027023018294e-16
2050.0 1.2310559415545025e-16
2060.0 1.0654091808071751e-16
2070.0 8.226788651849533e-17
2080.0 5.799485495627315e-17
2090.0 4.9119985488096216e-17
2100.0 4.0245116019919286e-17
2110.0 3.8923083798179506e-17
2120.0 3.760105157643972e-17
2130.0 3.883833488804868e-17
2140.0 4.007561819965764e-17
2150.0 3.331228053238996e-17
2160.0 2.6548942865122292e-17
2170.0 3.628038303467238e-17
2180.0 4.6011823204222465e-17
2190.0 4.354585644732793e-17
2200.0 4.1079889690433393e-17
2210.0 4.080042887600439e-17
2220.0 4.0520968061575394e-17
2230.0 6.157732523770476e-17
2240.0 8.263368241383414e-17
2250.0 9.6311575987135e-17
2260.0 1.0998946956043583e-16
2270.0 1.2431711153341748e-16
2280.0 1.3864475350639911e-16
2290.0 1.331432678909566e-16
2300.0 1.276417822755141e-16
2310.0 1.2849600888152083e-16
2320.0 1.2935023548752758e-16
2330.0 1.100503063667843e-16
2340.0 9.0750377246041e-17
2350.0 8.831622738433099e-17
2360.0 8.588207752262099e-17
2370.0 7.688704507602029e-17
2380.0 6.78920126294196e-17
2390.0 6.112007538011673e-17
2400.0 5.4348138130813856e-17
2410.0 5.765274453000928e-17
2420.0 6.09573509292047e-17
2430.0 5.952811250278723e-17
2440.0 5.809887407636977e-17
2450.0 6.254673416670693e-17
2460.0 6.699459425704411e-17
2470.0 7.22574198026072e-17
2480.0 7.752024534817031e-17
2490.0 9.766545880068576e-17
2500.0 1.1781067225320123e-16
2510.0 1.516530021820586e-16
2520.0 1.8549533211091599e-16
2530.0 2.0591958170670984e-16
2540.0 2.2634383130250367e-16
2550.0 2.5707654802065166e-16
2560.0 2.8780926473879965e-16
2570.0 3.3187935217949765e-16
2580.0 3.759494396201956e-16
2590.0 4.3407882365497215e-16
2600.0 4.922082076897487e-16
2610.0 6.427972432093265e-16
2620.0 7.933862787289043e-16
2630.0 1.0123221565223864e-15
2640.0 1.2312580343158686e-15
2650.0 1.4852008726873416e-15
2660.0 1.7391437110588146e-15
2670.0 1.993170996276546e-15
2680.0 2.247198281494277e-15
2690.0 2.494570610060873e-15
2700.0 2.7419429386274688e-15
2710.0 3.1247929100271237e-15
2720.0 3.507642881426779e-15
2730.0 3.7244938768196465e-15
2740.0 3.9413448722125144e-15
2750.0 3.840532125767434e-15
2760.0 3.739719379322354e-15
2770.0 3.747753898070724e-15
2780.0 3.755788416819095e-15
2790.0 3.6656432450558265e-15
2800.0 3.575498073292557e-15
2810.0 4.013411340157599e-15
2820.0 4.451324607022642e-15
2830.0 5.428819046941349e-15
2840.0 6.406313486860055e-15
2850.0 7.373781801547406e-15
2860.0 8.341250116234755e-15
2870.0 9.985261196720347e-15
2880.0 1.1629272277205938e-14
2890.0 1.1966971301546145e-14
2900.0 1.2304670325886353e-14
2910.0 1.4304106419912492e-14
2920.0 1.630354251393863e-14
2930.0 1.7065935576264598e-14
2940.0 1.7828328638590567e-14
2950.0 1.670907680540097e-14
2960.0 1.558982497221137e-14
2970.0 1.59481811777249e-14
2980.0 1.630653738323843e-14
2990.0 1.55717162275724e-14
3010.0 1.418450028583675e-14
3020.0 1.3965546054682796e-14
3030.0 1.3094729892012426e-14
3040.0 1.1950502767463807e-14
3050.0 1.256408716199489e-14
3060.0 1.2317232851625217e-14
3070.0 1.2093095664028414e-14
3080.0 1.26248173499684e-14
3090.0 1.3559803096536565e-14
3100.0 1.416834305480725e-14
3110.0 1.4831233194804815e-14
3120.0 1.7776271472480322e-14
3130.0 2.079161377516009e-14
3140.0 2.1635654039829397e-14
3150.0 2.218334529710638e-14
3160.0 2.4515524686060614e-14
3170.0 2.393743243930702e-14
3180.0 2.3108474282345383e-14
3190.0 2.3066739424759813e-14
3200.0 2.2370792951442086e-14
3210.0 2.1779472303926634e-14
3220.0 2.106820907487319e-14
3230.0 1.9615140526135786e-14
3240.0 1.8578491251816494e-14
3250.0 1.8203258581008427e-14
3260.0 1.7568225485827866e-14
3270.0 1.7549931184077522e-14
3280.0 1.7669276187733282e-14
3290.0 1.7427865107436924e-14
3300.0 1.7311785909370877e-14
3310.0 1.8055153375530522e-14
3320.0 1.8953276007936267e-14
3330.0 2.0020948249080113e-14
3340.0 2.156676891404403e-14
3350.0 4.189595181583989e-14
3360.0 2.5825957294172275e-14
3370.0 2.5445896358600007e-14
3380.0 2.490830315073947e-14
3390.0 2.553074608469055e-14
3400.0 2.6012959791110798e-14
3410.0 2.7515975105461904e-14
3420.0 2.871227668167665e-14
3430.0 2.9339676833457755e-14
3440.0 3.0061141482336476e-14
3450.0 3.179505256997745e-14
3460.0 3.3479181326381464e-14
3470.0 3.572901768269295e-14
3480.0 3.6680605033100086e-14
3490.0 3.692988806305266e-14
3500.0 3.7510170618639606e-14
3510.0 4.1137454820061275e-14
3520.0 4.211822686157532e-14
3530.0 4.2171037393210275e-14
3540.0 4.122210262653159e-14
3550.0 4.034837079907782e-14
3560.0 3.9717501115260507e-14
3570.0 3.784089334857774e-14
3580.0 3.6172082145919195e-14
3590.0 3.514945239566021e-14
3600.0 3.326407399669018e-14
3610.0 3.103387533405625e-14
3620.0 2.952322227982817e-14
3630.0 2.6149303303608524e-14
3640.0 2.3430370243793257e-14
3650.0 1.9645776004810338e-14
3660.0 1.7130877908118532e-14
3670.0 1.3545209675639806e-14
3680.0 1.1879409806818325e-14
3690.0 1.0292130249221766e-14
3700.0 1.0082945819414826e-14
3710.0 9.95656846257627e-15
3720.0 9.051479450441264e-15
3730.0 9.77086806735638e-15
3740.0 1.112104782013031e-14
3750.0 1.428641678958304e-14
3760.0 1.5500672031066803e-14
3770.0 1.797235491230351e-14
3780.0 1.9740807776080626e-14
3790.0 2.2569876361489908e-14
3800.0 2.4642270829985674e-14
3810.0 2.637635284293762e-14
3820.0 2.913284720963018e-14
3830.0 3.1785302430746854e-14
3840.0 3.590584250511985e-14
3850.0 3.973943756721226e-14
3860.0 4.485754245825998e-14
3870.0 5.0653425320022554e-14
3880.0 5.77048963077379e-14
3890.0 6.040062250017058e-14
3900.0 6.217582465173857e-14
3910.0 6.293521633865262e-14
3920.0 6.216793786272498e-14
3930.0 6.118401320787019e-14
3940.0 5.95099707954499e-14
3950.0 5.590604679015541e-14
3960.0 5.151951701002619e-14
3970.0 5.311655585291956e-14
3980.0 5.228832088942354e-14
3990.0 5.0371186581849123e-14
4000.0 4.984261725583427e-14
4010.0 5.0635648975842965e-14
4020.0 5.231108500842493e-14
4030.0 5.385876971857086e-14
4040.0 5.63842715290744e-14
4050.0 5.986450253430697e-14
4060.0 6.204169797546431e-14
4070.0 6.44920346752136e-14
4080.0 6.768233232454714e-14
4090.0 7.061361797954588e-14
4100.0 7.119243025690034e-14
4110.0 7.134107490890628e-14
4120.0 7.044364302478382e-14
4130.0 6.823464925053727e-14
4140.0 6.543443149325903e-14
4150.0 6.345924593265999e-14
4160.0 6.227631100915098e-14
4170.0 6.058824413461007e-14
4180.0 5.893169101857068e-14
4190.0 5.792234659010725e-14
4200.0 5.6552803809421406e-14
4210.0 5.430022492595948e-14
4220.0 5.160823927050824e-14
4230.0 4.704716821631467e-14
4240.0 4.362170132727726e-14
4250.0 3.9568820083352375e-14
4260.0 3.686565571758234e-14
4270.0 3.460531411640855e-14
4280.0 3.214042267659343e-14
4290.0 3.01368287172223e-14
4300.0 2.9885674405470096e-14
4310.0 3.078566002834598e-14
4320.0 3.216004225778872e-14
4330.0 3.383630397068603e-14
4340.0 3.532053472278302e-14
4350.0 3.8076789384894245e-14
4360.0 3.969150271607149e-14
4370.0 4.076147615374794e-14
4380.0 4.2950886031237403e-14
4390.0 4.400085881524777e-14
4400.0 4.5531677021758005e-14
4410.0 4.5662083240227907e-14
4420.0 4.4439271364998364e-14
4430.0 4.238395934911433e-14
4440.0 4.139435209673896e-14
4450.0 4.1758402912885946e-14
4460.0 4.2562253566814725e-14
4470.0 4.483885041233876e-14
4480.0 4.7933985230365427e-14
4490.0 5.126309125556957e-14
4500.0 5.3907193450540155e-14
4510.0 5.5419002262080805e-14
4520.0 5.62837433591023e-14
4530.0 5.76875314166378e-14
4540.0 5.796960278857665e-14
4550.0 5.72832688016142e-14
4560.0 5.636576492796209e-14
4570.0 5.643211832844741e-14
4580.0 5.646233574422157e-14
4590.0 5.631622055668367e-14
4600.0 5.571559452975066e-14
4610.0 5.548366043174231e-14
4620.0 5.483207292855828e-14
4630.0 5.2353389786531936e-14
4640.0 4.9670175205771387e-14
4650.0 4.630070920948773e-14
4660.0 4.3746892575052e-14
4670.0 4.2502200253485947e-14
4680.0 4.114591759653219e-14
4690.0 4.007498546412274e-14
4700.0 3.930097126648315e-14
4710.0 3.854087733392809e-14
4720.0 3.670301299932305e-14
4730.0 3.547686090983466e-14
4740.0 3.422674012584804e-14
4750.0 3.3593309778730375e-14
4760.0 3.307716215453051e-14
4770.0 3.2729546454494937e-14
4780.0 3.3289615715189996e-14
4790.0 3.1819093027943974e-14
4800.0 3.085386662193499e-14
4810.0 2.8924354743085304e-14
4820.0 2.711472698073384e-14
4830.0 2.5357696661822953e-14
4840.0 2.3470204004879652e-14
4850.0 2.2462766637899825e-14
4860.0 2.2168151296323183e-14
4870.0 2.2219737757648382e-14
4880.0 2.2976680951229358e-14
4890.0 2.4122199511345774e-14
4900.0 2.513963244527178e-14
4910.0 2.7294542815540262e-14
4920.0 2.8385015495737716e-14
4930.0 2.948000833657433e-14
4940.0 2.9703000400190896e-14
4950.0 2.8926791197123125e-14
4960.0 2.910078931111903e-14
4970.0 2.8252840945680766e-14
4980.0 2.948347986390081e-14
4990.0 2.9515762663908307e-14
5000.0 3.042058291825327e-14
5010.0 3.1106625429896435e-14
5020.0 3.2054676118056963e-14
5030.0 3.27401432400792e-14
5040.0 3.392969011478873e-14
5050.0 3.5126758314625214e-14
5060.0 3.6203101758744496e-14
5070.0 3.808460015318768e-14
5080.0 3.919465614613582e-14
5090.0 3.956077958092299e-14
5100.0 4.0427136355649296e-14
5110.0 4.2310162674089476e-14
5120.0 4.247939647940038e-14
5130.0 4.3039632838986726e-14
5140.0 4.3000640304236557e-14
5150.0 4.2695507674891745e-14
5160.0 4.2842285541640956e-14
5170.0 4.2131853187191474e-14
5180.0 4.2843932457264905e-14
5190.0 4.3153532980004837e-14
5200.0 4.342203555606941e-14
5210.0 4.330956213105581e-14
5220.0 4.235172270561603e-14
5230.0 3.9684310680019224e-14
5240.0 3.711502818977605e-14
5250.0 3.3936705398326925e-14
5260.0 3.143556711975153e-14
5270.0 2.9605782176163086e-14
5280.0 2.8124183713433167e-14
5290.0 2.7541511112664068e-14
5300.0 2.7348918547624398e-14
5310.0 2.753170069027633e-14
5320.0 2.765624511358049e-14
5330.0 3.1529334757548977e-14
5340.0 3.023839781502844e-14
5350.0 3.053340805795528e-14
5360.0 3.1482125447219394e-14
5370.0 3.306480791136299e-14
5380.0 3.3530466221934115e-14
5390.0 3.325128850018018e-14
5400.0 3.2538788288270534e-14
5410.0 3.173093221550684e-14
5420.0 3.061054526781279e-14
5430.0 2.942765190262099e-14
5440.0 2.675562152950734e-14
5450.0 2.6973404680566973e-14
5460.0 2.6137175104062893e-14
5470.0 2.5918154682809515e-14
5480.0 3.0178913936488415e-14
5490.0 2.798634752950013e-14
5500.0 2.850730420656699e-14
5510.0 3.046576098644667e-14
5520.0 3.245468966841613e-14
5530.0 3.473081832807536e-14
5540.0 3.640376103884694e-14
5550.0 3.7515636307766765e-14
5560.0 3.8767016677010144e-14
5570.0 3.8797957341672733e-14
5580.0 3.901619803525809e-14
5590.0 3.801302041885212e-14
5610.0 3.186664687417286e-14
5620.0 3.219851594761977e-14
5630.0 3.2280482881360006e-14
5640.0 3.230904789359703e-14
5650.0 3.205819026703499e-14
5660.0 3.1757005814146584e-14
5670.0 3.1114272907907065e-14
5680.0 3.057777979222998e-14
5690.0 3.0040293081388536e-14
5700.0 2.938243640453622e-14
5710.0 2.8327358349851977e-14
5720.0 2.7249109239715824e-14
5730.0 2.6782587970336515e-14
5740.0 2.661661011854332e-14
5750.0 2.656178787408276e-14
5760.0 2.6554969713419082e-14
5770.0 2.6467114032908136e-14
5780.0 2.6722045901700064e-14
5790.0 2.7128805766876025e-14
5800.0 2.762466929790386e-14
5810.0 2.824926094359944e-14
5820.0 2.908464693390581e-14
5830.0 2.958029354775948e-14
5840.0 2.989784753474502e-14
5850.0 3.014962497732268e-14
5860.0 3.044883096022522e-14
5870.0 3.0712627146014736e-14
5880.0 3.107069747889606e-14
5890.0 3.095011307423958e-14
5900.0 3.149995972181464e-14
5910.0 3.09730829602546e-14
5920.0 2.8542839354625804e-14
5930.0 3.0265078363557563e-14
5940.0 3.074521403690122e-14
5950.0 3.010619045162999e-14
5960.0 2.8774836631192097e-14
5970.0 2.70048486877985e-14
5980.0 2.498298099904114e-14
5990.0 2.2214569292108073e-14
6000.0 1.9329763925857693e-14
6010.0 1.656617998279912e-14
6020.0 1.4185000050806719e-14
6030.0 1.243004910983504e-14
6040.0 1.104799511778514e-14
6050.0 9.834442994555e-15
6060.0 8.833783468070614e-15
6070.0 8.155807889763196e-15
6080.0 7.778260026978617e-15
6090.0 7.655437338543299e-15
6100.0 7.656145415057736e-15
6110.0 7.96492701139392e-15
6120.0 8.42425620860047e-15
6130.0 9.005326363810982e-15
6140.0 9.67146121075338e-15
6150.0 1.0553530496684542e-14
6160.0 1.1640737763298418e-14
6170.0 1.2908042033052112e-14
6180.0 1.447668886502443e-14
6190.0 1.6209900925282572e-14
6200.0 1.7804584079049567e-14
6210.0 1.9391075286970948e-14
6220.0 2.087615250182284e-14
6230.0 2.2226218787375843e-14
6240.0 2.3201479972061993e-14
6250.0 2.4445952893832795e-14
6260.0 2.5616667731175934e-14
6270.0 2.6511793314337037e-14
6280.0 2.7226383662870143e-14
6290.0 2.8146507621542216e-14
6300.0 2.8794939533473924e-14
6310.0 2.8947256959406765e-14
6320.0 2.9625585612104366e-14
6330.0 3.043403379876771e-14
6340.0 3.062953141093505e-14
6350.0 3.0823725929498175e-14
6360.0 3.1012593958411895e-14
6370.0 3.053234636966618e-14
6380.0 3.049028532324052e-14
6390.0 3.0342337925128286e-14
6400.0 3.003261529512642e-14
6410.0 2.977488784685867e-14
6420.0 2.9556623399556204e-14
6430.0 2.919046972433909e-14
6440.0 2.862215949257524e-14
6450.0 2.7992346761399877e-14
6460.0 2.7595636702247474e-14
6470.0 2.7159640551337426e-14
6480.0 2.6702872980439146e-14
6490.0 2.6392450352181002e-14
6500.0 2.5971193199162907e-14
6510.0 2.5260420629490206e-14
6520.0 2.4855504475063904e-14
6530.0 2.4358595107893257e-14
6540.0 2.3758085735722817e-14
6550.0 2.3260220556020908e-14
6560.0 2.3165282611850166e-14
6570.0 2.2920669690078756e-14
6580.0 2.2670713859526166e-14
6590.0 2.2360499531701667e-14
6600.0 2.213382001549266e-14
6610.0 2.197677691118606e-14
6620.0 2.133336373947186e-14
6630.0 2.128287381737808e-14
6640.0 2.1177665394103004e-14
6650.0 2.0960024648304984e-14
6660.0 2.083618550308327e-14
6670.0 2.0751014635965627e-14
6680.0 2.0662020473947354e-14
6690.0 2.038229109209146e-14
6700.0 1.9924449407326854e-14
6710.0 1.9680172196610967e-14
6720.0 1.9589826500292943e-14
6730.0 1.920143206245799e-14
6740.0 1.901048505866253e-14
6750.0 1.9062512637256713e-14
6760.0 1.8990428831774066e-14
6770.0 1.862437699671387e-14
6780.0 1.844335715277554e-14
6790.0 1.831507879406499e-14
6800.0 1.8082902848720565e-14
6810.0 1.7957680861966606e-14
6820.0 1.783994695945482e-14
6830.0 1.7920764367104534e-14
6840.0 1.790809660461173e-14
6850.0 1.7591451377543394e-14
6860.0 1.744152959269829e-14
6870.0 1.6295312351196532e-14
6880.0 1.7347830301157687e-14
6890.0 1.6595077763928855e-14
6900.0 1.635604688183645e-14
6910.0 1.657803641866655e-14
6920.0 1.6549249052960488e-14
6930.0 1.62442572432762e-14
6940.0 1.6122421039277622e-14
6950.0 1.636396247097464e-14
6960.0 1.6301266969222046e-14
6970.0 1.5996372675612066e-14
6980.0 1.5794360359114203e-14
6990.0 1.585165874721186e-14
7000.0 1.604950145936762e-14
7010.0 1.591408934289239e-14
7020.0 1.5853350528187117e-14
7030.0 1.5868990218854452e-14
7040.0 1.6034774458932846e-14
7050.0 1.600694494281988e-14
7060.0 1.578778950539628e-14
7070.0 1.5770950415601123e-14
7080.0 1.5923749491385645e-14
7090.0 1.5882982570941422e-14
7100.0 1.5782436853827255e-14
7110.0 1.5949420328948492e-14
7120.0 1.6216846104110173e-14
7130.0 1.6192457061825305e-14
7140.0 1.5869084646944472e-14
7150.0 1.593148341782808e-14
7160.0 1.604191947007991e-14
7170.0 1.5969719662587767e-14
7180.0 1.5740801606113936e-14
7190.0 1.551243171357782e-14
7200.0 1.5525395877870123e-14
7210.0 1.5746800588455602e-14
7220.0 1.5485416672778096e-14
7230.0 1.505117710250828e-14
7240.0 1.5076647001511686e-14
7250.0 1.500282260678388e-14
7260.0 1.445577069325401e-14
7270.0 1.402359711389929e-14
7280.0 1.3874713892199731e-14
7290.0 1.3811270601711962e-14
7300.0 1.3684176149001109e-14
7310.0 1.3223801166351838e-14
7320.0 1.3030129039247958e-14
7330.0 1.2895597782037747e-14
7340.0 1.2641781813592051e-14
7350.0 1.2097238410696806e-14
7360.0 1.1415356795506866e-14
7370.0 1.0837710882766377e-14
7380.0 1.0646162449643405e-14
7390.0 1.0299953596229148e-14
7400.0 1.0165981990016153e-14
7410.0 9.952897152591653e-15
7420.0 9.665659812603808e-15
7430.0 9.473942545573498e-15
7440.0 9.404812020451886e-15
7450.0 9.476421090768153e-15
7460.0 9.607802693684218e-15
7470.0 9.987580371488718e-15
7480.0 1.0408393294425958e-14
7490.0 1.0631213909454694e-14
7500.0 1.0833570416947421e-14
7510.0 1.0824693841125443e-14
7520.0 1.1095849003411338e-14
7530.0 1.1461537906256421e-14
7540.0 1.1830596418317153e-14
7550.0 1.17106411412159e-14
7560.0 1.1712632318504451e-14
7570.0 1.1914304483819732e-14
7580.0 1.2655328034169685e-14
7590.0 1.2556140208835332e-14
7600.0 9.819112628690674e-15
7610.0 1.2569358844604935e-14
7620.0 1.3848377775275084e-14
7630.0 1.2461133520409147e-14
7640.0 1.2923823437861773e-14
7650.0 1.2618322337871186e-14
7660.0 1.2290377239811646e-14
7670.0 1.2079091419010352e-14
7680.0 1.2145548761264747e-14
7690.0 1.2064037181018986e-14
7700.0 1.1741055608581139e-14
7710.0 1.157656476617937e-14
7720.0 1.1656589526669929e-14
7730.0 1.1934285044281553e-14
7740.0 1.2161352260598119e-14
7750.0 1.197012234477557e-14
7760.0 1.183911562141559e-14
7770.0 1.1778866274587233e-14
7780.0 1.1878847945273148e-14
7790.0 1.2076597880776131e-14
7800.0 1.1903476778002302e-14
7810.0 1.1484089217692023e-14
7820.0 1.1375647806968187e-14
7830.0 1.1516393834251446e-14
7840.0 1.1612604623252436e-14
7850.0 1.1448248207883932e-14
7860.0 1.0945481448140913e-14
7870.0 1.0550025740270873e-14
7880.0 1.0486567618148117e-14
7890.0 1.0456575943987376e-14
7900.0 1.0332919129975862e-14
7910.0 9.887035292747741e-15
7920.0 9.448027538751235e-15
7930.0 9.185688654687189e-15
7940.0 9.06741152702009e-15
7950.0 9.077175900009004e-15
7960.0 8.75651077563143e-15
7970.0 8.371302791254431e-15
7980.0 7.828878767596869e-15
7990.0 7.510855065925363e-15
8000.0 7.409127281738786e-15
8010.0 7.2644510124424e-15
8020.0 6.938307337396558e-15
8030.0 6.475448133437077e-15
8040.0 6.1979817959238495e-15
8050.0 6.113484955327805e-15
8060.0 6.2120733626430865e-15
8070.0 6.260739076991273e-15
8080.0 6.380934092979732e-15
8090.0 6.2068653215186715e-15
8100.0 6.063520900773147e-15
8110.0 6.104334104956861e-15
8120.0 6.127204978167778e-15
8130.0 6.098837820051504e-15
8140.0 6.082445369254779e-15
8150.0 5.965396457673983e-15
8160.0 5.633070672730735e-15
8170.0 5.588117446072702e-15
8180.0 5.557668301928919e-15
8190.0 5.540764631870114e-15
8200.0 5.711896545532113e-15
8210.0 5.669418148334822e-15
8220.0 5.504313924831694e-15
8230.0 5.246582295794003e-15
8240.0 5.473746885944779e-15
8250.0 5.566654629793979e-15
8260.0 5.92350221396429e-15
8270.0 6.201525159014654e-15
8280.0 6.368901096603078e-15
8290.0 6.2797637321724624e-15
8300.0 6.02589583714143e-15
8310.0 5.93464298319005e-15
8320.0 5.9870260350670056e-15
8330.0 6.3835257283521696e-15
8340.0 6.931170748268513e-15
8350.0 7.26767801847215e-15
8360.0 7.29322063395926e-15
8370.0 7.370772577698285e-15
8380.0 7.651005033542432e-15
8390.0 8.213377638027106e-15
8400.0 8.906037395934579e-15
8410.0 9.457991267238435e-15
8420.0 9.580622543523982e-15
8430.0 9.401355262166832e-15
8440.0 9.635844712815535e-15
8450.0 1.0032944635447071e-14
8460.0 1.0705851307923557e-14
8470.0 1.1120717252446417e-14
8480.0 1.0858326028530256e-14
8490.0 1.0762337119369202e-14
8500.0 1.0794605085640928e-14
8510.0 1.124521690692842e-14
8520.0 1.1680236035115866e-14
8530.0 1.2058240850973679e-14
8540.0 1.1653478959831467e-14
8550.0 1.1067293746431006e-14
8560.0 1.100577057484386e-14
8570.0 1.1097266947721599e-14
8580.0 1.1326414233135414e-14
8590.0 1.169124934486728e-14
8600.0 1.1414315862471122e-14
8610.0 1.0819103965268491e-14
8620.0 1.0540936938019128e-14
8630.0 1.0705088690776787e-14
8640.0 1.0616471615061157e-14
8650.0 1.0972291733944818e-14
8660.0 1.1078814562855456e-14
8670.0 1.0555977612929152e-14
8680.0 9.779908545329424e-15
8690.0 9.52610781388477e-15
8700.0 9.585956591712097e-15
8710.0 9.640322537223453e-15
8720.0 9.675476407820109e-15
8730.0 9.254934315214222e-15
8740.0 8.455116321334388e-15
8750.0 7.96256823951982e-15
8760.0 7.91090323865908e-15
8770.0 8.066256252748033e-15
8780.0 8.214547265014182e-15
8790.0 8.255031970512047e-15
8800.0 8.181402288667408e-15
8810.0 7.733252657873455e-15
8820.0 7.127232500137634e-15
8830.0 7.021599240886817e-15
8840.0 7.179930335654843e-15
8850.0 7.472971388644194e-15
8860.0 7.781303163017e-15
8870.0 7.935545970769853e-15
8880.0 7.780477886758407e-15
8890.0 7.51225845705448e-15
8900.0 7.47500318591997e-15
8910.0 7.643658854291782e-15
8920.0 7.85060303560019e-15
8930.0 8.058328130343666e-15
8940.0 8.363855242071596e-15
8950.0 8.36973022778013e-15
8960.0 7.992427072457448e-15
8970.0 7.806693005109404e-15
8980.0 7.88593888128556e-15
8990.0 7.838016564335233e-15
9000.0 8.058440695686165e-15
9010.0 7.97454193037832e-15
9020.0 8.151222732319391e-15
9030.0 8.468572120011851e-15
9040.0 8.15555334369168e-15
9050.0 7.653481533086625e-15
9060.0 7.371767760565493e-15
9070.0 7.219426743387192e-15
9080.0 7.462838530057662e-15
9090.0 7.76435446620161e-15
9100.0 7.804026094703812e-15
9110.0 8.139568110503839e-15
9120.0 8.440944934682314e-15
9130.0 8.040942630349617e-15
9140.0 7.920116754703967e-15
9150.0 7.582527803766595e-15
9160.0 7.851543250920521e-15
9170.0 7.808538385806788e-15
9180.0 8.118472901705561e-15
9190.0 8.399517614112606e-15
9200.0 8.643500636820628e-15
9210.0 8.452043965571948e-15
9220.0 8.133517646897333e-15
9230.0 7.817455911282632e-15
9240.0 7.959854353747021e-15
9250.0 8.252093812410014e-15
9260.0 8.566362745654661e-15
9270.0 8.855925050145232e-15
9280.0 9.031181759014035e-15
9290.0 9.034870980742442e-15
9300.0 8.47346300589433e-15
9310.0 8.285481481321351e-15
9320.0 8.376874137768982e-15
9330.0 8.787263434406536e-15
9340.0 8.92940860852037e-15
9350.0 9.767129767220783e-15
9360.0 9.562479098555104e-15
9370.0 8.879096141029458e-15
9380.0 8.392159846807941e-15
9390.0 8.542613829494348e-15
9400.0 8.312776504110336e-15
9410.0 8.223617689365524e-15
9420.0 8.482748940259756e-15
9430.0 8.623241442013704e-15
9440.0 8.776324948767055e-15
9450.0 9.144298751733683e-15
9460.0 8.32079278920776e-15
9470.0 7.901067219630731e-15
9480.0 7.359254236806924e-15
9490.0 7.543862190487342e-15
9500.0 7.20016741189682e-15
9510.0 7.986324496340533e-15
9520.0 7.405345106593047e-15
9530.0 8.05930710847674e-15
9540.0 7.776720235180937e-15
9550.0 7.345096587770379e-15
9560.0 6.8186656611196256e-15
9570.0 6.670826697177373e-15
9580.0 6.697510409237982e-15
9590.0 6.603546011736256e-15
9600.0 6.954095943534369e-15
9610.0 7.310928760397274e-15
9620.0 7.345981786552608e-15
9630.0 7.61473285644237e-15
9640.0 7.196725159451356e-15
9650.0 7.0442501659897696e-15
9660.0 6.494163111677223e-15
9670.0 6.459245394031143e-15
9680.0 6.536338910667093e-15
9690.0 6.536424868096617e-15
9700.0 6.755543971384176e-15
9710.0 7.002603961317021e-15
9720.0 7.000930006461443e-15
9730.0 6.5805059072339745e-15
9740.0 6.1367870760796e-15
9750.0 6.028044743016966e-15
9760.0 5.883690146810728e-15
9770.0 5.8514952416917215e-15
9780.0 5.876641457639236e-15
9790.0 6.023936172261619e-15
9800.0 6.027573619154348e-15
9810.0 6.297575781544501e-15
9820.0 6.1851592316700744e-15
9830.0 6.105242614839768e-15
9840.0 5.711360838634136e-15
9850.0 5.425075022825948e-15
9860.0 5.269948460027229e-15
9870.0 5.181682076582691e-15
9880.0 5.0940211461089796e-15
9890.0 5.2613428724690896e-15
9900.0 5.3698107242147594e-15
9910.0 5.76738477751114e-15
9920.0 5.8105763888557664e-15
9930.0 5.7928351361859204e-15
9940.0 5.921275777966844e-15
9950.0 5.607699902488263e-15
9960.0 5.3528697365646115e-15
9970.0 5.050632586557984e-15
9980.0 4.876185125314225e-15
9990.0 4.935489488432651e-15
