1270.0 2.022311728800018e-17
1280.0 3.9274543246000296e-17
1290.0 5.1494194260000556e-17
1300.0 6.32318592400002e-17
1310.0 1.0418862580999947e-16
1320.0 1.5372633596999718e-16
1330.0 1.8651619139999982e-16
1340.0 3.3269919119999974e-16
1350.0 4.808388936999997e-16
1360.0 6.017156547999989e-16
1370.0 6.468046551999997e-16
1380.0 5.531277845999994e-16
1390.0 4.3897813509999924e-16
1400.0 3.1654023349999886e-16
1410.0 2.6233799399999905e-16
1420.0 2.366964457000005e-16
1430.0 1.9494998839999952e-16
1440.0 2.022760154999986e-16
1450.0 2.868202908000028e-16
1460.0 3.5028453029999953e-16
1470.0 5.33646129899996e-16
1480.0 7.326273598e-16
1490.0 9.802233665000022e-16
1500.0 1.1755026970000012e-15
1510.0 1.3887939499999954e-15
1520.0 1.5934970219999978e-15
1530.0 1.7482173990000004e-15
1540.0 1.7945630289999996e-15
1550.0 1.5075277309999963e-15
1560.0 1.4835773709999938e-15
1570.0 1.330821032999997e-15
1580.0 1.2372089989999956e-15
1590.0 1.2265776649999952e-15
1600.0 1.5343906900000027e-15
1610.0 1.809653712000002e-15
1620.0 2.323093477999998e-15
1630.0 2.4358345760000007e-15
1640.0 2.6390047820000137e-15
1650.0 2.6246220510000016e-15
1660.0 2.6552598809999937e-15
1670.0 2.8020404440000005e-15
1680.0 2.659316411e-15
1690.0 2.4170447799999975e-15
1710.0 5.358466231098489e-17
1720.0 7.337083059256904e-17
1730.0 5.572831128989038e-17
1740.0 3.808579198721171e-17
1750.0 4.6187553618353957e-17
1760.0 5.428931524949621e-17
1770.0 7.184244869088844e-17
1780.0 8.939558213228065e-17
1790.0 7.920123844899176e-17
1800.0 6.900689476570288e-17
1810.0 1.0176053515822939e-16
1820.0 1.345141755507559e-16
1830.0 1.4941138606863195e-16
1840.0 1.64308596586508e-16
1850.0 2.396314712140037e-16
1860.0 3.1495434584149935e-16
1870.0 3.3473101741255056e-16
1880.0 3.5450768898360177e-16
1890.0 3.6913539888197925e-16
1900.0 3.8376310878035683e-16
1910.0 3.4079640099901576e-16
1920.0 2.978296932176747e-16
1930.0 2.770279720636807e-16
1940.0 2.5622625090968665e-16
1950.0 2.263905193097997e-16
1960.0 1.9655478770991264e-16
1970.0 1.9287900599895155e-16
1980.0 1.8920322428799048e-16
1990.0 1.9856763650626903e-16
2000.0 2.079320487245475e-16
2010.0 2.1648312252325037e-16
2020.0 2.250341963219532e-16
2030.0 1.9500547478449978e-16
2040.0 1.6497675324704638e-16
2050.0 1.749220946325336e-16
2060.0 1.848674360180208e-16
2070.0 1.5948558368700126e-16
2080.0 1.3410373135598166e-16
2090.0 1.1831354413395152e-16
2100.0 1.0252335691192138e-16
2110.0 1.0204503305438495e-16
2120.0 1.0156670919684851e-16
2130.0 1.0012533060585769e-16
2140.0 9.868395201486687e-17
2150.0 1.023661276522772e-16
2160.0 1.0604830328968756e-16
2170.0 1.0094779100520048e-16
2180.0 9.58472787207134e-17
2190.0 7.883458748553291e-17
2200.0 6.182189625035244e-17
2210.0 7.828418092022435e-17
2220.0 9.474646559009626e-17
2230.0 8.68593060415195e-17
2240.0 7.897214649294277e-17
2250.0 8.271558031437392e-17
2260.0 8.645901413580509e-17
2270.0 1.0441737698639127e-16
2280.0 1.2237573983697744e-16
2290.0 1.5524760145404952e-16
2300.0 1.8811946307112158e-16
2310.0 2.4043138559435777e-16
2320.0 2.927433081175939e-16
2330.0 3.262204365535146e-16
2340.0 3.596975649894352e-16
2350.0 3.870195587828548e-16
2360.0 4.143415525762744e-16
2370.0 3.8167279873989744e-16
2380.0 3.4900404490352055e-16
2390.0 2.8166666124464177e-16
2400.0 2.14329277585763e-16
2410.0 1.786150314626814e-16
2420.0 1.4290078533959978e-16
2430.0 1.1310878025194802e-16
2440.0 8.33167751642963e-17
2450.0 8.14609975107288e-17
2460.0 7.960521985716132e-17
2470.0 7.757740160669023e-17
2480.0 7.554958335621912e-17
2490.0 9.158744372861774e-17
2500.0 1.0762530410101637e-16
2510.0 1.189876635025628e-16
2520.0 1.3035002290410922e-16
2530.0 1.5161659151303942e-16
2540.0 1.7288316012196964e-16
2550.0 1.9918633835452325e-16
2560.0 2.2548951658707684e-16
2570.0 2.426821154980535e-16
2580.0 2.5987471440903014e-16
2590.0 2.8195433511930514e-16
2600.0 3.040339558295801e-16
2610.0 3.409310953701008e-16
2620.0 3.7782823491062146e-16
2630.0 4.5090838157391325e-16
2640.0 5.239885282372049e-16
2650.0 6.73857567186184e-16
2660.0 8.23726606135163e-16
2670.0 1.0314713164132293e-15
2680.0 1.2392160266912955e-15
2690.0 1.41587001942141e-15
2700.0 1.5925240121515246e-15
2710.0 1.7690393168571312e-15
2720.0 1.945554621562738e-15
2730.0 2.111198766564258e-15
2740.0 2.2768429115657785e-15
2750.0 2.3659372952969095e-15
2760.0 2.455031679028041e-15
2770.0 2.444718954016961e-15
2780.0 2.4344062290058814e-15
2790.0 2.2190278404941398e-15
2800.0 2.0036494519823982e-15
2810.0 2.0519991303187373e-15
2820.0 2.1003488086550767e-15
2830.0 2.3167543189695438e-15
2840.0 2.533159829284011e-15
2850.0 2.684184932706119e-15
2860.0 2.835210036128228e-15
2870.0 3.410602885900816e-15
2880.0 3.985995735673404e-15
2890.0 4.5382762939421935e-15
2900.0 5.090556852210983e-15
2910.0 5.139211843712298e-15
2920.0 5.187866835213612e-15
2930.0 5.541188628009115e-15
2940.0 5.894510420804619e-15
2950.0 5.398190011188774e-15
2960.0 4.9018696015729305e-15
2970.0 4.851335963050317e-15
2980.0 4.800802324527704e-15
2990.0 4.551089245558871e-15
3010.0 3.657892375211267e-15
3020.0 3.820294398481571e-15
3030.0 3.732983272552754e-15
3040.0 3.2114842531963428e-15
3050.0 3.637082144864858e-15
3060.0 3.3226258734381545e-15
3070.0 3.636005273858455e-15
3080.0 3.82498692861274e-15
3090.0 3.699899260276791e-15
3100.0 3.918865337130949e-15
3110.0 1.0403764161103555e-15
3120.0 4.227074220702871e-15
3130.0 4.656288970839192e-15
3140.0 4.789811531916654e-15
3150.0 4.730257240183242e-15
3160.0 6.279944937650183e-15
3170.0 6.4288290621761e-15
3180.0 5.521391915795318e-15
3190.0 5.808410532969995e-15
3200.0 5.482884837046398e-15
3210.0 5.102354990657577e-15
3220.0 5.385071218817352e-15
3230.0 4.937083437410147e-15
3240.0 4.70898688228295e-15
3250.0 4.985237010750884e-15
3260.0 4.774067169452787e-15
3270.0 4.888201686588733e-15
3280.0 5.091455374485523e-15
3290.0 4.6799787637401325e-15
3300.0 4.846254218295101e-15
3310.0 4.8731644374266084e-15
3320.0 5.077544404709284e-15
3330.0 5.297236096746018e-15
3340.0 5.449317741320201e-15
3350.0 6.682327953387852e-15
3360.0 6.086342538034871e-15
3370.0 6.496524242991893e-15
3380.0 6.617404888901689e-15
3390.0 7.096626112680677e-15
3400.0 7.119616858204018e-15
3410.0 7.409503791760022e-15
3420.0 8.602796578561379e-15
3430.0 7.969427971590164e-15
3440.0 7.778280722896107e-15
3450.0 8.011502502954186e-15
3460.0 8.741551837277391e-15
3470.0 8.938974977939905e-15
3480.0 9.197055193307717e-15
3490.0 9.618662578488956e-15
3500.0 9.166329873273553e-15
3510.0 1.2023955954175603e-14
3520.0 1.3354463147067633e-14
3530.0 1.4111552933105473e-14
3540.0 1.4992937253547407e-14
3550.0 1.6405223991373015e-14
3560.0 1.754595846835155e-14
3570.0 1.8071505241413922e-14
3580.0 1.8406622315197474e-14
3590.0 1.932880543256915e-14
3600.0 1.918857185019238e-14
3610.0 1.7988453507561883e-14
3620.0 1.8304604117639866e-14
3630.0 1.68620675323753e-14
3640.0 1.735302979543209e-14
3650.0 1.8619743838053876e-14
3660.0 1.9520660413742326e-14
3670.0 1.8590122366249662e-14
3680.0 1.8472437713877757e-14
3690.0 1.591505079383594e-14
3700.0 1.450181990401534e-14
3710.0 1.364936333728152e-14
3720.0 1.1962900833237025e-14
3730.0 1.197648324451168e-14
3740.0 1.1778979874646981e-14
3750.0 1.2314311873061175e-14
3760.0 1.3083843645703613e-14
3770.0 1.3298619798806158e-14
3780.0 1.3561198920330206e-14
3790.0 1.4312707193052773e-14
3800.0 1.4951735419849014e-14
3810.0 1.50467232064419e-14
3820.0 1.6350061101908942e-14
3830.0 1.7484694520433535e-14
3840.0 1.9560542736381313e-14
3850.0 2.110044119328491e-14
3860.0 2.3765330860667733e-14
3870.0 2.631539940947753e-14
3880.0 2.971633898042397e-14
3890.0 3.19471515703493e-14
3900.0 3.5484247529237394e-14
3910.0 3.853344579104956e-14
3920.0 4.0843123731312176e-14
3930.0 4.294406263589986e-14
3940.0 4.4400857232371585e-14
3950.0 4.4461666098426084e-14
3960.0 4.1019456187854604e-14
3970.0 4.023828836693462e-14
3980.0 3.7422914486307775e-14
3990.0 3.378685604451787e-14
4000.0 3.066589088050998e-14
4010.0 2.8012100356193663e-14
4020.0 2.7491318957197298e-14
4030.0 2.6382694093811592e-14
4040.0 2.7063884031286137e-14
4050.0 2.7390909321835327e-14
4060.0 2.768171481955168e-14
4070.0 2.820685757905903e-14
4080.0 2.9982615353810337e-14
4090.0 3.1603355163882856e-14
4100.0 3.3475430758164663e-14
4110.0 3.434376802904524e-14
4120.0 3.4927701014348136e-14
4130.0 3.514446967578971e-14
4140.0 3.558601745024385e-14
4150.0 3.657852425900448e-14
4160.0 3.6892548886189816e-14
4170.0 3.736914557501988e-14
4180.0 3.718921273462166e-14
4190.0 3.664815886239116e-14
4200.0 3.718294441360943e-14
4210.0 3.769822089517991e-14
4220.0 3.805312712462617e-14
4230.0 3.798328852176432e-14
4240.0 3.772567478702774e-14
4250.0 3.696421203984799e-14
4260.0 3.637271168905552e-14
4270.0 3.577379830659706e-14
4280.0 3.500552713810606e-14
4290.0 3.315377860796545e-14
4300.0 3.247301237087424e-14
4310.0 3.1256642649465e-14
4320.0 2.958965226789709e-14
4330.0 2.717694281823487e-14
4340.0 2.4243180187947115e-14
4350.0 2.295569217900573e-14
4360.0 2.1905239822428158e-14
4370.0 2.0289911574988387e-14
4380.0 1.940817901660584e-14
4390.0 1.878694468020495e-14
4400.0 1.8525307330615645e-14
4410.0 1.8338262185805778e-14
4420.0 1.9348857676834457e-14
4430.0 2.025006519937118e-14
4440.0 2.2044096358535588e-14
4450.0 2.3167062026461947e-14
4460.0 2.6486134993133563e-14
4470.0 2.8237886401049482e-14
4480.0 3.035945690892019e-14
4490.0 3.2311426979185695e-14
4500.0 3.472068863819782e-14
4510.0 3.702507382697637e-14
4520.0 3.938454705409924e-14
4530.0 4.207683884180142e-14
4540.0 4.3717205956488174e-14
4550.0 4.576908466943669e-14
4560.0 4.7693328709972685e-14
4570.0 4.919843379775178e-14
4580.0 4.9864387917343306e-14
4590.0 5.0014867492887596e-14
4600.0 4.986277246935115e-14
4610.0 4.93510104337203e-14
4620.0 4.889635370993585e-14
4630.0 4.822517285908516e-14
4640.0 4.6638872159775703e-14
4650.0 4.4170630099624887e-14
4660.0 4.2380137145907384e-14
4670.0 4.148925275118266e-14
4680.0 3.896257773878757e-14
4690.0 3.650636390825706e-14
4700.0 3.364382634507731e-14
4710.0 3.115792704521943e-14
4720.0 2.7590069363871362e-14
4730.0 2.3552731258593564e-14
4740.0 2.140559724035118e-14
4750.0 2.0195908804274783e-14
4760.0 1.9995808582143395e-14
4770.0 2.0161315961677922e-14
4780.0 2.0861860951648022e-14
4790.0 2.0640383902647605e-14
4800.0 2.054677010599328e-14
4810.0 1.951859029711903e-14
4820.0 1.798041439055106e-14
4830.0 1.7598022824819197e-14
4840.0 1.740814552946062e-14
4850.0 1.7509575779262507e-14
4860.0 1.8464694419652574e-14
4870.0 1.9188488399977223e-14
4880.0 2.0390716028377147e-14
4890.0 2.1562663694551832e-14
4900.0 2.2469532811734546e-14
4910.0 2.3995040763372518e-14
4920.0 2.5727883062462745e-14
4930.0 2.670620963794077e-14
4940.0 2.685600173636235e-14
4950.0 2.5651001942867332e-14
4960.0 2.3318758398184148e-14
4970.0 2.0627173012119753e-14
4980.0 2.0163406807258292e-14
4990.0 1.9473250926555336e-14
5000.0 1.9357176490464637e-14
5010.0 1.931240305464714e-14
5020.0 1.967631919699713e-14
5030.0 1.9557356546988702e-14
5040.0 2.0349353461032716e-14
5050.0 2.095526234927933e-14
5060.0 2.142732631702527e-14
5070.0 2.268610613782914e-14
5080.0 2.3367349702387617e-14
5090.0 2.4022796184425194e-14
5100.0 2.4658610528844696e-14
5110.0 2.5826886696948677e-14
5120.0 2.6947333924336162e-14
5130.0 2.8635637099284325e-14
5140.0 3.07609882003932e-14
5150.0 3.2867652100454264e-14
5160.0 3.4797606793561244e-14
5170.0 3.6784470010707366e-14
5180.0 3.8358658338374604e-14
5190.0 3.9882259016664554e-14
5200.0 4.082911031559186e-14
5210.0 4.24870099256243e-14
5220.0 4.3267816747339676e-14
5230.0 4.401105064412176e-14
5240.0 4.4374355611665167e-14
5250.0 4.423015184494434e-14
5260.0 4.3859768968009885e-14
5270.0 4.3472836118868474e-14
5280.0 4.1726057598903874e-14
5290.0 3.881721658267909e-14
5300.0 3.6442403282060445e-14
5310.0 3.4349748366233965e-14
5320.0 3.279807989000792e-14
5330.0 3.5806691380447127e-14
5340.0 3.33854656795546e-14
5350.0 3.37097268468981e-14
5360.0 3.4375814949187554e-14
5370.0 3.4249708802499056e-14
5380.0 3.410567427890537e-14
5390.0 3.388695572908112e-14
5400.0 3.3904493078108487e-14
5410.0 3.358810315252317e-14
5420.0 3.325720647569603e-14
5430.0 3.312855018130262e-14
5440.0 3.1874086392594354e-14
5450.0 3.248933737915464e-14
5460.0 3.1811779397708934e-14
5470.0 3.0727289329172894e-14
5480.0 2.983113171902477e-14
5490.0 2.8225451351159354e-14
5500.0 2.722552851391898e-14
5510.0 2.649264080701928e-14
5520.0 2.684427647300434e-14
5530.0 2.7875134638911775e-14
5540.0 2.909205114050887e-14
5550.0 3.0229271430497444e-14
5560.0 3.1058219162146946e-14
5570.0 3.239779951931812e-14
5580.0 3.345871095545617e-14
5590.0 3.387317146688825e-14
5610.0 4.315114887373313e-14
5620.0 4.395709917421097e-14
5630.0 4.4369516310594257e-14
5640.0 4.43223313420691e-14
5650.0 4.408220978075853e-14
5660.0 4.378871278320077e-14
5670.0 4.332955448093142e-14
5680.0 4.3208819156226725e-14
5690.0 4.271361364157756e-14
5700.0 4.2039214355769723e-14
5710.0 4.12604902331235e-14
5720.0 4.010300791948108e-14
5730.0 3.8820860679616054e-14
5740.0 3.7935399020572586e-14
5750.0 3.7690395590784514e-14
5760.0 3.7461955229583414e-14
5770.0 3.7065018430743034e-14
5780.0 3.673540785251926e-14
5790.0 3.684473442309292e-14
5800.0 3.733815883756888e-14
5810.0 3.7093714434310915e-14
5820.0 3.768565277221283e-14
5830.0 3.83374447630915e-14
5840.0 3.912671304662875e-14
5850.0 4.0035811382514906e-14
5860.0 4.105644505831744e-14
5870.0 4.1286911431242616e-14
5880.0 4.1792419071070465e-14
5890.0 4.0978845330685126e-14
5900.0 4.183297124432051e-14
5910.0 4.1013472461725204e-14
5920.0 3.6226420837332257e-14
5930.0 4.055701665989399e-14
5940.0 4.038411639636879e-14
5950.0 4.008937723701961e-14
5960.0 3.994557552271117e-14
5970.0 3.9179666929474175e-14
5980.0 3.816535531821341e-14
5990.0 3.715568950770519e-14
6000.0 3.54092132889825e-14
6010.0 3.2130635727633526e-14
6020.0 2.803699099554007e-14
6030.0 2.4120653650388785e-14
6040.0 2.0823015157852676e-14
6050.0 1.7545115469407397e-14
6060.0 1.4180370844709276e-14
6070.0 1.1730135879480155e-14
6080.0 1.029563646471648e-14
6090.0 9.401708569680776e-15
6100.0 8.875856965370376e-15
6110.0 8.730677093120119e-15
6120.0 8.823808441378398e-15
6130.0 8.946064766281495e-15
6140.0 9.476954689472887e-15
6150.0 9.91013139784614e-15
6160.0 1.0592908050011065e-14
6170.0 1.1387912554967727e-14
6180.0 1.24308208078861e-14
6190.0 1.344831742058984e-14
6200.0 1.5023405231760065e-14
6210.0 1.715502135399652e-14
6220.0 1.9608698019318483e-14
6230.0 2.238195554941269e-14
6240.0 2.51038007918156e-14
6250.0 2.785547132442372e-14
6260.0 3.0261817995841904e-14
6270.0 3.194237590969803e-14
6280.0 3.2973182261018686e-14
6290.0 3.469335079206693e-14
6300.0 3.541283608465339e-14
6310.0 3.5141379880895603e-14
6320.0 3.610750833080653e-14
6330.0 3.6847928056376055e-14
6340.0 3.70866691855101e-14
6350.0 3.7082322588965846e-14
6360.0 3.7273457280463394e-14
6370.0 3.7493159131244706e-14
6380.0 3.700046839270784e-14
6390.0 3.704723654709678e-14
6400.0 3.697386588654024e-14
6410.0 3.69819892673679e-14
6420.0 3.658657074422533e-14
6430.0 3.63696452099719e-14
6440.0 3.5814390869031614e-14
6450.0 3.565542554837287e-14
6460.0 3.51283142777078e-14
6470.0 3.4713926225490164e-14
6480.0 3.4202709034582135e-14
6490.0 3.361249858969213e-14
6500.0 3.3186117875404166e-14
6510.0 3.2888271716140035e-14
6520.0 3.220182551158878e-14
6530.0 3.14957247621198e-14
6540.0 3.0958517959170797e-14
6550.0 3.0427093405802087e-14
6560.0 2.963842100232198e-14
6570.0 2.9250008245758735e-14
6580.0 2.855721017239073e-14
6590.0 2.8029760473263627e-14
6600.0 2.740901083734254e-14
6610.0 2.6779578716155496e-14
6620.0 2.6332178232503217e-14
6630.0 2.5775115384034933e-14
6640.0 2.527507732449537e-14
6650.0 2.4807283673453698e-14
6660.0 2.4310559982519186e-14
6670.0 2.3683107087218985e-14
6680.0 2.3414747029403618e-14
6690.0 2.2965862004834394e-14
6700.0 2.2522785606760675e-14
6710.0 2.2154777803518304e-14
6720.0 2.1622692083421326e-14
6730.0 2.1338493465732085e-14
6740.0 2.074495123907444e-14
6750.0 2.07839449053902e-14
6760.0 2.0307853405735204e-14
6770.0 2.005079012797954e-14
6780.0 1.9651944765459284e-14
6790.0 1.9461759907357458e-14
6800.0 1.9187221255407987e-14
6810.0 1.905161998058513e-14
6820.0 1.8789625081721553e-14
6830.0 1.882267665341947e-14
6840.0 1.8843340889704308e-14
6850.0 1.8426237422720424e-14
6860.0 1.8262895668773202e-14
6870.0 1.8040136246207656e-14
6880.0 1.813828628801906e-14
6890.0 1.7582260765950727e-14
6900.0 1.7399022183423337e-14
6910.0 1.719299427250204e-14
6920.0 1.6991296585221463e-14
6930.0 1.6763172492617066e-14
6940.0 1.6519036819155706e-14
6950.0 1.618827510487171e-14
6960.0 1.6009176899212407e-14
6970.0 1.5897510868157387e-14
6980.0 1.5726541769856884e-14
6990.0 1.566923763902466e-14
7000.0 1.5509136456935754e-14
7010.0 1.5283961081476213e-14
7020.0 1.55108905637948e-14
7030.0 1.5337997668354307e-14
7040.0 1.5084351286547962e-14
7050.0 1.4950398159790428e-14
7060.0 1.4855753659036422e-14
7070.0 1.456740186331491e-14
7080.0 1.4550088848356317e-14
7090.0 1.4388827845798814e-14
7100.0 1.420193970629777e-14
7110.0 1.4061412101901676e-14
7120.0 1.4023540010374975e-14
7130.0 1.3904708247144761e-14
7140.0 1.3605762631429262e-14
7150.0 1.3499030861781176e-14
7160.0 1.3507421921412616e-14
7170.0 1.3489198700249552e-14
7180.0 1.3450840768914632e-14
7190.0 1.3363529535282979e-14
7200.0 1.3412877234631156e-14
7210.0 1.3488997562687267e-14
7220.0 1.3433807438718447e-14
7230.0 1.3193925658302477e-14
7240.0 1.310436097264696e-14
7250.0 1.3169868382461594e-14
7260.0 1.282985821637008e-14
7270.0 1.3032082485065252e-14
7280.0 1.2867639738434802e-14
7290.0 1.2781041596916187e-14
7300.0 1.2638706531577303e-14
7310.0 1.2496468178499341e-14
7320.0 1.2386499788843423e-14
7330.0 1.2064915279171868e-14
7340.0 1.1838337227085927e-14
7350.0 1.1421956494881776e-14
7360.0 1.0961628008211305e-14
7370.0 1.0428904707770776e-14
7380.0 9.95844831461442e-15
7390.0 9.708240120624552e-15
7400.0 9.554723959617694e-15
7410.0 9.183564476859851e-15
7420.0 8.929195393795695e-15
7430.0 8.355090267995931e-15
7440.0 8.20861371256143e-15
7450.0 8.308426254690039e-15
7460.0 8.523342164603095e-15
7470.0 8.789857037096266e-15
7480.0 8.931722375565433e-15
7490.0 8.97955492402231e-15
7500.0 9.041747574059908e-15
7510.0 9.063789649015207e-15
7520.0 9.136210866049481e-15
7530.0 9.12319991969425e-15
7540.0 9.077400214729594e-15
7550.0 9.11984053425683e-15
7560.0 9.045539037787917e-15
7570.0 8.99712391215363e-15
7580.0 9.085481614264047e-15
7590.0 8.979353267724671e-15
7600.0 8.365114230330699e-15
7610.0 8.653337420375212e-15
7620.0 8.965308243440555e-15
7630.0 8.83696848577617e-15
7640.0 8.828698532418319e-15
7650.0 8.920070967310962e-15
7660.0 9.103242926881802e-15
7670.0 8.924141984413027e-15
7680.0 8.924086925406415e-15
7690.0 8.973275982602214e-15
7700.0 8.784444232694521e-15
7710.0 8.801656824703437e-15
7720.0 8.786541471721455e-15
7730.0 8.694180521144863e-15
7740.0 8.643625963266208e-15
7750.0 8.644326198190223e-15
7760.0 8.678533412066075e-15
7770.0 8.799876525602826e-15
7780.0 8.848044502168525e-15
7790.0 9.072340480577616e-15
7800.0 9.262366082000957e-15
7810.0 9.390798624486185e-15
7820.0 9.59002549934385e-15
7830.0 9.807039794414208e-15
7840.0 9.850126977832139e-15
7850.0 9.961807315991464e-15
7860.0 1.0149607564502587e-14
7870.0 1.0094321290064102e-14
7880.0 1.0216801621214563e-14
7890.0 1.0275949146696592e-14
7900.0 1.0290273940866908e-14
7910.0 1.0356830691988656e-14
7920.0 1.0442623293642035e-14
7930.0 1.0409285695690596e-14
7940.0 1.0412139204849033e-14
7950.0 1.0462371837926288e-14
7960.0 1.0324387304582455e-14
7970.0 1.0255266518089189e-14
7980.0 1.0047198455483462e-14
7990.0 9.889137809476425e-15
8000.0 9.706883945867015e-15
8010.0 9.52832353356939e-15
8020.0 9.240999678926446e-15
8030.0 8.847169643944164e-15
8040.0 8.635333832163084e-15
8050.0 8.432014904677166e-15
8060.0 7.915546102836464e-15
8070.0 7.520755880727554e-15
8080.0 7.119697605324666e-15
8090.0 6.627956243055478e-15
8100.0 6.243420216883364e-15
8110.0 6.0459569392179145e-15
8120.0 5.767847844627344e-15
8130.0 5.426718512575995e-15
8140.0 4.8762360277398295e-15
8150.0 4.564032440516833e-15
8160.0 4.146123480987689e-15
8170.0 3.972929167775874e-15
8180.0 3.591917415184813e-15
8190.0 3.2747482189381117e-15
8200.0 3.03486370356916e-15
8210.0 3.022585315033177e-15
8220.0 2.910532779469574e-15
8230.0 2.870641556105184e-15
8240.0 2.8886369048165753e-15
8250.0 2.981372956245155e-15
8260.0 3.029123988056518e-15
8270.0 3.1139157419298467e-15
8280.0 3.158669432652581e-15
8290.0 3.189458568978678e-15
8300.0 3.1961604737696974e-15
8310.0 3.134304861777687e-15
8320.0 3.2075593958037622e-15
8330.0 3.2674011832629196e-15
8340.0 3.4666272696917824e-15
8350.0 3.641982843713558e-15
8360.0 4.025446236356719e-15
8370.0 4.388915599820119e-15
8380.0 4.691371803089354e-15
8390.0 5.106010152662777e-15
8400.0 5.355553719562041e-15
8410.0 5.7895313078428e-15
8420.0 6.150491274253792e-15
8430.0 6.4770650799909205e-15
8440.0 6.8675051020531016e-15
8450.0 7.395861257321223e-15
8460.0 7.962374211729862e-15
8470.0 8.616434303831359e-15
8480.0 9.257232188484177e-15
8490.0 9.817362842003897e-15
8500.0 1.0286067443424377e-14
8510.0 1.0641343277060526e-14
8520.0 1.0933207318016605e-14
8530.0 1.1313137745515368e-14
8540.0 1.1552773808610173e-14
8550.0 1.1816843286338015e-14
8560.0 1.2014362269423046e-14
8570.0 1.2009705961891272e-14
8580.0 1.2250811296608848e-14
8590.0 1.2270336333028286e-14
8600.0 1.2357431611646125e-14
8610.0 1.2473488642789e-14
8620.0 1.2518962009705034e-14
8630.0 1.2712211779018186e-14
8640.0 1.2566254674750207e-14
8650.0 1.2645198769852985e-14
8660.0 1.2659007542998703e-14
8670.0 1.2686382215334841e-14
8680.0 1.2601666014638076e-14
8690.0 1.2660217817368313e-14
8700.0 1.2598381311808761e-14
8710.0 1.2428784652105922e-14
8720.0 1.2516404418822562e-14
8730.0 1.2475622361704546e-14
8740.0 1.2185047040389588e-14
8750.0 1.2112223349103728e-14
8760.0 1.1812461929349747e-14
8770.0 1.1777674030381675e-14
8780.0 1.1757573936718075e-14
8790.0 1.1482612789592558e-14
8800.0 1.144699801670806e-14
8810.0 1.1286219690947047e-14
8820.0 1.0864665089692696e-14
8830.0 1.0703180607824258e-14
8840.0 1.06046455228947e-14
8850.0 1.0510989030463231e-14
8860.0 1.0179553109517688e-14
8870.0 1.0118705609495659e-14
8880.0 1.0032898254088114e-14
8890.0 9.82494898179183e-15
8900.0 9.6212962932649e-15
8910.0 9.42048789276511e-15
8920.0 9.39999547545812e-15
8930.0 9.16210308398471e-15
8940.0 8.793713540184532e-15
8950.0 8.72036801424274e-15
8960.0 8.567764497870625e-15
8970.0 8.503053089570479e-15
8980.0 8.189373141920255e-15
8990.0 7.959835709471185e-15
9000.0 7.905898245193322e-15
9010.0 7.677962559832292e-15
9020.0 7.652784725959617e-15
9030.0 7.572020355291657e-15
9040.0 7.42897030837022e-15
9050.0 7.29473109959171e-15
9060.0 7.100830646460712e-15
9070.0 7.043601790475445e-15
9080.0 6.8296906017807405e-15
9090.0 6.761372758195907e-15
9100.0 6.617589271690437e-15
9110.0 6.565771899726682e-15
9120.0 6.367382884862648e-15
9130.0 6.280902725067751e-15
9140.0 6.16329641738622e-15
9150.0 6.060799421567799e-15
9160.0 5.986549234293462e-15
9170.0 5.735176150384514e-15
9180.0 5.7772550950506445e-15
9190.0 5.551363880275866e-15
9200.0 5.534069547466309e-15
9210.0 5.355953057184101e-15
9220.0 5.349858120395702e-15
9230.0 5.14363872800054e-15
9240.0 5.02328688973493e-15
9250.0 4.974213726607284e-15
9260.0 4.874649945208126e-15
9270.0 4.828891430558826e-15
9280.0 4.7656458892111695e-15
9290.0 4.6634908659217124e-15
9300.0 4.547526064591851e-15
9310.0 4.417514330536288e-15
9320.0 4.0926054570812944e-15
9330.0 4.1349076546742505e-15
9340.0 3.909839398076667e-15
9350.0 3.800032804614936e-15
9360.0 3.572526433475021e-15
9370.0 3.35500915871136e-15
