1270.0 2.022311728800018e-17
1280.0 3.9274543246000296e-17
1290.0 5.1494194260000556e-17
1300.0 6.32318592400002e-17
1310.0 1.0418862580999947e-16
1320.0 1.5372633596999718e-16
1330.0 1.8651619139999982e-16
1340.0 3.3269919119999974e-16
1350.0 4.808388936999997e-16
1360.0 6.017156547999989e-16
1370.0 6.468046551999997e-16
1380.0 5.531277845999994e-16
1390.0 4.3897813509999924e-16
1400.0 3.1654023349999886e-16
1410.0 2.6233799399999905e-16
1420.0 2.366964457000005e-16
1430.0 1.9494998839999952e-16
1440.0 2.022760154999986e-16
1450.0 2.868202908000028e-16
1460.0 3.5028453029999953e-16
1470.0 5.33646129899996e-16
1480.0 7.326273598e-16
1490.0 9.802233665000022e-16
1500.0 1.1755026970000012e-15
1510.0 1.3887939499999954e-15
1520.0 1.5934970219999978e-15
1530.0 1.7482173990000004e-15
1540.0 1.7945630289999996e-15
1550.0 1.5075277309999963e-15
1560.0 1.4835773709999938e-15
1570.0 1.330821032999997e-15
1580.0 1.2372089989999956e-15
1590.0 1.2265776649999952e-15
1600.0 1.5343906900000027e-15
1610.0 1.809653712000002e-15
1620.0 2.323093477999998e-15
1630.0 2.4358345760000007e-15
1640.0 2.6390047820000137e-15
1650.0 2.6246220510000016e-15
1660.0 2.6552598809999937e-15
1670.0 2.8020404440000005e-15
1680.0 2.659316411e-15
1690.0 2.4170447799999975e-15
1700.0 2.2622076159999977e-15
1710.0 1.9881468029999997e-15
1720.0 3.8303305320000006e-15
1730.0 7.946420370000001e-15
1740.0 1.2062741389999998e-14
1750.0 1.6172836490000004e-14
1770.0 7.020845046506578e-17
1780.0 6.265261745545056e-17
1790.0 7.995054799052645e-17
1800.0 9.724847852560235e-17
1810.0 8.450981948475878e-17
1820.0 7.177116044391519e-17
1830.0 1.1713548525249593e-16
1840.0 1.6249981006107666e-16
1850.0 1.481764463687767e-16
1860.0 1.338530826764767e-16
1870.0 1.3544890232426853e-16
1880.0 1.3704472197206033e-16
1890.0 1.4578981209025986e-16
1900.0 1.545349022084594e-16
1910.0 1.548668552712019e-16
1920.0 1.5519880833394439e-16
1930.0 1.888098932464611e-16
1940.0 2.2242097815897786e-16
1950.0 2.453625145386527e-16
1960.0 2.6830405091832753e-16
1970.0 2.7609609686825426e-16
1980.0 2.8388814281818103e-16
1990.0 2.5375474795425792e-16
2000.0 2.2362135309033477e-16
2010.0 1.8931965852101458e-16
2020.0 1.5501796395169435e-16
2030.0 1.231158294765642e-16
2040.0 9.121369500143405e-17
2050.0 8.251294286639046e-17
2060.0 7.381219073134687e-17
2070.0 5.673983887146126e-17
2080.0 3.966748701157566e-17
2090.0 4.0990739156567094e-17
2100.0 4.231399130155853e-17
2110.0 3.314349509686618e-17
2120.0 2.3972998892173825e-17
2130.0 2.1626064478165263e-17
2140.0 1.92791300641567e-17
2150.0 1.6059997350116742e-17
2160.0 1.2840864636076784e-17
2170.0 1.960790576838914e-17
2180.0 2.637494690070149e-17
2190.0 2.5617288887754018e-17
2200.0 2.4859630874806543e-17
2210.0 3.7061589005328664e-17
2220.0 4.926354713585078e-17
2230.0 5.622829515981856e-17
2240.0 6.319304318378636e-17
2250.0 6.759056536054406e-17
2260.0 7.198808753730176e-17
2270.0 8.892021910302065e-17
2280.0 1.0585235066873954e-16
2290.0 9.815998096749547e-17
2300.0 9.046761126625139e-17
2310.0 8.756289499925229e-17
2320.0 8.465817873225318e-17
2330.0 7.712583392705966e-17
2340.0 6.959348912186615e-17
2350.0 5.4619603573463774e-17
2360.0 3.96457180250614e-17
2370.0 3.746367163176894e-17
2380.0 3.5281625238476485e-17
2390.0 3.439365425608976e-17
2400.0 3.350568327370304e-17
2410.0 3.4444773950968185e-17
2420.0 3.538386462823333e-17
2430.0 3.81474370161607e-17
2440.0 4.091100940408807e-17
2450.0 4.3242076329216774e-17
2460.0 4.557314325434549e-17
2470.0 5.1881889685245075e-17
2480.0 5.819063611614465e-17
2490.0 7.64819829327743e-17
2500.0 9.477332974940393e-17
2510.0 1.206821319580178e-16
2520.0 1.4659093416663165e-16
2530.0 1.6465457278735958e-16
2540.0 1.8271821140808747e-16
2550.0 2.1170420869587485e-16
2560.0 2.406902059836622e-16
2570.0 2.8537690978504426e-16
2580.0 3.300636135864263e-16
2590.0 3.7420855403361954e-16
2600.0 4.1835349448081267e-16
2610.0 5.487058967441458e-16
2620.0 6.79058299007479e-16
2630.0 8.891440733102189e-16
2640.0 1.099229847612959e-15
2650.0 1.3374416383102205e-15
2660.0 1.5756534290074819e-15
2670.0 1.7394806976352907e-15
2680.0 1.9033079662630998e-15
2690.0 2.1648153962813684e-15
2700.0 2.4263228262996375e-15
2710.0 2.7216831376740755e-15
2720.0 3.017043449048513e-15
2730.0 3.1560312119914438e-15
2740.0 3.2950189749343745e-15
2750.0 3.2485913531217754e-15
2760.0 3.2021637313091763e-15
2770.0 3.3274621602468814e-15
2780.0 3.4527605891845857e-15
2790.0 3.4111362124487437e-15
2800.0 3.3695118357129017e-15
2810.0 3.8751599478596504e-15
2820.0 4.3808080600064e-15
2830.0 5.369297717443059e-15
2840.0 6.357787374879719e-15
2850.0 7.338210812062917e-15
2860.0 8.318634249246116e-15
2870.0 9.915424738090189e-15
2880.0 1.1512215226934261e-14
2890.0 1.2725078132357786e-14
2900.0 1.3937941037781307e-14
2910.0 1.4821542427296853e-14
2920.0 1.57051438168124e-14
2930.0 1.558497245433447e-14
2940.0 1.5464801091856537e-14
2950.0 1.5236669018211353e-14
2960.0 1.5008536944566175e-14
2970.0 1.5127221515310673e-14
2980.0 1.5245906086055173e-14
2990.0 1.4670007787393934e-14
3010.0 1.4201939565568228e-14
3020.0 1.3803373979000629e-14
3030.0 1.3105941961611916e-14
3040.0 1.2239602507641999e-14
3050.0 1.2297745759412495e-14
3060.0 1.2513748545047118e-14
3070.0 1.2668571762460539e-14
3080.0 1.325724570787892e-14
3090.0 1.440216452205613e-14
3100.0 1.5644269873986136e-14
3110.0 1.5442418648526335e-14
3120.0 1.8819171846186588e-14
3130.0 2.1184038077392837e-14
3140.0 2.226873386891664e-14
3150.0 2.23049633403236e-14
3160.0 2.3593763759018406e-14
3170.0 2.2378829656734937e-14
3180.0 2.22988400641248e-14
3190.0 2.239342986586974e-14
3200.0 2.1698683308534562e-14
3210.0 2.1724897244229e-14
3220.0 2.0622655631922626e-14
3230.0 1.9818854296894045e-14
3240.0 1.859240014199465e-14
3250.0 1.8620980069757797e-14
3260.0 1.765320369365901e-14
3270.0 1.792166878291781e-14
3280.0 1.8251592620805268e-14
3290.0 1.834429840152023e-14
3300.0 1.8230126595298257e-14
3310.0 1.9277377314696715e-14
3320.0 2.0134928632756544e-14
3330.0 2.12040470144093e-14
3340.0 2.2912746342211478e-14
3350.0 4.229078742772805e-14
3360.0 2.657344128923308e-14
3370.0 2.7552791383401432e-14
3380.0 2.669633172183305e-14
3390.0 2.7071945925445868e-14
3400.0 2.7444424042731547e-14
3410.0 2.9035479465806097e-14
3420.0 3.000191156256334e-14
3430.0 3.098008883251416e-14
3440.0 3.255851166942103e-14
3450.0 3.349738872494999e-14
3460.0 3.599423177523849e-14
3470.0 3.803615490904801e-14
3480.0 3.894113238923515e-14
3490.0 3.830804190675595e-14
3500.0 3.8741926086637653e-14
3510.0 4.149991506850503e-14
3520.0 4.155519034672046e-14
3530.0 4.062500331851254e-14
3540.0 3.950362571034665e-14
3550.0 3.8000933963145874e-14
3560.0 3.6685286992161836e-14
3570.0 3.425345895073516e-14
3580.0 3.181099450142068e-14
3590.0 2.9607032153206e-14
3600.0 2.7297766575867517e-14
3610.0 2.4717657283425325e-14
3620.0 2.2892790637623563e-14
3630.0 1.9116327594735022e-14
3640.0 1.627210150383218e-14
3650.0 1.3730694804106865e-14
3660.0 1.1945047791282023e-14
3670.0 9.99620687378269e-15
3680.0 9.298922368537749e-15
3690.0 8.415148432101579e-15
3700.0 8.662299313103016e-15
3710.0 9.115355687119227e-15
3720.0 8.718894535937767e-15
3730.0 9.753699258693713e-15
3740.0 1.0987977814717253e-14
3750.0 1.3117695837020594e-14
3760.0 1.5863152312875102e-14
3770.0 1.854638757891919e-14
3780.0 2.0854758597365993e-14
3790.0 2.3187759096423885e-14
3800.0 2.5518147049810423e-14
3810.0 2.673227890377564e-14
3820.0 2.964136613646263e-14
3830.0 3.282152906524641e-14
3840.0 3.732842762470143e-14
3850.0 4.1149225381969405e-14
3860.0 4.630547327847862e-14
3870.0 5.114172816029568e-14
3880.0 5.6795494121993494e-14
3890.0 5.906458975324851e-14
3900.0 6.064568084366318e-14
3910.0 6.096159862699126e-14
3920.0 5.942072867105063e-14
3930.0 5.779193163479573e-14
3940.0 5.681079545837948e-14
3950.0 5.271047190003046e-14
3960.0 4.907603270346193e-14
3970.0 5.017215016949283e-14
3980.0 4.927935585526065e-14
3990.0 4.805557405155399e-14
4000.0 4.832058778369136e-14
4010.0 4.8545826090800483e-14
4020.0 5.095286537465601e-14
4030.0 5.2540794074451126e-14
4040.0 5.605723935505569e-14
4050.0 5.925368323756029e-14
4060.0 6.103086145003603e-14
4070.0 6.381540252870988e-14
4080.0 6.73201347134741e-14
4090.0 6.983745844990797e-14
4100.0 7.013997331355375e-14
4110.0 6.974865995107446e-14
4120.0 6.909241870713632e-14
4130.0 6.654875892581755e-14
4140.0 6.316209468032145e-14
4150.0 6.178464302009651e-14
4160.0 6.035975517581221e-14
4170.0 5.86417796693856e-14
4180.0 5.737998675075998e-14
4190.0 5.63727890009839e-14
4200.0 5.446027696151768e-14
4210.0 5.189707726159458e-14
4220.0 4.84637716401026e-14
4230.0 4.4278159058640586e-14
4240.0 4.0323597217962635e-14
4250.0 3.669023114910918e-14
4260.0 3.412075182842434e-14
4270.0 3.213380654036854e-14
4280.0 3.0099981706281793e-14
4290.0 2.8398252753016315e-14
4300.0 2.817910076486781e-14
4310.0 2.9744395557793757e-14
4320.0 3.1946917908260006e-14
4330.0 3.368841482318725e-14
4340.0 3.54310717508923e-14
4350.0 3.782931616872571e-14
4360.0 3.9091919398909746e-14
4370.0 4.067014943175145e-14
4380.0 4.2607036638304244e-14
4390.0 4.390986167947282e-14
4400.0 4.442877682437179e-14
4410.0 4.3671259323557497e-14
4420.0 4.2149219202195366e-14
4430.0 4.1060903476110485e-14
4440.0 4.036973610001265e-14
4450.0 4.0358520326842396e-14
4460.0 4.2230678502542834e-14
4470.0 4.442295771552089e-14
4480.0 4.798512337647947e-14
4490.0 5.011885346575752e-14
4500.0 5.226613223931337e-14
4510.0 5.390679320124842e-14
4520.0 5.4865764100067425e-14
4530.0 5.556509233141875e-14
4540.0 5.550670319047436e-14
4550.0 5.489516563390892e-14
4560.0 5.4084195908348654e-14
4570.0 5.387368292859e-14
4580.0 5.391043649870405e-14
4590.0 5.37241561656085e-14
4600.0 5.3197358446508215e-14
4610.0 5.223340922094249e-14
4620.0 5.124972535524309e-14
4630.0 4.844949597352738e-14
4640.0 4.580845089310104e-14
4650.0 4.25717370306153e-14
4660.0 4.061818093283871e-14
4670.0 4.020937729088472e-14
4680.0 3.891271883578286e-14
4690.0 3.821895882401583e-14
4700.0 3.769123117196147e-14
4710.0 3.734815158093376e-14
4720.0 3.5231982752955385e-14
4730.0 3.3741423649420033e-14
4740.0 3.2672892447859836e-14
4750.0 3.2017418995758405e-14
4760.0 3.1723553517232077e-14
4770.0 3.186059174335371e-14
4780.0 3.208979116938085e-14
4790.0 3.0584735306516026e-14
4800.0 2.9520684203278e-14
4810.0 2.7820369920878846e-14
4820.0 2.5729969281464196e-14
4830.0 2.3734220252256375e-14
4840.0 2.2254787881187405e-14
4850.0 2.1135477022479032e-14
4860.0 2.076624521650596e-14
4870.0 2.0959140567256334e-14
4880.0 2.1945957351175328e-14
4890.0 2.3137774070980518e-14
4900.0 2.40139800443838e-14
4910.0 2.5745415780598436e-14
4920.0 2.7000896156736777e-14
4930.0 2.7902504711364936e-14
4940.0 2.8523966616968215e-14
4950.0 2.820567783893177e-14
4960.0 2.8348020942355132e-14
4970.0 2.750064873490622e-14
4980.0 2.863266501716448e-14
4990.0 2.901085433075675e-14
5000.0 3.012446077314083e-14
5010.0 3.058808737943619e-14
5020.0 3.1174290059505146e-14
5030.0 3.210446531531254e-14
5040.0 3.334536843135008e-14
5050.0 3.424439180755198e-14
5060.0 3.5686019243719644e-14
5070.0 3.700083794277877e-14
5080.0 3.826612948042736e-14
5090.0 3.836651224270572e-14
5100.0 3.9328667396799006e-14
5110.0 4.079166665187075e-14
5120.0 4.0895848277613775e-14
5130.0 4.0616239204422805e-14
5140.0 4.097129085768466e-14
5150.0 4.054219866857285e-14
5160.0 4.050975055968412e-14
5170.0 4.0576898662413235e-14
5180.0 4.063800802318179e-14
5190.0 4.1182777840707374e-14
5200.0 4.091052222499692e-14
5210.0 4.110656766761573e-14
5220.0 3.929199346402937e-14
5230.0 3.630463368480297e-14
5240.0 3.377093480258668e-14
5250.0 3.099014311295819e-14
5260.0 2.886342833261839e-14
5270.0 2.7630159533992434e-14
5280.0 2.6931839773088277e-14
5290.0 2.630728970632406e-14
5300.0 2.6405807902846357e-14
5310.0 2.6665319404017522e-14
5320.0 2.710116529609021e-14
5330.0 3.086820665403313e-14
5340.0 2.934509029283258e-14
5350.0 2.9981863480780916e-14
5360.0 3.040957868183581e-14
5370.0 3.1827063362464465e-14
5380.0 3.188486805602602e-14
5390.0 3.128859517692463e-14
5400.0 3.0529889317362634e-14
5410.0 2.981555972726013e-14
5420.0 2.855722019446859e-14
5430.0 2.7233757422251014e-14
5440.0 2.4921821034597675e-14
5450.0 2.482098267950461e-14
5460.0 2.4541660248054677e-14
5470.0 2.4743612809084784e-14
5480.0 3.05406832279787e-14
5490.0 2.7917212650758566e-14
5500.0 2.8260269122997545e-14
5510.0 3.040049268424921e-14
5520.0 3.228845741157872e-14
5530.0 3.406713173892511e-14
5540.0 3.538533484355827e-14
5550.0 3.637763323609435e-14
5560.0 3.648349899614741e-14
5570.0 3.614880217043142e-14
5580.0 3.6156925630866403e-14
5590.0 3.5980629700539346e-14
5610.0 1.5245476500623483e-14
5620.0 1.5458094680299357e-14
5630.0 1.5563198848741942e-14
5640.0 1.5476763343421498e-14
5650.0 1.534524372729518e-14
5660.0 1.5045138529796063e-14
5670.0 1.4679491692343105e-14
5680.0 1.429156116531872e-14
5690.0 1.3929073473499335e-14
5700.0 1.3347753418682057e-14
5710.0 1.267493683785672e-14
5720.0 1.226023377120383e-14
5730.0 1.2028877673945635e-14
5740.0 1.2093282419263031e-14
5750.0 1.2140083647677341e-14
5760.0 1.2245663218114141e-14
5770.0 1.2476246935514757e-14
5780.0 1.2815290212464652e-14
5790.0 1.3242077626174017e-14
5800.0 1.3716949803049861e-14
5810.0 1.4094378860431908e-14
5820.0 1.4640522699641613e-14
5830.0 1.5032533349437678e-14
5840.0 1.5289889594183948e-14
5850.0 1.5445263122195508e-14
5860.0 1.5738728066644887e-14
5870.0 1.5907204804559837e-14
5880.0 1.5978683696857032e-14
5890.0 1.5755375408519155e-14
5900.0 1.620487510923424e-14
5910.0 1.608967039822773e-14
5920.0 1.4186875686320947e-14
5930.0 1.625947553281994e-14
5940.0 1.6095250058959488e-14
5950.0 1.5692595107211883e-14
5960.0 1.480957713729862e-14
5970.0 1.3645874405735527e-14
5980.0 1.2381396567110148e-14
5990.0 1.0950909077497953e-14
6000.0 9.653934835967294e-15
6010.0 8.349737832963363e-15
6020.0 7.0779982057250245e-15
6030.0 6.320944440235292e-15
6040.0 5.639554449688749e-15
6050.0 5.1391478553272245e-15
6060.0 4.686562724710686e-15
6070.0 4.3904930309903576e-15
6080.0 4.284512505418179e-15
6090.0 4.229251548955454e-15
6100.0 4.3784402240904175e-15
6110.0 4.593771134665802e-15
6120.0 4.879844805257776e-15
6130.0 5.258090089284316e-15
6140.0 5.741603824486987e-15
6150.0 6.313008796175095e-15
6160.0 6.97235875381347e-15
6170.0 7.785878485901945e-15
6180.0 8.699693014626294e-15
6190.0 9.725295979594205e-15
6200.0 1.0644277331317733e-14
6210.0 1.1555467124692732e-14
6220.0 1.2338790728885022e-14
6230.0 1.292263557955685e-14
6240.0 1.3532019905456224e-14
6250.0 1.423690556871693e-14
6260.0 1.498586275898686e-14
6270.0 1.540069408047844e-14
6280.0 1.5965850093171064e-14
6290.0 1.6398968978733403e-14
6300.0 1.678956430476073e-14
6310.0 1.6678677833964876e-14
6320.0 1.704481136570799e-14
6330.0 1.752081613677584e-14
6340.0 1.7506448287103003e-14
6350.0 1.758404642175579e-14
6360.0 1.7695991276290838e-14
6370.0 1.7716186818870327e-14
6380.0 1.759685877821637e-14
6390.0 1.7567130854077422e-14
6400.0 1.7456113183435803e-14
6410.0 1.731186360147146e-14
6420.0 1.7160046880549294e-14
6430.0 1.6913697793940113e-14
6440.0 1.6559487835951536e-14
6450.0 1.6302393045590628e-14
6460.0 1.601521609716237e-14
6470.0 1.567456024684353e-14
6480.0 1.5340690492440096e-14
6490.0 1.514915204712633e-14
6500.0 1.5093848359085704e-14
6510.0 1.4633291134744937e-14
6520.0 1.445383186103086e-14
6530.0 1.4297004856257413e-14
6540.0 1.4054625848684593e-14
6550.0 1.3785986381201238e-14
6560.0 1.3649171523280536e-14
6570.0 1.3531206884455241e-14
6580.0 1.3471536347796457e-14
6590.0 1.3336604080127056e-14
6600.0 1.3182187091513932e-14
6610.0 1.302058940376155e-14
6620.0 1.2903840194798303e-14
6630.0 1.2725089481890239e-14
6640.0 1.2624261942892371e-14
6650.0 1.2493422646668722e-14
6660.0 1.237088085767775e-14
6670.0 1.232667561527146e-14
6680.0 1.2192152984111215e-14
6690.0 1.2026216612757692e-14
6700.0 1.193848416597761e-14
6710.0 1.1793083402745434e-14
6720.0 1.169124659258114e-14
6730.0 1.1577785329165012e-14
6740.0 1.14774086689561e-14
6750.0 1.1378159715349625e-14
6760.0 1.1371279433068899e-14
6770.0 1.1300309533731125e-14
6780.0 1.1270049693527304e-14
6790.0 1.1153087196074516e-14
6800.0 1.1162028842929112e-14
6810.0 1.1171313447855063e-14
6820.0 1.1140169161286152e-14
6830.0 1.105353459838516e-14
6840.0 1.0999284330913954e-14
6850.0 1.092694919090578e-14
6860.0 1.0580503553022136e-14
6870.0 1.0552605522049103e-14
6880.0 1.0677755687672395e-14
6890.0 1.0479033090320456e-14
6900.0 1.0524180955385139e-14
6910.0 1.0409077058305576e-14
6920.0 1.0401354950836315e-14
6930.0 1.0335891762679331e-14
6940.0 1.0392792462234661e-14
6950.0 1.0313624095034174e-14
6960.0 1.0373164881951915e-14
6970.0 1.034963129617963e-14
6980.0 1.029070288834261e-14
6990.0 1.0374585625154224e-14
7000.0 1.0295527576038945e-14
7010.0 1.0218275478708418e-14
7020.0 1.0250976632398778e-14
7030.0 1.0281843420544274e-14
7040.0 1.0270329270336191e-14
7050.0 1.0252658170008688e-14
7060.0 1.0198270123690098e-14
7070.0 1.0199313641424633e-14
7080.0 1.019990043653667e-14
7090.0 1.0185488497281721e-14
7100.0 1.0126849923997727e-14
7110.0 1.005290326547051e-14
7120.0 1.0077569890821296e-14
7130.0 1.0022795285479306e-14
7140.0 9.973191496376652e-15
7150.0 9.880078643659825e-15
7160.0 9.746026453540266e-15
7170.0 9.650535479096903e-15
7180.0 9.540323876322884e-15
7190.0 9.55968387218584e-15
7200.0 9.47921742890321e-15
7210.0 9.584359653853591e-15
7220.0 9.38758884995319e-15
7230.0 9.11736423538617e-15
7240.0 9.055389524127634e-15
7250.0 8.874007574176972e-15
7260.0 8.65579372013243e-15
7270.0 8.549177916049699e-15
7280.0 8.535672453632006e-15
7290.0 8.329564273183081e-15
7300.0 8.151625475518545e-15
7310.0 8.056530910623404e-15
7320.0 7.986267364271182e-15
7330.0 7.792155567095547e-15
7340.0 7.606570057168795e-15
7350.0 7.340261167175258e-15
7360.0 7.0953390479380975e-15
7370.0 6.763812857256036e-15
7380.0 6.620096372318552e-15
7390.0 6.524098868658869e-15
7400.0 6.535296986767104e-15
7410.0 6.458146157584118e-15
7420.0 6.27454057481005e-15
7430.0 6.049770269363058e-15
7440.0 6.0909238381852516e-15
7450.0 6.246827264511065e-15
7460.0 6.411960338367092e-15
7470.0 6.634466658204071e-15
7480.0 6.8488652852271474e-15
7490.0 6.957147312874069e-15
7500.0 7.16442692069939e-15
7510.0 7.222484339873134e-15
7520.0 7.357557864980045e-15
7530.0 7.43906853744326e-15
7540.0 7.609693489523392e-15
7550.0 7.696974609726788e-15
7560.0 7.78080741244563e-15
7570.0 7.906253780634139e-15
7580.0 8.011890531141378e-15
7590.0 7.312933272965333e-15
7600.0 6.030531994938958e-15
7610.0 7.775614893966705e-15
7620.0 7.448496953044334e-15
7630.0 7.561418170617482e-15
7640.0 7.816480882944219e-15
7650.0 8.035260371070148e-15
7660.0 8.093200471752953e-15
7670.0 7.997373739217523e-15
7680.0 7.971994629523533e-15
7690.0 7.921415090845247e-15
7700.0 7.89096209546361e-15
7710.0 7.916582124533072e-15
7720.0 7.869257600767598e-15
7730.0 7.831455919416492e-15
7740.0 7.743817299399881e-15
7750.0 7.706314251366861e-15
7760.0 7.687711913929193e-15
7770.0 7.668069272971034e-15
7780.0 7.4767204146881e-15
7790.0 7.400751415117717e-15
7800.0 7.317835860356458e-15
7810.0 7.226724898266605e-15
7820.0 7.1384611374364e-15
7830.0 7.001144099153447e-15
7840.0 6.864646931332299e-15
7850.0 6.76239723989365e-15
7860.0 6.534764300191905e-15
7870.0 6.364856425471086e-15
7880.0 6.113165442220774e-15
7890.0 5.905436264075623e-15
7900.0 5.708358341501433e-15
7910.0 5.6175957523676354e-15
7920.0 5.436571476849391e-15
7930.0 5.36595767158419e-15
7940.0 5.184213934511729e-15
7950.0 5.0322953433511744e-15
7960.0 4.7783140470597925e-15
7970.0 4.6730739226452834e-15
7980.0 4.53107795742566e-15
7990.0 4.3856902727964555e-15
8000.0 4.2220352019154595e-15
8010.0 4.1117462060476614e-15
8020.0 3.982680197002702e-15
8030.0 3.875478857191002e-15
8040.0 3.8316478213253836e-15
8050.0 3.850586806649625e-15
8060.0 3.885820734690675e-15
8070.0 3.857533606588574e-15
8080.0 3.866026775657216e-15
8090.0 3.941957898174387e-15
8100.0 4.000929532793464e-15
8110.0 4.070291401726231e-15
8120.0 4.067693706840035e-15
8130.0 3.92379359694663e-15
8140.0 3.921383037134498e-15
8150.0 3.9433351947634135e-15
8160.0 3.920128273055011e-15
8170.0 3.977017017501771e-15
8180.0 3.91933067002693e-15
8190.0 3.870232682613471e-15
8200.0 3.90404543351766e-15
8210.0 3.818824784487967e-15
8220.0 3.731377078898077e-15
8230.0 3.7601858672604904e-15
8240.0 3.867223328194073e-15
8250.0 3.964701340309261e-15
8260.0 4.0325976921647745e-15
8270.0 4.085841455431575e-15
8280.0 4.186118746963779e-15
8290.0 4.184688558100363e-15
8300.0 4.187969416512957e-15
8310.0 4.2081842194197854e-15
8320.0 4.299215824508746e-15
8330.0 4.424684449714042e-15
8340.0 4.598073534636821e-15
8350.0 4.8161325608626596e-15
8360.0 4.995478705774325e-15
8370.0 5.285224681635279e-15
8380.0 5.5256755752726645e-15
8390.0 5.724066714003857e-15
8400.0 6.0157840067764266e-15
8410.0 6.145430272638091e-15
8420.0 6.372837542867097e-15
8430.0 6.592261096894257e-15
8440.0 6.738126983038887e-15
8450.0 6.930745048928107e-15
8460.0 7.0848552594517075e-15
8470.0 7.16212607363168e-15
8480.0 7.235131381633512e-15
8490.0 7.37152784877906e-15
8500.0 7.423580361733716e-15
8510.0 7.46094845294953e-15
8520.0 7.479051167280366e-15
8530.0 7.532738653558548e-15
8540.0 7.521138367567779e-15
8550.0 7.532069189806428e-15
8560.0 7.529010284848507e-15
8570.0 7.544034710868177e-15
8580.0 7.426185185787697e-15
8590.0 7.463208036425956e-15
8600.0 7.47278252280934e-15
8610.0 7.376703724191737e-15
8620.0 7.286848873978446e-15
8630.0 7.275172223162556e-15
8640.0 7.16487198538764e-15
8650.0 7.0583982231397516e-15
8660.0 6.92455977275628e-15
8670.0 6.797833765379012e-15
8680.0 6.665590370336096e-15
8690.0 6.514457286926129e-15
8700.0 6.4004165174648864e-15
8710.0 6.234658220597447e-15
8720.0 5.9967251153019886e-15
8730.0 5.803231153424292e-15
8740.0 5.544842103412386e-15
8750.0 5.436227344132231e-15
8760.0 5.347798840047014e-15
8770.0 5.30529904554478e-15
8780.0 5.276042569486631e-15
8790.0 5.174846360533385e-15
8800.0 5.071091898091163e-15
8810.0 4.916585057958802e-15
8820.0 4.8946472777969565e-15
8830.0 4.884906868958764e-15
8840.0 4.857171551125994e-15
8850.0 4.902642465965747e-15
8860.0 4.9691788008178754e-15
8870.0 5.0466905687484034e-15
8880.0 5.129377423495606e-15
8890.0 5.206019327898472e-15
8900.0 5.2410435490264705e-15
8910.0 5.33879776273561e-15
8920.0 5.308156715492691e-15
8930.0 5.316854353322865e-15
8940.0 5.302335338680331e-15
8950.0 5.314404837033507e-15
8960.0 5.324549739971329e-15
8970.0 5.3365171783190036e-15
8980.0 5.283933665521403e-15
8990.0 5.22508256738561e-15
9000.0 5.106476360704195e-15
9010.0 4.982998058205329e-15
9020.0 4.92422580773408e-15
9030.0 4.903697771323572e-15
9040.0 4.8067348785813195e-15
9050.0 4.727899797754308e-15
9060.0 4.583987973690682e-15
9070.0 4.558359495197511e-15
9080.0 4.569448713021127e-15
9090.0 4.6023302255940556e-15
9100.0 4.617339072594793e-15
9110.0 4.651102868201097e-15
9120.0 4.743245661099503e-15
9130.0 4.5638550280425585e-15
9140.0 4.800531402624246e-15
9150.0 4.536269421469692e-15
9160.0 4.8428853481360914e-15
9170.0 4.612438585760091e-15
9180.0 4.8013917539002894e-15
9190.0 4.719030795194155e-15
9200.0 4.777517357785725e-15
9210.0 4.595381186980557e-15
9220.0 4.6263794084239215e-15
9230.0 4.584923664707786e-15
9240.0 4.530182516247008e-15
9250.0 4.531898753486981e-15
9260.0 4.4534400856242e-15
9270.0 4.322224416667427e-15
9280.0 4.1718336125231155e-15
9290.0 4.117834503379937e-15
9300.0 3.969462670398462e-15
9310.0 3.747315921623648e-15
9320.0 3.5507089074047753e-15
9330.0 3.4699764831934204e-15
9340.0 3.1150178693866372e-15
9350.0 3.3851897391266183e-15
9360.0 3.3875304972214295e-15
9370.0 3.0882411740855434e-15
