1270.0 2.022311728800018e-17
1280.0 3.9274543246000296e-17
1290.0 5.1494194260000556e-17
1300.0 6.32318592400002e-17
1310.0 1.0418862580999947e-16
1320.0 1.5372633596999718e-16
1330.0 1.8651619139999982e-16
1340.0 3.3269919119999974e-16
1350.0 4.808388936999997e-16
1360.0 6.017156547999989e-16
1370.0 6.468046551999997e-16
1380.0 5.531277845999994e-16
1390.0 4.3897813509999924e-16
1400.0 3.1654023349999886e-16
1410.0 2.6233799399999905e-16
1420.0 2.366964457000005e-16
1430.0 1.9494998839999952e-16
1440.0 2.022760154999986e-16
1450.0 2.868202908000028e-16
1460.0 3.5028453029999953e-16
1470.0 5.33646129899996e-16
1480.0 7.326273598e-16
1490.0 9.802233665000022e-16
1500.0 1.1755026970000012e-15
1510.0 1.3887939499999954e-15
1520.0 1.5934970219999978e-15
1530.0 1.7482173990000004e-15
1540.0 1.7945630289999996e-15
1550.0 1.5075277309999963e-15
1560.0 1.4835773709999938e-15
1570.0 1.330821032999997e-15
1580.0 1.2372089989999956e-15
1590.0 1.2265776649999952e-15
1600.0 1.5343906900000027e-15
1610.0 1.809653712000002e-15
1620.0 2.323093477999998e-15
1630.0 2.4358345760000007e-15
1640.0 2.6390047820000137e-15
1650.0 2.6246220510000016e-15
1660.0 2.6552598809999937e-15
1670.0 2.8020404440000005e-15
1680.0 2.659316411e-15
1690.0 2.4170447799999975e-15
1710.0 4.279303935007356e-17
1720.0 7.903530365837096e-17
1730.0 6.435758776247986e-17
1740.0 4.9679871866588764e-17
1750.0 5.1772589550902334e-17
1760.0 5.3865307235215905e-17
1770.0 2.60888802181931e-17
1780.0 -1.687546798829706e-18
1790.0 4.858650448894619e-17
1800.0 9.886055577672208e-17
1810.0 9.38707050134578e-17
1820.0 8.888085425019351e-17
1830.0 1.3197300930018863e-16
1840.0 1.7506516435018373e-16
1850.0 1.4555475086129414e-16
1860.0 1.1604433737240457e-16
1870.0 1.5433678683483569e-16
1880.0 1.9262923629726682e-16
1890.0 1.9356647494973184e-16
1900.0 1.9450371360219683e-16
1910.0 1.900766018257525e-16
1920.0 1.8564949004930808e-16
1930.0 1.4893419891652027e-16
1940.0 1.1221890778373244e-16
1950.0 9.856791331729959e-17
1960.0 8.491691885086671e-17
1970.0 1.0395349060343198e-16
1980.0 1.2299006235599723e-16
1990.0 1.162642106822062e-16
2000.0 1.0953835900841513e-16
2010.0 9.824835130221043e-17
2020.0 8.695834359600573e-17
2030.0 8.771110620240548e-17
2040.0 8.846386880880525e-17
2050.0 8.162184710190308e-17
2060.0 7.477982539500091e-17
2070.0 6.032307446511241e-17
2080.0 4.58663235352239e-17
2090.0 3.8508793363470764e-17
2100.0 3.1151263191717627e-17
2110.0 4.0830777749207087e-17
2120.0 5.051029230669654e-17
2130.0 5.1185594829080186e-17
2140.0 5.186089735146383e-17
2150.0 4.302168684394394e-17
2160.0 3.418247633642403e-17
2170.0 4.0582936176789326e-17
2180.0 4.698339601715462e-17
2190.0 3.860191178781844e-17
2200.0 3.0220427558482275e-17
2210.0 3.027582171090348e-17
2220.0 3.0331215863324686e-17
2230.0 4.807113846115406e-17
2240.0 6.581106105898343e-17
2250.0 5.644434237523293e-17
2260.0 4.707762369148243e-17
2270.0 5.154119748160767e-17
2280.0 5.600477127173291e-17
2290.0 7.955722073496961e-17
2300.0 1.0310967019820632e-16
2310.0 1.0907833335204612e-16
2320.0 1.1504699650588593e-16
2330.0 1.433626515762631e-16
2340.0 1.7167830664664027e-16
2350.0 1.6908756800771948e-16
2360.0 1.6649682936879866e-16
2370.0 1.6919472883270823e-16
2380.0 1.7189262829661781e-16
2390.0 1.5828853214528135e-16
2400.0 1.4468443599394488e-16
2410.0 1.1365900117410082e-16
2420.0 8.263356635425678e-17
2430.0 7.304791495852219e-17
2440.0 6.34622635627876e-17
2450.0 5.986190504255014e-17
2460.0 5.626154652231267e-17
2470.0 5.716753983993518e-17
2480.0 5.807353315755767e-17
2490.0 5.745668940158293e-17
2500.0 5.68398456456082e-17
2510.0 5.843333186169516e-17
2520.0 6.002681807778212e-17
2530.0 7.116099618215641e-17
2540.0 8.22951742865307e-17
2550.0 8.391260959258497e-17
2560.0 8.553004489863925e-17
2570.0 8.801664712305192e-17
2580.0 9.05032493474646e-17
2590.0 9.838971921100749e-17
2600.0 1.0627618907455039e-16
2610.0 1.114779994669834e-16
2620.0 1.166798098594164e-16
2630.0 1.4416409843788825e-16
2640.0 1.716483870163601e-16
2650.0 2.18252592978001e-16
2660.0 2.648567989396419e-16
2670.0 3.656163188265199e-16
2680.0 4.663758387133979e-16
2690.0 5.674120780343735e-16
2700.0 6.684483173553491e-16
2710.0 7.201531273208374e-16
2720.0 7.718579372863256e-16
2730.0 8.158096217620125e-16
2740.0 8.597613062376996e-16
2750.0 8.996135448717533e-16
2760.0 9.39465783505807e-16
2770.0 9.571941484373929e-16
2780.0 9.749225133689786e-16
2790.0 9.333415595529989e-16
2800.0 8.917606057370191e-16
2810.0 8.56649294143254e-16
2820.0 8.215379825494888e-16
2830.0 8.724062208830544e-16
2840.0 9.232744592166198e-16
2850.0 9.796652678217437e-16
2860.0 1.0360560764268674e-15
2870.0 1.1816733524973941e-15
2880.0 1.3272906285679208e-15
2890.0 1.3850253530765617e-15
2900.0 1.4427600775852027e-15
2910.0 1.7206525336447551e-15
2920.0 1.9985449897043075e-15
2930.0 2.0586443724870692e-15
2940.0 2.118743755269831e-15
2950.0 1.9606060417410027e-15
2960.0 1.8024683282121747e-15
2970.0 1.751995797075712e-15
2980.0 1.7015232659392498e-15
2990.0 1.6018569375566488e-15
3010.0 1.0815663414256415e-15
3020.0 9.670628759053406e-16
3030.0 1.2334236627609384e-15
3040.0 8.993215627840356e-16
3050.0 1.3547240451787367e-15
3060.0 1.2448783641183711e-15
3070.0 1.307396730997837e-15
3080.0 1.3624486931659232e-15
3090.0 1.5518154050651454e-15
3100.0 1.4744653278764787e-15
3110.0 -1.6491345336341493e-15
3120.0 1.6996413404300879e-15
3130.0 1.644266310045092e-15
3140.0 1.5415706786326877e-15
3150.0 1.5201583792173819e-15
3160.0 3.202845986244519e-15
3170.0 2.3762507040167162e-15
3180.0 2.2001222965945095e-15
3190.0 2.0388249429713315e-15
3200.0 2.1228811130495924e-15
3210.0 1.955896526831716e-15
3220.0 1.7477081544558036e-15
3230.0 1.8100781687849e-15
3240.0 1.3250537573020318e-15
3250.0 1.7233383051649534e-15
3260.0 1.5717186143213655e-15
3270.0 1.6707641886543674e-15
3280.0 1.747774152670933e-15
3290.0 1.5410680428231703e-15
3300.0 1.4442535499984013e-15
3310.0 1.5935694723154372e-15
3320.0 1.7271870437670626e-15
3330.0 1.6201008825550805e-15
3340.0 1.6991339931587664e-15
3350.0 9.57019582577862e-15
3360.0 1.879423461356597e-15
3370.0 2.1898729889937674e-15
3380.0 2.260352292103374e-15
3390.0 2.361306806494608e-15
3400.0 2.4283568894142807e-15
3410.0 2.6034410714192907e-15
3420.0 3.112495190107442e-15
3430.0 2.7735159952355263e-15
3440.0 2.7482319832307137e-15
3450.0 3.003823728019226e-15
3460.0 3.172875116151774e-15
3470.0 3.115299255709707e-15
3480.0 3.199831736940456e-15
3490.0 3.4142435009112122e-15
3500.0 2.4798499253535827e-15
3510.0 4.153122302367805e-15
3520.0 4.419428646279917e-15
3530.0 4.913965551168581e-15
3540.0 4.7368603671830765e-15
3550.0 4.883134789296935e-15
3560.0 5.180039343358012e-15
3570.0 5.46313854623765e-15
3580.0 5.447955964606531e-15
3590.0 5.665703918099973e-15
3600.0 5.817900636612852e-15
3610.0 5.6429279982750625e-15
3620.0 6.787904961154506e-15
3630.0 5.454668994724736e-15
3640.0 5.715260458448023e-15
3650.0 6.444552740181764e-15
3660.0 7.535063706656638e-15
3670.0 7.95980079386876e-15
3680.0 8.47619824202127e-15
3690.0 8.570990232702819e-15
3700.0 9.798561586987711e-15
3710.0 9.27084250489677e-15
3720.0 7.216236410357629e-15
3730.0 6.6373883043625356e-15
3740.0 6.380524691542457e-15
3750.0 6.2875223303718316e-15
3760.0 6.637985285144051e-15
3770.0 6.262934235069613e-15
3780.0 6.125890977602752e-15
3790.0 6.247285026064968e-15
3800.0 6.689680281834257e-15
3810.0 6.1505587761138934e-15
3820.0 6.510400842445845e-15
3830.0 7.321364753274687e-15
3840.0 7.936726456062363e-15
3850.0 8.70019478765999e-15
3860.0 9.917119589559729e-15
3870.0 1.1156102437400955e-14
3880.0 1.2626063462630781e-14
3890.0 1.3237444726205727e-14
3900.0 1.420231758522289e-14
3910.0 1.4969810663272814e-14
3920.0 1.549499710464743e-14
3930.0 1.603581919132831e-14
3940.0 1.6512237747408273e-14
3950.0 1.697145747504556e-14
3960.0 1.701165047469081e-14
3970.0 1.7481044988696513e-14
3980.0 1.711831659457776e-14
3990.0 1.5858687150700868e-14
4000.0 1.4287917515065906e-14
4010.0 1.3115508287642452e-14
4020.0 1.197621698804091e-14
4030.0 1.1081231961535927e-14
4040.0 1.0763144072224298e-14
4050.0 1.0597122006919575e-14
4060.0 1.0455557618298879e-14
4070.0 1.0102506357880567e-14
4080.0 1.0022865269742984e-14
4090.0 9.621343275139712e-15
4100.0 9.671393191589854e-15
4110.0 9.715423009003631e-15
4120.0 9.978595390324444e-15
4130.0 1.0248491367020216e-14
4140.0 1.0666976173826984e-14
4150.0 1.0581339760245261e-14
4160.0 1.1120634831987852e-14
4170.0 1.184492002311461e-14
4180.0 1.247737277110068e-14
4190.0 1.2619160027575956e-14
4200.0 1.2769031303537752e-14
4210.0 1.2792073116149061e-14
4220.0 1.2952775113155122e-14
4230.0 1.2809716487155595e-14
4240.0 1.2783427205732584e-14
4250.0 1.2889973519473791e-14
4260.0 1.2889045517826113e-14
4270.0 1.2992945230490062e-14
4280.0 1.3269114672784864e-14
4290.0 1.3842873922828138e-14
4300.0 1.3956737072278732e-14
4310.0 1.442709095844296e-14
4320.0 1.47427930918019e-14
4330.0 1.4082065241121721e-14
4340.0 1.2624584520418763e-14
4350.0 1.2047021189929704e-14
4360.0 1.0985013001273655e-14
4370.0 1.0037129461370595e-14
4380.0 9.215135160512298e-15
4390.0 8.654349141745261e-15
4400.0 7.994993684446714e-15
4410.0 7.396861549384273e-15
4420.0 7.270001568821888e-15
4430.0 7.006728573323233e-15
4440.0 7.27523805193215e-15
4450.0 7.463769833509644e-15
4460.0 8.193650719723283e-15
4470.0 8.322286611953726e-15
4480.0 8.940636382453491e-15
4490.0 9.621469221237972e-15
4500.0 1.0062695910618387e-14
4510.0 1.1092322144865771e-14
4520.0 1.2135032833909838e-14
4530.0 1.3444981170037195e-14
4540.0 1.496451065993183e-14
4550.0 1.7020588725174682e-14
4560.0 1.935721114223974e-14
4570.0 2.200671001479039e-14
4580.0 2.467613080699324e-14
4590.0 2.689067788597625e-14
4600.0 2.8995632158369046e-14
4610.0 3.038140682069924e-14
4620.0 3.175600360247756e-14
4630.0 3.238821404615921e-14
4640.0 3.1859007986000323e-14
4650.0 2.956226192284578e-14
4660.0 2.7067582168771687e-14
4670.0 2.4691051162816082e-14
4680.0 2.163146744263438e-14
4690.0 1.9277035111774533e-14
4700.0 1.7232286558458583e-14
4710.0 1.5555623699419068e-14
4720.0 1.4171450629517735e-14
4730.0 1.2555798784348414e-14
4740.0 1.1318181814005874e-14
4750.0 1.0477908273074732e-14
4760.0 9.851551306426009e-15
4770.0 9.930798789944669e-15
4780.0 1.0661017285497107e-14
4790.0 1.0727487516918922e-14
4800.0 1.1406415888938386e-14
4810.0 1.1658235669572044e-14
4820.0 1.1233105313287557e-14
4830.0 1.0851109608567012e-14
4840.0 1.0534929044984778e-14
4850.0 1.0426449446752917e-14
4860.0 1.0873870382405295e-14
4870.0 1.1359840446060928e-14
4880.0 1.2271332695814975e-14
4890.0 1.3496070576312653e-14
4900.0 1.423821022007055e-14
4910.0 1.571670742145935e-14
4920.0 1.6964432588667535e-14
4930.0 1.833708053574237e-14
4940.0 1.8361279126978198e-14
4950.0 1.8372211946446294e-14
4960.0 1.7324511759042254e-14
4970.0 1.526068007483969e-14
4980.0 1.439259916133319e-14
4990.0 1.3360591501347431e-14
5000.0 1.2731266057218647e-14
5010.0 1.2524827246848829e-14
5020.0 1.2124961423911981e-14
5030.0 1.1936008537278465e-14
5040.0 1.1866938557026453e-14
5050.0 1.168453277870407e-14
5060.0 1.1511628396719112e-14
5070.0 1.1757781378967678e-14
5080.0 1.17273489063166e-14
5090.0 1.1551698888188288e-14
5100.0 1.1328529993173398e-14
5110.0 1.1433525545696743e-14
5120.0 1.131705255966788e-14
5130.0 1.1412595554657026e-14
5140.0 1.1716023961222128e-14
5150.0 1.2355267350216942e-14
5160.0 1.2861638262395752e-14
5170.0 1.3476790453136693e-14
5180.0 1.4147453958333343e-14
5190.0 1.5205620147800735e-14
5200.0 1.691703198174451e-14
5210.0 1.9057110621813164e-14
5220.0 2.0833007533816848e-14
5230.0 2.2396686170439973e-14
5240.0 2.4377731720810644e-14
5250.0 2.602099738098892e-14
5260.0 2.755744956005513e-14
5270.0 2.8640765651746694e-14
5280.0 2.979624478315727e-14
5290.0 3.005726491419187e-14
5300.0 3.0601871976740235e-14
5310.0 3.0574253074354117e-14
5320.0 3.02578174387451e-14
5330.0 3.299374984398152e-14
5340.0 2.983863756806838e-14
5350.0 2.9240968692179046e-14
5360.0 2.915657211151222e-14
5370.0 2.897603219427231e-14
5380.0 2.846115485730316e-14
5390.0 2.8216275361700078e-14
5400.0 2.849512876532407e-14
5410.0 2.850791283533764e-14
5420.0 2.8689849155339344e-14
5430.0 2.845657815047516e-14
5440.0 2.7239829470669377e-14
5450.0 2.779859099026744e-14
5460.0 2.7089376848367346e-14
5470.0 2.7068298616983852e-14
5480.0 2.6249921718353367e-14
5490.0 2.5598528801684602e-14
5500.0 2.5266680217005286e-14
5510.0 2.4361491797854137e-14
5520.0 2.3566615387948182e-14
5530.0 2.2848329059338114e-14
5540.0 2.232632193814528e-14
5550.0 2.1256997902937374e-14
5560.0 2.055950670053861e-14
5570.0 1.9887748005624006e-14
5580.0 1.971286821819397e-14
5590.0 1.8745582329751898e-14
5610.0 4.315114887373313e-14
5620.0 4.395709917421097e-14
5630.0 4.4369516310594257e-14
5640.0 4.43223313420691e-14
5650.0 4.408220978075853e-14
5660.0 4.378871278320077e-14
5670.0 4.332955448093142e-14
5680.0 4.3208819156226725e-14
5690.0 4.271361364157756e-14
5700.0 4.2039214355769723e-14
5710.0 4.12604902331235e-14
5720.0 4.010300791948108e-14
5730.0 3.8820860679616054e-14
5740.0 3.7935399020572586e-14
5750.0 3.7690395590784514e-14
5760.0 3.7461955229583414e-14
5770.0 3.7065018430743034e-14
5780.0 3.673540785251926e-14
5790.0 3.684473442309292e-14
5800.0 3.733815883756888e-14
5810.0 3.7093714434310915e-14
5820.0 3.768565277221283e-14
5830.0 3.83374447630915e-14
5840.0 3.912671304662875e-14
5850.0 4.0035811382514906e-14
5860.0 4.105644505831744e-14
5870.0 4.1286911431242616e-14
5880.0 4.1792419071070465e-14
5890.0 4.0978845330685126e-14
5900.0 4.183297124432051e-14
5910.0 4.1013472461725204e-14
5920.0 3.6226420837332257e-14
5930.0 4.055701665989399e-14
5940.0 4.038411639636879e-14
5950.0 4.008937723701961e-14
5960.0 3.994557552271117e-14
5970.0 3.9179666929474175e-14
5980.0 3.816535531821341e-14
5990.0 3.715568950770519e-14
6000.0 3.54092132889825e-14
6010.0 3.2130635727633526e-14
6020.0 2.803699099554007e-14
6030.0 2.4120653650388785e-14
6040.0 2.0823015157852676e-14
6050.0 1.7545115469407397e-14
6060.0 1.4180370844709276e-14
6070.0 1.1730135879480155e-14
6080.0 1.029563646471648e-14
6090.0 9.401708569680776e-15
6100.0 8.875856965370376e-15
6110.0 8.730677093120119e-15
6120.0 8.823808441378398e-15
6130.0 8.946064766281495e-15
6140.0 9.476954689472887e-15
6150.0 9.91013139784614e-15
6160.0 1.0592908050011065e-14
6170.0 1.1387912554967727e-14
6180.0 1.24308208078861e-14
6190.0 1.344831742058984e-14
6200.0 1.5023405231760065e-14
6210.0 1.715502135399652e-14
6220.0 1.9608698019318483e-14
6230.0 2.238195554941269e-14
6240.0 2.51038007918156e-14
6250.0 2.785547132442372e-14
6260.0 3.0261817995841904e-14
6270.0 3.194237590969803e-14
6280.0 3.2973182261018686e-14
6290.0 3.469335079206693e-14
6300.0 3.541283608465339e-14
6310.0 3.5141379880895603e-14
6320.0 3.610750833080653e-14
6330.0 3.6847928056376055e-14
6340.0 3.70866691855101e-14
6350.0 3.7082322588965846e-14
6360.0 3.7273457280463394e-14
6370.0 3.7493159131244706e-14
6380.0 3.700046839270784e-14
6390.0 3.704723654709678e-14
6400.0 3.697386588654024e-14
6410.0 3.69819892673679e-14
6420.0 3.658657074422533e-14
6430.0 3.63696452099719e-14
6440.0 3.5814390869031614e-14
6450.0 3.565542554837287e-14
6460.0 3.51283142777078e-14
6470.0 3.4713926225490164e-14
6480.0 3.4202709034582135e-14
6490.0 3.361249858969213e-14
6500.0 3.3186117875404166e-14
6510.0 3.2888271716140035e-14
6520.0 3.220182551158878e-14
6530.0 3.14957247621198e-14
6540.0 3.0958517959170797e-14
6550.0 3.0427093405802087e-14
6560.0 2.963842100232198e-14
6570.0 2.9250008245758735e-14
6580.0 2.855721017239073e-14
6590.0 2.8029760473263627e-14
6600.0 2.740901083734254e-14
6610.0 2.6779578716155496e-14
6620.0 2.6332178232503217e-14
6630.0 2.5775115384034933e-14
6640.0 2.527507732449537e-14
6650.0 2.4807283673453698e-14
6660.0 2.4310559982519186e-14
6670.0 2.3683107087218985e-14
6680.0 2.3414747029403618e-14
6690.0 2.2965862004834394e-14
6700.0 2.2522785606760675e-14
6710.0 2.2154777803518304e-14
6720.0 2.1622692083421326e-14
6730.0 2.1338493465732085e-14
6740.0 2.074495123907444e-14
6750.0 2.07839449053902e-14
6760.0 2.0307853405735204e-14
6770.0 2.005079012797954e-14
6780.0 1.9651944765459284e-14
6790.0 1.9461759907357458e-14
6800.0 1.9187221255407987e-14
6810.0 1.905161998058513e-14
6820.0 1.8789625081721553e-14
6830.0 1.882267665341947e-14
6840.0 1.8843340889704308e-14
6850.0 1.8426237422720424e-14
6860.0 1.8262895668773202e-14
6870.0 1.8040136246207656e-14
6880.0 1.813828628801906e-14
6890.0 1.7582260765950727e-14
6900.0 1.7399022183423337e-14
6910.0 1.719299427250204e-14
6920.0 1.6991296585221463e-14
6930.0 1.6763172492617066e-14
6940.0 1.6519036819155706e-14
6950.0 1.618827510487171e-14
6960.0 1.6009176899212407e-14
6970.0 1.5897510868157387e-14
6980.0 1.5726541769856884e-14
6990.0 1.566923763902466e-14
7000.0 1.5509136456935754e-14
7010.0 1.5283961081476213e-14
7020.0 1.55108905637948e-14
7030.0 1.5337997668354307e-14
7040.0 1.5084351286547962e-14
7050.0 1.4950398159790428e-14
7060.0 1.4855753659036422e-14
7070.0 1.456740186331491e-14
7080.0 1.4550088848356317e-14
7090.0 1.4388827845798814e-14
7100.0 1.420193970629777e-14
7110.0 1.4061412101901676e-14
7120.0 1.4023540010374975e-14
7130.0 1.3904708247144761e-14
7140.0 1.3605762631429262e-14
7150.0 1.3499030861781176e-14
7160.0 1.3507421921412616e-14
7170.0 1.3489198700249552e-14
7180.0 1.3450840768914632e-14
7190.0 1.3363529535282979e-14
7200.0 1.3412877234631156e-14
7210.0 1.3488997562687267e-14
7220.0 1.3433807438718447e-14
7230.0 1.3193925658302477e-14
7240.0 1.310436097264696e-14
7250.0 1.3169868382461594e-14
7260.0 1.282985821637008e-14
7270.0 1.3032082485065252e-14
7280.0 1.2867639738434802e-14
7290.0 1.2781041596916187e-14
7300.0 1.2638706531577303e-14
7310.0 1.2496468178499341e-14
7320.0 1.2386499788843423e-14
7330.0 1.2064915279171868e-14
7340.0 1.1838337227085927e-14
7350.0 1.1421956494881776e-14
7360.0 1.0961628008211305e-14
7370.0 1.0428904707770776e-14
7380.0 9.95844831461442e-15
7390.0 9.708240120624552e-15
7400.0 9.554723959617694e-15
7410.0 9.183564476859851e-15
7420.0 8.929195393795695e-15
7430.0 8.355090267995931e-15
7440.0 8.20861371256143e-15
7450.0 8.308426254690039e-15
7460.0 8.523342164603095e-15
7470.0 8.789857037096266e-15
7480.0 8.931722375565433e-15
7490.0 8.97955492402231e-15
7500.0 9.041747574059908e-15
7510.0 9.063789649015207e-15
7520.0 9.136210866049481e-15
7530.0 9.12319991969425e-15
7540.0 9.077400214729594e-15
7550.0 9.11984053425683e-15
7560.0 9.045539037787917e-15
7570.0 8.99712391215363e-15
7580.0 9.085481614264047e-15
7590.0 8.979353267724671e-15
7600.0 8.365114230330699e-15
7610.0 8.653337420375212e-15
7620.0 8.965308243440555e-15
7630.0 8.83696848577617e-15
7640.0 8.828698532418319e-15
7650.0 8.920070967310962e-15
7660.0 9.103242926881802e-15
7670.0 8.924141984413027e-15
7680.0 8.924086925406415e-15
7690.0 8.973275982602214e-15
7700.0 8.784444232694521e-15
7710.0 8.801656824703437e-15
7720.0 8.786541471721455e-15
7730.0 8.694180521144863e-15
7740.0 8.643625963266208e-15
7750.0 8.644326198190223e-15
7760.0 8.678533412066075e-15
7770.0 8.799876525602826e-15
7780.0 8.848044502168525e-15
7790.0 9.072340480577616e-15
7800.0 9.262366082000957e-15
7810.0 9.390798624486185e-15
7820.0 9.59002549934385e-15
7830.0 9.807039794414208e-15
7840.0 9.850126977832139e-15
7850.0 9.961807315991464e-15
7860.0 1.0149607564502587e-14
7870.0 1.0094321290064102e-14
7880.0 1.0216801621214563e-14
7890.0 1.0275949146696592e-14
7900.0 1.0290273940866908e-14
7910.0 1.0356830691988656e-14
7920.0 1.0442623293642035e-14
7930.0 1.0409285695690596e-14
7940.0 1.0412139204849033e-14
7950.0 1.0462371837926288e-14
7960.0 1.0324387304582455e-14
7970.0 1.0255266518089189e-14
7980.0 1.0047198455483462e-14
7990.0 9.889137809476425e-15
8000.0 9.706883945867015e-15
8010.0 9.52832353356939e-15
8020.0 9.240999678926446e-15
8030.0 8.847169643944164e-15
8040.0 8.635333832163084e-15
8050.0 8.432014904677166e-15
8060.0 7.915546102836464e-15
8070.0 7.520755880727554e-15
8080.0 7.119697605324666e-15
8090.0 6.627956243055478e-15
8100.0 6.243420216883364e-15
8110.0 6.0459569392179145e-15
8120.0 5.767847844627344e-15
8130.0 5.426718512575995e-15
8140.0 4.8762360277398295e-15
8150.0 4.564032440516833e-15
8160.0 4.146123480987689e-15
8170.0 3.972929167775874e-15
8180.0 3.591917415184813e-15
8190.0 3.2747482189381117e-15
8200.0 3.03486370356916e-15
8210.0 3.022585315033177e-15
8220.0 2.910532779469574e-15
8230.0 2.870641556105184e-15
8240.0 2.8886369048165753e-15
8250.0 2.981372956245155e-15
8260.0 3.029123988056518e-15
8270.0 3.1139157419298467e-15
8280.0 3.158669432652581e-15
8290.0 3.189458568978678e-15
8300.0 3.1961604737696974e-15
8310.0 3.134304861777687e-15
8320.0 3.2075593958037622e-15
8330.0 3.2674011832629196e-15
8340.0 3.4666272696917824e-15
8350.0 3.641982843713558e-15
8360.0 4.025446236356719e-15
8370.0 4.388915599820119e-15
8380.0 4.691371803089354e-15
8390.0 5.106010152662777e-15
8400.0 5.355553719562041e-15
8410.0 5.7895313078428e-15
8420.0 6.150491274253792e-15
8430.0 6.4770650799909205e-15
8440.0 6.8675051020531016e-15
8450.0 7.395861257321223e-15
8460.0 7.962374211729862e-15
8470.0 8.616434303831359e-15
8480.0 9.257232188484177e-15
8490.0 9.817362842003897e-15
8500.0 1.0286067443424377e-14
8510.0 1.0641343277060526e-14
8520.0 1.0933207318016605e-14
8530.0 1.1313137745515368e-14
8540.0 1.1552773808610173e-14
8550.0 1.1816843286338015e-14
8560.0 1.2014362269423046e-14
8570.0 1.2009705961891272e-14
8580.0 1.2250811296608848e-14
8590.0 1.2270336333028286e-14
8600.0 1.2357431611646125e-14
8610.0 1.2473488642789e-14
8620.0 1.2518962009705034e-14
8630.0 1.2712211779018186e-14
8640.0 1.2566254674750207e-14
8650.0 1.2645198769852985e-14
8660.0 1.2659007542998703e-14
8670.0 1.2686382215334841e-14
8680.0 1.2601666014638076e-14
8690.0 1.2660217817368313e-14
8700.0 1.2598381311808761e-14
8710.0 1.2428784652105922e-14
8720.0 1.2516404418822562e-14
8730.0 1.2475622361704546e-14
8740.0 1.2185047040389588e-14
8750.0 1.2112223349103728e-14
8760.0 1.1812461929349747e-14
8770.0 1.1777674030381675e-14
8780.0 1.1757573936718075e-14
8790.0 1.1482612789592558e-14
8800.0 1.144699801670806e-14
8810.0 1.1286219690947047e-14
8820.0 1.0864665089692696e-14
8830.0 1.0703180607824258e-14
8840.0 1.06046455228947e-14
8850.0 1.0510989030463231e-14
8860.0 1.0179553109517688e-14
8870.0 1.0118705609495659e-14
8880.0 1.0032898254088114e-14
8890.0 9.82494898179183e-15
8900.0 9.6212962932649e-15
8910.0 9.42048789276511e-15
8920.0 9.39999547545812e-15
8930.0 9.16210308398471e-15
8940.0 8.793713540184532e-15
8950.0 8.72036801424274e-15
8960.0 8.567764497870625e-15
8970.0 8.503053089570479e-15
8980.0 8.189373141920255e-15
8990.0 7.959835709471185e-15
9000.0 7.905898245193322e-15
9010.0 7.677962559832292e-15
9020.0 7.652784725959617e-15
9030.0 7.572020355291657e-15
9040.0 7.42897030837022e-15
9050.0 7.29473109959171e-15
9060.0 7.100830646460712e-15
9070.0 7.043601790475445e-15
9080.0 6.8296906017807405e-15
9090.0 6.761372758195907e-15
9100.0 6.617589271690437e-15
9110.0 6.565771899726682e-15
9120.0 6.367382884862648e-15
9130.0 6.280902725067751e-15
9140.0 6.16329641738622e-15
9150.0 6.060799421567799e-15
9160.0 5.986549234293462e-15
9170.0 5.735176150384514e-15
9180.0 5.7772550950506445e-15
9190.0 5.551363880275866e-15
9200.0 5.534069547466309e-15
9210.0 5.355953057184101e-15
9220.0 5.349858120395702e-15
9230.0 5.14363872800054e-15
9240.0 5.02328688973493e-15
9250.0 4.974213726607284e-15
9260.0 4.874649945208126e-15
9270.0 4.828891430558826e-15
9280.0 4.7656458892111695e-15
9290.0 4.6634908659217124e-15
9300.0 4.547526064591851e-15
9310.0 4.417514330536288e-15
9320.0 4.0926054570812944e-15
9330.0 4.1349076546742505e-15
9340.0 3.909839398076667e-15
9350.0 3.800032804614936e-15
9360.0 3.572526433475021e-15
9370.0 3.35500915871136e-15
