1270.0 2.022311728800018e-17
1280.0 3.9274543246000296e-17
1290.0 5.1494194260000556e-17
1300.0 6.32318592400002e-17
1310.0 1.0418862580999947e-16
1320.0 1.5372633596999718e-16
1330.0 1.8651619139999982e-16
1340.0 3.3269919119999974e-16
1350.0 4.808388936999997e-16
1360.0 6.017156547999989e-16
1370.0 6.468046551999997e-16
1380.0 5.531277845999994e-16
1390.0 4.3897813509999924e-16
1400.0 3.1654023349999886e-16
1410.0 2.6233799399999905e-16
1420.0 2.366964457000005e-16
1430.0 1.9494998839999952e-16
1440.0 2.022760154999986e-16
1450.0 2.868202908000028e-16
1460.0 3.5028453029999953e-16
1470.0 5.33646129899996e-16
1480.0 7.326273598e-16
1490.0 9.802233665000022e-16
1500.0 1.1755026970000012e-15
1510.0 1.3887939499999954e-15
1520.0 1.5934970219999978e-15
1530.0 1.7482173990000004e-15
1540.0 1.7945630289999996e-15
1550.0 1.5075277309999963e-15
1560.0 1.4835773709999938e-15
1570.0 1.330821032999997e-15
1580.0 1.2372089989999956e-15
1590.0 1.2265776649999952e-15
1600.0 1.5343906900000027e-15
1610.0 1.809653712000002e-15
1620.0 2.323093477999998e-15
1630.0 2.4358345760000007e-15
1640.0 2.6390047820000137e-15
1650.0 2.6246220510000016e-15
1660.0 2.6552598809999937e-15
1670.0 2.8020404440000005e-15
1680.0 2.659316411e-15
1690.0 2.4170447799999975e-15
1700.0 2.2622076159999977e-15
1710.0 1.9881468029999997e-15
1720.0 3.8303305320000006e-15
1730.0 3.659701682520683e-17
1740.0 4.573488019168933e-17
1750.0 9.226389701224327e-17
1760.0 1.3879291383279721e-16
1770.0 9.011603240562403e-17
1780.0 4.1439150978450867e-17
1790.0 5.168250419969907e-17
1800.0 6.192585742094727e-17
1810.0 4.637751123144441e-17
1820.0 3.082916504194155e-17
1830.0 2.6047741887525536e-17
1840.0 2.1266318733109528e-17
1850.0 2.778769458433638e-17
1860.0 3.430907043556324e-17
1870.0 2.047712738708292e-17
1880.0 6.645184338602598e-18
1890.0 1.2598174266954185e-17
1900.0 1.8551164195305772e-17
1910.0 4.0122904506253056e-17
1920.0 6.169464481720034e-17
1930.0 5.324641999887589e-17
1940.0 4.479819518055144e-17
1950.0 2.851387364293423e-17
1960.0 1.2229552105317031e-17
1970.0 2.275388803222797e-17
1980.0 3.3278223959138915e-17
1990.0 4.335012362273227e-17
2000.0 5.3422023286325624e-17
2010.0 3.5106227874538055e-17
2020.0 1.679043246275049e-17
2030.0 1.8202827627823577e-17
2040.0 1.9615222792896667e-17
2050.0 2.205490713861493e-17
2060.0 2.4494591484333194e-17
2070.0 1.9815687266230883e-17
2080.0 1.5136783048128575e-17
2090.0 6.251603307590924e-18
2100.0 -2.633576432946728e-18
2110.0 1.232797091175508e-17
2120.0 2.728951825645689e-17
2130.0 1.1463737942023055e-17
2140.0 -4.362042372410779e-18
2150.0 -8.402745673439261e-19
2160.0 2.6814932377229267e-18
2170.0 3.2554172694684054e-18
2180.0 3.829341301213884e-18
2190.0 5.8837373144348294e-18
2200.0 7.938133327655775e-18
2210.0 6.682037247209417e-18
2220.0 5.42594116676306e-18
2230.0 1.6476762886697526e-18
2240.0 -2.130588589423554e-18
2250.0 6.498177157490589e-18
2260.0 1.512694290440473e-17
2270.0 1.4996182600082176e-17
2280.0 1.486542229575962e-17
2290.0 6.778243242823574e-18
2300.0 -1.3089358101124712e-18
2310.0 -3.85329248125837e-19
2320.0 5.382773138607973e-19
2330.0 2.419056367500531e-18
2340.0 4.299835421140264e-18
2350.0 3.926234921154185e-18
2360.0 3.552634421168106e-18
2370.0 2.369351604646323e-18
2380.0 1.1860687881245394e-18
2390.0 8.845482920466457e-18
2400.0 1.6504897052808373e-17
2410.0 1.2115551944151801e-17
2420.0 7.72620683549523e-18
2430.0 8.48289030386776e-18
2440.0 9.239573772240292e-18
2450.0 1.3925388951014103e-17
2460.0 1.8611204129787916e-17
2470.0 2.0822269739962063e-17
2480.0 2.3033335350136214e-17
2490.0 2.2570462667599797e-17
2500.0 2.2107589985063378e-17
2510.0 2.6108184949756208e-17
2520.0 3.0108779914449035e-17
2530.0 3.633098118392491e-17
2540.0 4.255318245340078e-17
2550.0 5.30088820581431e-17
2560.0 6.346458166288541e-17
2570.0 8.446706111183997e-17
2580.0 1.0546954056079452e-16
2590.0 1.1711262507863668e-16
2600.0 1.2875570959647882e-16
2610.0 1.7259131078087987e-16
2620.0 2.164269119652809e-16
2630.0 2.736053776689064e-16
2640.0 3.3078384337253185e-16
2650.0 3.9368155598322005e-16
2660.0 4.565792685939082e-16
2670.0 5.320476502832687e-16
2680.0 6.075160319726291e-16
2690.0 6.539658931752991e-16
2700.0 7.004157543779691e-16
2710.0 7.610208211263038e-16
2720.0 8.216258878746385e-16
2730.0 9.034018646708157e-16
2740.0 9.85177841466993e-16
2750.0 1.0990271656082474e-15
2760.0 1.2128764897495017e-15
2770.0 1.4037444287667002e-15
2780.0 1.5946123677838983e-15
2790.0 1.6680581544206078e-15
2800.0 1.7415039410573176e-15
2810.0 2.061389706775674e-15
2820.0 2.38127547249403e-15
2830.0 2.9428739575493994e-15
2840.0 3.5044724426047685e-15
2850.0 3.964886545652831e-15
2860.0 4.425300648700894e-15
2870.0 5.0978591646486285e-15
2880.0 5.770417680596362e-15
2890.0 5.736921497589522e-15
2900.0 5.703425314582683e-15
2910.0 6.006267893092858e-15
2920.0 6.309110471603033e-15
2930.0 7.080837259883082e-15
2940.0 7.852564048163133e-15
2950.0 7.150458087230348e-15
2960.0 6.448352126297564e-15
2970.0 6.4266024598981e-15
2980.0 6.404852793498635e-15
2990.0 6.291255573988743e-15
3010.0 6.51697559454815e-15
3020.0 6.587801480915334e-15
3030.0 6.662426062914683e-15
3040.0 5.805731918917694e-15
3050.0 6.828997411943129e-15
3060.0 6.791797187228721e-15
3070.0 6.844153157507641e-15
3080.0 7.205408586828307e-15
3090.0 7.587795212199434e-15
3100.0 8.203248731232227e-15
3110.0 7.525881484964517e-15
3120.0 9.516640772518882e-15
3130.0 1.0245336176068462e-14
3140.0 1.0787451654557739e-14
3150.0 1.1047295674781682e-14
3160.0 1.2195880542069467e-14
3170.0 1.1586390568664937e-14
3180.0 1.1611301665686765e-14
3190.0 1.198405762862732e-14
3200.0 1.149925388004163e-14
3210.0 1.1689876587681781e-14
3220.0 1.150202989176436e-14
3230.0 1.1718110040703186e-14
3240.0 1.1663913653966413e-14
3250.0 1.2180214870832288e-14
3260.0 1.1669293568696796e-14
3270.0 1.2579495773441156e-14
3280.0 1.2793291828067621e-14
3290.0 1.2714644197932038e-14
3300.0 1.3129491981813425e-14
3310.0 1.387819925898051e-14
3320.0 1.4682925552470705e-14
3330.0 1.5638733517234734e-14
3340.0 1.6552931524876456e-14
3350.0 3.423481716100529e-14
3360.0 1.919365181358982e-14
3370.0 1.9274290319645508e-14
3380.0 1.903222230218349e-14
3390.0 1.874136676302642e-14
3400.0 1.8846686117349506e-14
3410.0 1.9869926275714578e-14
3420.0 2.1197681628945208e-14
3430.0 2.196690286313244e-14
3440.0 2.3115688772508065e-14
3450.0 2.435373568913333e-14
3460.0 2.5436286749460376e-14
3470.0 2.591369561154203e-14
3480.0 2.569578183263424e-14
3490.0 2.4876666960354307e-14
3500.0 2.404657643271127e-14
3510.0 2.4727040705488688e-14
3520.0 2.3269401989148756e-14
3530.0 2.0926257864489765e-14
3540.0 1.9312570877529357e-14
3550.0 1.6195929291923056e-14
3560.0 1.3985600508076717e-14
3570.0 1.186808867073834e-14
3580.0 9.66796505347213e-15
3590.0 7.788428611049253e-15
3600.0 6.5319624300921974e-15
3610.0 5.810407109670677e-15
3620.0 6.69000070078726e-15
3630.0 5.193076540283575e-15
3640.0 5.011943732474465e-15
3650.0 5.231503225449898e-15
3660.0 6.116899316102276e-15
3670.0 5.567380546905887e-15
3680.0 6.041874652322948e-15
3690.0 6.28290524152895e-15
3700.0 7.229700689663041e-15
3710.0 8.325200694343745e-15
3720.0 7.558803611764742e-15
3730.0 8.216439071299043e-15
3740.0 9.575654336409372e-15
3750.0 1.2222741862423214e-14
3760.0 1.2894459762940155e-14
3770.0 1.4567274637062408e-14
3780.0 1.6794473967437907e-14
3790.0 1.906330879805677e-14
3800.0 2.1136730515084163e-14
3810.0 2.2186242918929294e-14
3820.0 2.5353925560960985e-14
3830.0 2.7386222460866828e-14
3840.0 3.0556591815686745e-14
3850.0 3.2737122614885435e-14
3860.0 3.618881277140664e-14
3870.0 3.784689750245255e-14
3880.0 4.1299410206752924e-14
3890.0 4.138257521846838e-14
3900.0 4.1382603904485776e-14
3910.0 3.9763179061842095e-14
3920.0 3.833316508013377e-14
3930.0 3.700146150636024e-14
3940.0 3.5876095899595277e-14
3950.0 3.348823152148285e-14
3960.0 3.097611483567249e-14
3970.0 3.160331134426319e-14
3980.0 3.146386634138285e-14
3990.0 3.100004773623193e-14
4000.0 3.186607558522038e-14
4010.0 3.337124038895836e-14
4020.0 3.5818517917408694e-14
4030.0 3.785247281006381e-14
4040.0 4.024503378303775e-14
4050.0 4.1831939074860175e-14
4060.0 4.3835872824639784e-14
4070.0 4.599282412356955e-14
4080.0 4.702353859110441e-14
4090.0 4.7947663419658696e-14
4100.0 4.7763865262608376e-14
4110.0 4.692687113914071e-14
4120.0 4.5202736885289033e-14
4130.0 4.387583786884674e-14
4140.0 4.225873203876879e-14
4150.0 4.1314231394819864e-14
4160.0 4.053639640666134e-14
4170.0 3.960407007466893e-14
4180.0 3.886688137396517e-14
4190.0 3.677290557036652e-14
4200.0 3.457491253984476e-14
4210.0 3.198350511936884e-14
4220.0 2.9085020323823e-14
4230.0 2.6135136955514478e-14
4240.0 2.383496120855444e-14
4250.0 2.1354864291548438e-14
4260.0 1.9936845622569908e-14
4270.0 1.8908331949282437e-14
4280.0 1.7816861417105133e-14
4290.0 1.762491147914875e-14
4300.0 1.8368155793422975e-14
4310.0 1.9737849064345158e-14
4320.0 2.156079897968286e-14
4330.0 2.3212338312114652e-14
4340.0 2.3828451896772182e-14
4350.0 2.5776844453133933e-14
4360.0 2.7209529118642504e-14
4370.0 2.792311197682883e-14
4380.0 2.912751175566499e-14
4390.0 2.887644750041065e-14
4400.0 2.8022429525446644e-14
4410.0 2.802621284673705e-14
4420.0 2.7783106561620136e-14
4430.0 2.7663626328528965e-14
4440.0 2.8784560092456174e-14
4450.0 3.0263800996045736e-14
4460.0 3.169343319807299e-14
4470.0 3.342406837797494e-14
4480.0 3.459362543080458e-14
4490.0 3.5501991039167526e-14
4500.0 3.676660817229206e-14
4510.0 3.7483269037724654e-14
4520.0 3.7049839258927456e-14
4530.0 3.6668850769742415e-14
4540.0 3.570631358110763e-14
4550.0 3.544102021968046e-14
4560.0 3.514450174615442e-14
4570.0 3.50722845665827e-14
4580.0 3.463700966272646e-14
4590.0 3.426834176975671e-14
4600.0 3.362615083604529e-14
4610.0 3.242361393520864e-14
4620.0 3.041669552062002e-14
4630.0 2.8069883892669077e-14
4640.0 2.6345767983035617e-14
4650.0 2.507624601683497e-14
4660.0 2.4520632499324485e-14
4670.0 2.4833134350049315e-14
4680.0 2.454185563047951e-14
4690.0 2.4508926971148982e-14
4700.0 2.4183369828658165e-14
4710.0 2.3291740728338083e-14
4720.0 2.1704718013206467e-14
4730.0 2.0546304682806377e-14
4740.0 2.008817100034411e-14
4750.0 2.0066074150175488e-14
4760.0 2.051167155860154e-14
4770.0 2.0487873707149204e-14
4780.0 2.0447424046353824e-14
4790.0 1.9197892597284675e-14
4800.0 1.8173447385309174e-14
4810.0 1.6842850219037958e-14
4820.0 1.5803500876749982e-14
4830.0 1.4691914928526458e-14
4840.0 1.3840086022241565e-14
4850.0 1.3103322868039885e-14
4860.0 1.3242380322560746e-14
4870.0 1.315236395523272e-14
4880.0 1.3918685786121222e-14
4890.0 1.497526670278523e-14
4900.0 1.5616656349613864e-14
4910.0 1.6682324678781077e-14
4920.0 1.7732013042233452e-14
4930.0 1.8656505517512602e-14
4940.0 1.9242573444797706e-14
4950.0 1.9288757901119244e-14
4960.0 1.960061160321653e-14
4970.0 1.9080958823195445e-14
4980.0 2.0039979476487394e-14
4990.0 2.0591191130648156e-14
5000.0 2.1156285064995536e-14
5010.0 2.1680584237751826e-14
5020.0 2.2352516279573563e-14
5030.0 2.254923840390559e-14
5040.0 2.4035784295922106e-14
5050.0 2.4391602598499498e-14
5060.0 2.481432409140931e-14
5070.0 2.586236318213143e-14
5080.0 2.6413550292884446e-14
5090.0 2.6720353792237373e-14
5100.0 2.6991109793506062e-14
5110.0 2.7191313426141332e-14
5120.0 2.652273272069001e-14
5130.0 2.5874907151997156e-14
5140.0 2.6181872442062366e-14
5150.0 2.596659442189972e-14
5160.0 2.6487491043092322e-14
5170.0 2.665513889647948e-14
5180.0 2.71153187040557e-14
5190.0 2.7042807693634467e-14
5200.0 2.620345534081044e-14
5210.0 2.5254322563966147e-14
5220.0 2.357633754328433e-14
5230.0 2.1617300399802567e-14
5240.0 2.0346510740797005e-14
5250.0 1.940413694930297e-14
5260.0 1.8744719165571485e-14
5270.0 1.8447111482643352e-14
5280.0 1.8800892820928306e-14
5290.0 1.8629420729374352e-14
5300.0 1.8760762247857132e-14
5310.0 1.915280748152813e-14
5320.0 1.936637811524776e-14
5330.0 2.2836770571118008e-14
5340.0 2.0706140581034716e-14
5350.0 2.0699667861995896e-14
5360.0 2.0461706127137327e-14
5370.0 2.0421923828269894e-14
5380.0 2.0139320371276943e-14
5390.0 1.9138443417876952e-14
5400.0 1.8937297839289435e-14
5410.0 1.798100775839407e-14
5420.0 1.7154317807266832e-14
5430.0 1.6608342053055067e-14
5440.0 1.5120144976350895e-14
5450.0 1.5792923745576766e-14
5460.0 1.6566226398019606e-14
5470.0 1.7377802944454715e-14
5480.0 1.866609071148504e-14
5490.0 1.9822985464720007e-14
5500.0 2.126868213464892e-14
5510.0 2.238813671877192e-14
5520.0 2.3427142421391703e-14
5530.0 2.41081622290463e-14
5540.0 2.4179440425836754e-14
5550.0 2.357901611359934e-14
5560.0 2.3015750462440358e-14
5570.0 2.3219830300572028e-14
5580.0 2.4112280968138694e-14
5590.0 2.423231991407797e-14
5610.0 1.5245476500623483e-14
5620.0 1.5458094680299357e-14
5630.0 1.5563198848741942e-14
5640.0 1.5476763343421498e-14
5650.0 1.534524372729518e-14
5660.0 1.5045138529796063e-14
5670.0 1.4679491692343105e-14
5680.0 1.429156116531872e-14
5690.0 1.3929073473499335e-14
5700.0 1.3347753418682057e-14
5710.0 1.267493683785672e-14
5720.0 1.226023377120383e-14
5730.0 1.2028877673945635e-14
5740.0 1.2093282419263031e-14
5750.0 1.2140083647677341e-14
5760.0 1.2245663218114141e-14
5770.0 1.2476246935514757e-14
5780.0 1.2815290212464652e-14
5790.0 1.3242077626174017e-14
5800.0 1.3716949803049861e-14
5810.0 1.4094378860431908e-14
5820.0 1.4640522699641613e-14
5830.0 1.5032533349437678e-14
5840.0 1.5289889594183948e-14
5850.0 1.5445263122195508e-14
5860.0 1.5738728066644887e-14
5870.0 1.5907204804559837e-14
5880.0 1.5978683696857032e-14
5890.0 1.5755375408519155e-14
5900.0 1.620487510923424e-14
5910.0 1.608967039822773e-14
5920.0 1.4186875686320947e-14
5930.0 1.625947553281994e-14
5940.0 1.6095250058959488e-14
5950.0 1.5692595107211883e-14
5960.0 1.480957713729862e-14
5970.0 1.3645874405735527e-14
5980.0 1.2381396567110148e-14
5990.0 1.0950909077497953e-14
6000.0 9.653934835967294e-15
6010.0 8.349737832963363e-15
6020.0 7.0779982057250245e-15
6030.0 6.320944440235292e-15
6040.0 5.639554449688749e-15
6050.0 5.1391478553272245e-15
6060.0 4.686562724710686e-15
6070.0 4.3904930309903576e-15
6080.0 4.284512505418179e-15
6090.0 4.229251548955454e-15
6100.0 4.3784402240904175e-15
6110.0 4.593771134665802e-15
6120.0 4.879844805257776e-15
6130.0 5.258090089284316e-15
6140.0 5.741603824486987e-15
6150.0 6.313008796175095e-15
6160.0 6.97235875381347e-15
6170.0 7.785878485901945e-15
6180.0 8.699693014626294e-15
6190.0 9.725295979594205e-15
6200.0 1.0644277331317733e-14
6210.0 1.1555467124692732e-14
6220.0 1.2338790728885022e-14
6230.0 1.292263557955685e-14
6240.0 1.3532019905456224e-14
6250.0 1.423690556871693e-14
6260.0 1.498586275898686e-14
6270.0 1.540069408047844e-14
6280.0 1.5965850093171064e-14
6290.0 1.6398968978733403e-14
6300.0 1.678956430476073e-14
6310.0 1.6678677833964876e-14
6320.0 1.704481136570799e-14
6330.0 1.752081613677584e-14
6340.0 1.7506448287103003e-14
6350.0 1.758404642175579e-14
6360.0 1.7695991276290838e-14
6370.0 1.7716186818870327e-14
6380.0 1.759685877821637e-14
6390.0 1.7567130854077422e-14
6400.0 1.7456113183435803e-14
6410.0 1.731186360147146e-14
6420.0 1.7160046880549294e-14
6430.0 1.6913697793940113e-14
6440.0 1.6559487835951536e-14
6450.0 1.6302393045590628e-14
6460.0 1.601521609716237e-14
6470.0 1.567456024684353e-14
6480.0 1.5340690492440096e-14
6490.0 1.514915204712633e-14
6500.0 1.5093848359085704e-14
6510.0 1.4633291134744937e-14
6520.0 1.445383186103086e-14
6530.0 1.4297004856257413e-14
6540.0 1.4054625848684593e-14
6550.0 1.3785986381201238e-14
6560.0 1.3649171523280536e-14
6570.0 1.3531206884455241e-14
6580.0 1.3471536347796457e-14
6590.0 1.3336604080127056e-14
6600.0 1.3182187091513932e-14
6610.0 1.302058940376155e-14
6620.0 1.2903840194798303e-14
6630.0 1.2725089481890239e-14
6640.0 1.2624261942892371e-14
6650.0 1.2493422646668722e-14
6660.0 1.237088085767775e-14
6670.0 1.232667561527146e-14
6680.0 1.2192152984111215e-14
6690.0 1.2026216612757692e-14
6700.0 1.193848416597761e-14
6710.0 1.1793083402745434e-14
6720.0 1.169124659258114e-14
6730.0 1.1577785329165012e-14
6740.0 1.14774086689561e-14
6750.0 1.1378159715349625e-14
6760.0 1.1371279433068899e-14
6770.0 1.1300309533731125e-14
6780.0 1.1270049693527304e-14
6790.0 1.1153087196074516e-14
6800.0 1.1162028842929112e-14
6810.0 1.1171313447855063e-14
6820.0 1.1140169161286152e-14
6830.0 1.105353459838516e-14
6840.0 1.0999284330913954e-14
6850.0 1.092694919090578e-14
6860.0 1.0580503553022136e-14
6870.0 1.0552605522049103e-14
6880.0 1.0677755687672395e-14
6890.0 1.0479033090320456e-14
6900.0 1.0524180955385139e-14
6910.0 1.0409077058305576e-14
6920.0 1.0401354950836315e-14
6930.0 1.0335891762679331e-14
6940.0 1.0392792462234661e-14
6950.0 1.0313624095034174e-14
6960.0 1.0373164881951915e-14
6970.0 1.034963129617963e-14
6980.0 1.029070288834261e-14
6990.0 1.0374585625154224e-14
7000.0 1.0295527576038945e-14
7010.0 1.0218275478708418e-14
7020.0 1.0250976632398778e-14
7030.0 1.0281843420544274e-14
7040.0 1.0270329270336191e-14
7050.0 1.0252658170008688e-14
7060.0 1.0198270123690098e-14
7070.0 1.0199313641424633e-14
7080.0 1.019990043653667e-14
7090.0 1.0185488497281721e-14
7100.0 1.0126849923997727e-14
7110.0 1.005290326547051e-14
7120.0 1.0077569890821296e-14
7130.0 1.0022795285479306e-14
7140.0 9.973191496376652e-15
7150.0 9.880078643659825e-15
7160.0 9.746026453540266e-15
7170.0 9.650535479096903e-15
7180.0 9.540323876322884e-15
7190.0 9.55968387218584e-15
7200.0 9.47921742890321e-15
7210.0 9.584359653853591e-15
7220.0 9.38758884995319e-15
7230.0 9.11736423538617e-15
7240.0 9.055389524127634e-15
7250.0 8.874007574176972e-15
7260.0 8.65579372013243e-15
7270.0 8.549177916049699e-15
7280.0 8.535672453632006e-15
7290.0 8.329564273183081e-15
7300.0 8.151625475518545e-15
7310.0 8.056530910623404e-15
7320.0 7.986267364271182e-15
7330.0 7.792155567095547e-15
7340.0 7.606570057168795e-15
7350.0 7.340261167175258e-15
7360.0 7.0953390479380975e-15
7370.0 6.763812857256036e-15
7380.0 6.620096372318552e-15
7390.0 6.524098868658869e-15
7400.0 6.535296986767104e-15
7410.0 6.458146157584118e-15
7420.0 6.27454057481005e-15
7430.0 6.049770269363058e-15
7440.0 6.0909238381852516e-15
7450.0 6.246827264511065e-15
7460.0 6.411960338367092e-15
7470.0 6.634466658204071e-15
7480.0 6.8488652852271474e-15
7490.0 6.957147312874069e-15
7500.0 7.16442692069939e-15
7510.0 7.222484339873134e-15
7520.0 7.357557864980045e-15
7530.0 7.43906853744326e-15
7540.0 7.609693489523392e-15
7550.0 7.696974609726788e-15
7560.0 7.78080741244563e-15
7570.0 7.906253780634139e-15
7580.0 8.011890531141378e-15
7590.0 7.312933272965333e-15
7600.0 6.030531994938958e-15
7610.0 7.775614893966705e-15
7620.0 7.448496953044334e-15
7630.0 7.561418170617482e-15
7640.0 7.816480882944219e-15
7650.0 8.035260371070148e-15
7660.0 8.093200471752953e-15
7670.0 7.997373739217523e-15
7680.0 7.971994629523533e-15
7690.0 7.921415090845247e-15
7700.0 7.89096209546361e-15
7710.0 7.916582124533072e-15
7720.0 7.869257600767598e-15
7730.0 7.831455919416492e-15
7740.0 7.743817299399881e-15
7750.0 7.706314251366861e-15
7760.0 7.687711913929193e-15
7770.0 7.668069272971034e-15
7780.0 7.4767204146881e-15
7790.0 7.400751415117717e-15
7800.0 7.317835860356458e-15
7810.0 7.226724898266605e-15
7820.0 7.1384611374364e-15
7830.0 7.001144099153447e-15
7840.0 6.864646931332299e-15
7850.0 6.76239723989365e-15
7860.0 6.534764300191905e-15
7870.0 6.364856425471086e-15
7880.0 6.113165442220774e-15
7890.0 5.905436264075623e-15
7900.0 5.708358341501433e-15
7910.0 5.6175957523676354e-15
7920.0 5.436571476849391e-15
7930.0 5.36595767158419e-15
7940.0 5.184213934511729e-15
7950.0 5.0322953433511744e-15
7960.0 4.7783140470597925e-15
7970.0 4.6730739226452834e-15
7980.0 4.53107795742566e-15
7990.0 4.3856902727964555e-15
8000.0 4.2220352019154595e-15
8010.0 4.1117462060476614e-15
8020.0 3.982680197002702e-15
8030.0 3.875478857191002e-15
8040.0 3.8316478213253836e-15
8050.0 3.850586806649625e-15
8060.0 3.885820734690675e-15
8070.0 3.857533606588574e-15
8080.0 3.866026775657216e-15
8090.0 3.941957898174387e-15
8100.0 4.000929532793464e-15
8110.0 4.070291401726231e-15
8120.0 4.067693706840035e-15
8130.0 3.92379359694663e-15
8140.0 3.921383037134498e-15
8150.0 3.9433351947634135e-15
8160.0 3.920128273055011e-15
8170.0 3.977017017501771e-15
8180.0 3.91933067002693e-15
8190.0 3.870232682613471e-15
8200.0 3.90404543351766e-15
8210.0 3.818824784487967e-15
8220.0 3.731377078898077e-15
8230.0 3.7601858672604904e-15
8240.0 3.867223328194073e-15
8250.0 3.964701340309261e-15
8260.0 4.0325976921647745e-15
8270.0 4.085841455431575e-15
8280.0 4.186118746963779e-15
8290.0 4.184688558100363e-15
8300.0 4.187969416512957e-15
8310.0 4.2081842194197854e-15
8320.0 4.299215824508746e-15
8330.0 4.424684449714042e-15
8340.0 4.598073534636821e-15
8350.0 4.8161325608626596e-15
8360.0 4.995478705774325e-15
8370.0 5.285224681635279e-15
8380.0 5.5256755752726645e-15
8390.0 5.724066714003857e-15
8400.0 6.0157840067764266e-15
8410.0 6.145430272638091e-15
8420.0 6.372837542867097e-15
8430.0 6.592261096894257e-15
8440.0 6.738126983038887e-15
8450.0 6.930745048928107e-15
8460.0 7.0848552594517075e-15
8470.0 7.16212607363168e-15
8480.0 7.235131381633512e-15
8490.0 7.37152784877906e-15
8500.0 7.423580361733716e-15
8510.0 7.46094845294953e-15
8520.0 7.479051167280366e-15
8530.0 7.532738653558548e-15
8540.0 7.521138367567779e-15
8550.0 7.532069189806428e-15
8560.0 7.529010284848507e-15
8570.0 7.544034710868177e-15
8580.0 7.426185185787697e-15
8590.0 7.463208036425956e-15
8600.0 7.47278252280934e-15
8610.0 7.376703724191737e-15
8620.0 7.286848873978446e-15
8630.0 7.275172223162556e-15
8640.0 7.16487198538764e-15
8650.0 7.0583982231397516e-15
8660.0 6.92455977275628e-15
8670.0 6.797833765379012e-15
8680.0 6.665590370336096e-15
8690.0 6.514457286926129e-15
8700.0 6.4004165174648864e-15
8710.0 6.234658220597447e-15
8720.0 5.9967251153019886e-15
8730.0 5.803231153424292e-15
8740.0 5.544842103412386e-15
8750.0 5.436227344132231e-15
8760.0 5.347798840047014e-15
8770.0 5.30529904554478e-15
8780.0 5.276042569486631e-15
8790.0 5.174846360533385e-15
8800.0 5.071091898091163e-15
8810.0 4.916585057958802e-15
8820.0 4.8946472777969565e-15
8830.0 4.884906868958764e-15
8840.0 4.857171551125994e-15
8850.0 4.902642465965747e-15
8860.0 4.9691788008178754e-15
8870.0 5.0466905687484034e-15
8880.0 5.129377423495606e-15
8890.0 5.206019327898472e-15
8900.0 5.2410435490264705e-15
8910.0 5.33879776273561e-15
8920.0 5.308156715492691e-15
8930.0 5.316854353322865e-15
8940.0 5.302335338680331e-15
8950.0 5.314404837033507e-15
8960.0 5.324549739971329e-15
8970.0 5.3365171783190036e-15
8980.0 5.283933665521403e-15
8990.0 5.22508256738561e-15
9000.0 5.106476360704195e-15
9010.0 4.982998058205329e-15
9020.0 4.92422580773408e-15
9030.0 4.903697771323572e-15
9040.0 4.8067348785813195e-15
9050.0 4.727899797754308e-15
9060.0 4.583987973690682e-15
9070.0 4.558359495197511e-15
9080.0 4.569448713021127e-15
9090.0 4.6023302255940556e-15
9100.0 4.617339072594793e-15
9110.0 4.651102868201097e-15
9120.0 4.743245661099503e-15
9130.0 4.5638550280425585e-15
9140.0 4.800531402624246e-15
9150.0 4.536269421469692e-15
9160.0 4.8428853481360914e-15
9170.0 4.612438585760091e-15
9180.0 4.8013917539002894e-15
9190.0 4.719030795194155e-15
9200.0 4.777517357785725e-15
9210.0 4.595381186980557e-15
9220.0 4.6263794084239215e-15
9230.0 4.584923664707786e-15
9240.0 4.530182516247008e-15
9250.0 4.531898753486981e-15
9260.0 4.4534400856242e-15
9270.0 4.322224416667427e-15
9280.0 4.1718336125231155e-15
9290.0 4.117834503379937e-15
9300.0 3.969462670398462e-15
9310.0 3.747315921623648e-15
9320.0 3.5507089074047753e-15
9330.0 3.4699764831934204e-15
9340.0 3.1150178693866372e-15
9350.0 3.3851897391266183e-15
9360.0 3.3875304972214295e-15
9370.0 3.0882411740855434e-15
