

  2.900231801792861E+03   1.2264240E-13   4.1494861E-08  10752
  2.902976107980102E+03   1.2225403E-13   8.8058706E-15    512
  2.905720439997046E+03   1.1092487E-13   8.0921445E-15    528
  2.908464797780399E+03   1.1479752E-13   7.2447448E-15    528
  2.911209181266858E+03   1.1643891E-13   6.7509580E-15    528
  2.913953590393116E+03   1.2206871E-13   6.4546812E-15    512
  2.916698025095861E+03   1.2003850E-13   6.1767146E-15    528
  2.919442485311773E+03   1.2221176E-13   6.1299957E-15    528
  2.922186970977527E+03   1.2584072E-13   5.2660873E-15    512
  2.924931482029793E+03   1.1672550E-13   4.7571446E-15    528
  2.927676018405233E+03   1.2543380E-13   4.6050170E-15    528
  2.930420580040505E+03   1.1094813E-13   4.0467063E-15    512
  2.933165166872262E+03   1.1693831E-13   3.8580936E-15    512
  2.935909778837146E+03   1.1838005E-13   3.6015426E-15    512
  2.938654415871800E+03   1.1381461E-13   3.3105878E-15    528
  2.941399077912858E+03   1.1585557E-13   3.1443913E-15    528
  2.944143764896947E+03   1.1407376E-13   2.9040150E-15    528
  2.946888476760689E+03   1.1715199E-13   2.7686081E-15    512
  2.949633213440702E+03   1.2048927E-13   2.6489645E-15    512
  2.952377974873596E+03   1.1735582E-13   2.4870296E-15    528
  2.955122760995976E+03   1.1591837E-13   2.3727686E-15    512
  2.957867571744443E+03   1.1748455E-13   2.2591641E-15    528
  2.960612407055588E+03   1.2300149E-13   2.7941658E-15    512
  2.963357266866001E+03   1.2225647E-13   2.6681116E-15    512
  2.966102151112264E+03   1.2181385E-13   2.0656446E-15    512
  2.968847059730953E+03   1.2433156E-13   2.0234594E-15    512
  2.971591992658639E+03   1.2315156E-13   1.9689474E-15    512
  2.974336949831888E+03   1.2537950E-13   1.9440120E-15    528
  2.977081931187260E+03   1.2494658E-13   1.9098780E-15    512
  2.979826936661307E+03   1.2625296E-13   1.8875422E-15    528
  2.982571966190579E+03   1.2239374E-13   1.8337116E-15     16
  2.985317019711619E+03   1.2397139E-13   1.8427257E-15      0
  2.988062097160963E+03   1.2548709E-13   1.8214103E-15     16
  2.990807198475145E+03   1.2638196E-13   1.8087006E-15      0
  2.993552323590689E+03   1.2664064E-13   1.7996763E-15     16
  2.996297472444117E+03   1.2704937E-13   1.7917299E-15     16
  2.999042644971943E+03   1.2593207E-13   1.7728923E-15      0
  3.001787841110679E+03   1.2448042E-13   1.7522293E-15      0
  3.004533060796825E+03   1.2661466E-13   1.7538786E-15      0
  3.007278303966883E+03   1.2553724E-13   1.7368096E-15     16
  3.010023570557346E+03   1.2410635E-13   1.7102642E-15      0
  3.012768860504701E+03   1.2566853E-13   1.9761810E-15      0
  3.015514173745430E+03   1.2589059E-13   1.9730961E-15      0
  3.018259510216011E+03   1.2180488E-13   1.7350206E-15      0
  3.021004869852914E+03   1.2424560E-13   1.6605807E-15      0
  3.023750252592607E+03   1.2826741E-13   1.6721491E-15      0
  3.026495658371549E+03   1.2430775E-13   1.6380320E-15      0
  3.029241087126196E+03   1.2241576E-13   1.6024825E-15     16
  3.031986538793000E+03   1.2371427E-13   1.5954704E-15     16
  3.034732013308403E+03   1.1922089E-13   1.5866065E-15      0
  3.037477510608845E+03   1.2109909E-13   1.5552355E-15     16
  3.040223030630762E+03   1.1855123E-13   1.5202140E-15     16
  3.042968573310580E+03   1.2420643E-13   1.5384856E-15      0
  3.045714138584725E+03   1.1952294E-13   1.4991041E-15     16
  3.048459726389614E+03   1.2061481E-13   1.4977319E-15      0
  3.051205336661661E+03   1.2006704E-13   1.4733837E-15     16
  3.053950969337273E+03   1.1874292E-13   1.4535079E-15      0
  3.056696624352854E+03   1.1980622E-13   1.4515240E-15      0
  3.059442301644800E+03   1.1706092E-13   1.4331590E-15     16
  3.062188001149503E+03   1.1836783E-13   1.4209415E-15      0
  3.064933722803351E+03   1.2059844E-13   1.4186188E-15     16
  3.067679466542726E+03   1.2044470E-13   1.4107189E-15     16
  3.070425232304005E+03   1.1988248E-13   1.3948420E-15     16
  3.073171020023560E+03   1.1989891E-13   1.3880118E-15      0
  3.075916829637756E+03   1.1966066E-13   1.3792900E-15     16
  3.078662661082956E+03   1.1525626E-13   1.3497716E-15     16
  3.081408514295514E+03   1.1884436E-13   1.3576160E-15     16
  3.084154389211785E+03   1.2222490E-13   1.3721940E-15      0
  3.086900285768112E+03   1.2165288E-13   1.3634899E-15     16
  3.089646203900838E+03   1.1896926E-13   1.3766895E-15      0
  3.092392143546299E+03   1.2012647E-13   1.3458560E-15      0
  3.095138104640826E+03   1.1920755E-13   1.3324693E-15     16
  3.097884087120746E+03   1.1959407E-13   1.3329371E-15     16
  3.100630090922379E+03   1.2158853E-13   1.3368493E-15      0
  3.103376115982042E+03   1.1987109E-13   1.3227574E-15      0
  3.106122162236045E+03   1.2095594E-13   1.3233118E-15      0
  3.108868229620698E+03   1.1958843E-13   1.3152001E-15      0
  3.111614318072298E+03   1.2179691E-13   1.3212525E-15     16
  3.114360427527144E+03   1.2097078E-13   1.3121401E-15      0
  3.117106557921528E+03   1.1853123E-13   1.2967048E-15      0
  3.119852709191735E+03   1.1566819E-13   1.2768112E-15     16
  3.122598881274048E+03   1.2064671E-13   1.3020688E-15      0
  3.125345074104745E+03   1.1998613E-13   1.2903524E-15     16
  3.128091287620097E+03   1.1760730E-13   1.2754480E-15      0
  3.130837521756372E+03   1.1857232E-13   1.4637819E-15     16
  3.133583776449832E+03   1.2156419E-13   1.2867751E-15     16
  3.136330051636737E+03   1.2026197E-13   1.2781327E-15      0
  3.139076347253337E+03   1.2097840E-13   1.2799849E-15      0
  3.141822663235881E+03   1.1794758E-13   1.2549934E-15      0
  3.144568999520615E+03   1.1879611E-13   1.2577052E-15      0
  3.147315356043775E+03   1.1917461E-13   1.2517814E-15      0
  3.150061732741596E+03   1.1645527E-13   1.2366791E-15     16
  3.152808129550309E+03   1.2085156E-13   1.2505567E-15     16
  3.155554546406136E+03   1.1882650E-13   1.2388698E-15      0
  3.158300983245300E+03   1.1881431E-13   1.2403905E-15     16
  3.161047440004014E+03   1.1612857E-13   1.2175477E-15     16
  3.163793916618490E+03   1.1829471E-13   1.2224888E-15     16
  3.166540413024934E+03   1.1820820E-13   1.2196499E-15     16
  3.169286929159547E+03   1.1604198E-13   1.2009638E-15      0
  3.172033464958527E+03   1.1703118E-13   1.2088360E-15      0
  3.174780020358065E+03   1.1488873E-13   1.2457172E-15     16
  3.177526595294349E+03   1.1768065E-13   1.1942232E-15      0
  3.180273189703564E+03   1.1276751E-13   1.1889810E-15      0
  3.183019803521887E+03   1.1496904E-13   1.1712021E-15      0
  3.185766436685492E+03   1.1684912E-13   1.1748716E-15      0
  3.188513089130550E+03   1.1337941E-13   1.1522659E-15      0
  3.191259760793224E+03   1.1304771E-13   1.2218540E-15      0
  3.194006451609677E+03   1.1418758E-13   1.2122247E-15     16
  3.196753161516064E+03   1.1463261E-13   1.1449235E-15     16
  3.199499890448537E+03   1.1805629E-13   1.1578169E-15      0
  3.202246638343244E+03   1.1608498E-13   1.1404829E-15      0
  3.204993405136327E+03   1.1503634E-13   1.1363638E-15     16
  3.207740190763925E+03   1.1597295E-13   1.1331436E-15     16
  3.210486995162171E+03   1.1540051E-13   1.1268167E-15      0
  3.213233818267196E+03   1.1769490E-13   1.1384812E-15     16
  3.215980660015125E+03   1.1434624E-13   1.1138296E-15      0
  3.218727520342079E+03   1.1460978E-13   1.1093637E-15      0
  3.221474399184174E+03   1.1211483E-13   1.0940679E-15      0
  3.224221296477524E+03   1.1534794E-13   1.1041289E-15      0
  3.226968212158235E+03   1.1594583E-13   1.1013309E-15     16
  3.229715146162413E+03   1.1576822E-13   1.1093909E-15      0
  3.232462098426155E+03   1.1642529E-13   1.0989899E-15      0
  3.235209068885559E+03   1.1423459E-13   1.0860208E-15      0
  3.237956057476713E+03   1.1479950E-13   1.0863571E-15     16
  3.240703064135707E+03   1.1298970E-13   1.0758342E-15      0
  3.243450088798621E+03   1.1455320E-13   1.0829315E-15      0
  3.246197131401534E+03   1.1275920E-13   1.0656700E-15     16
  3.248944191880520E+03   1.1401799E-13   1.1285639E-15      0
  3.251691270171650E+03   1.1344294E-13   1.0616403E-15      0
  3.254438366210989E+03   1.1416357E-13   1.0648853E-15     16
  3.257185479934599E+03   1.1195901E-13   1.0481257E-15     16
  3.259932611278537E+03   1.1369517E-13   1.1805505E-15      0
  3.262679760178858E+03   1.1374849E-13   1.0487668E-15      0
  3.265426926571609E+03   1.1261147E-13   1.0473197E-15      0
  3.268174110392836E+03   1.1252062E-13   1.0440266E-15     16
  3.270921311578583E+03   1.1266450E-13   1.0379028E-15      0
  3.273668530064882E+03   1.1387621E-13   1.0439699E-15      0
  3.276415765787771E+03   1.1215621E-13   1.0313810E-15      0
  3.279163018683276E+03   1.0969235E-13   1.0184539E-15     16
  3.281910288687423E+03   1.1097599E-13   1.0220691E-15     16
  3.284657575736234E+03   1.1169966E-13   1.0229106E-15      0
  3.287404879765725E+03   1.1284767E-13   1.0288827E-15      0
  3.290152200711909E+03   1.0985660E-13   1.0103793E-15      0
  3.292899538510796E+03   1.1188326E-13   1.0261524E-15      0
  3.295646893098391E+03   1.0939409E-13   9.9986765E-16      0
  3.298394264410695E+03   1.1102522E-13   1.0082686E-15      0
  3.301141652383705E+03   1.1311947E-13   1.0118895E-15      0
  3.303889056953416E+03   1.1040379E-13   9.9933138E-16      0
  3.306636478055816E+03   1.1109939E-13   1.0004287E-15      0
  3.309383915626892E+03   1.0902657E-13   1.0095815E-15      0
  3.312131369602626E+03   1.0989537E-13   1.0587675E-15      0
  3.314878839918995E+03   1.1005662E-13   9.9019644E-16      0
  3.317626326511974E+03   1.1147812E-13   1.0015354E-15      0
  3.320373829317534E+03   1.0997412E-13   9.8540510E-16     16
  3.323121348271641E+03   1.0983847E-13   9.8139270E-16      0
  3.325868883310258E+03   1.1194055E-13   9.9114862E-16      0
  3.328616434369344E+03   1.0833352E-13   9.7167141E-16     16
  3.331364001384855E+03   1.0896819E-13   9.7489469E-16      0
  3.334111584292743E+03   1.0861367E-13   9.6538357E-16      0
  3.336859183028956E+03   1.1096580E-13   9.7421971E-16      0
  3.339606797529437E+03   1.1130381E-13   9.7452475E-16      0
  3.342354427730127E+03   1.0894449E-13   9.6931698E-16      0
  3.345102073566964E+03   1.0864273E-13   9.5684759E-16     16
  3.347849734975880E+03   1.0884996E-13   9.5891594E-16      0
  3.350597411892806E+03   1.0935756E-13   9.5896232E-16      0
  3.353345104253668E+03   1.0902378E-13   9.4987143E-16      0
  3.356092811994387E+03   1.0897976E-13   1.0767253E-15      0
  3.358840535050883E+03   1.0965610E-13   9.4928984E-16      0
  3.361588273359070E+03   1.0830592E-13   9.4021208E-16      0
  3.364336026854862E+03   1.0964896E-13   9.4484619E-16      0
  3.367083795474165E+03   1.0945434E-13   9.4119591E-16      0
  3.369831579152884E+03   1.0994124E-13   9.3973308E-16     16
  3.372579377826921E+03   1.0944078E-13   9.3757992E-16      0
  3.375327191432173E+03   1.0854139E-13   9.3071737E-16     16
  3.378075019904534E+03   1.0977998E-13   9.3283209E-16     16
  3.380822863179895E+03   1.0717595E-13   9.2094970E-16      0
  3.383570721194143E+03   1.0564768E-13   9.1142407E-16     16
  3.386318593883162E+03   1.0799863E-13   9.1759556E-16      0
  3.389066481182831E+03   1.0797513E-13   9.1497388E-16      0
  3.391814383029028E+03   1.0739227E-13   9.6891951E-16      0
  3.394562299357627E+03   1.0645879E-13   9.0127249E-16      0
  3.397310230104496E+03   1.0797904E-13   9.0517689E-16      0
  3.400058175205504E+03   1.0725122E-13   9.0671023E-16     16
  3.402806134596513E+03   1.0770748E-13   9.0144952E-16      0
  3.405554108213384E+03   1.0707026E-13   8.9521557E-16      0
  3.408302095991893E+03   1.0574046E-13   8.9008594E-16      0
  3.411050097868072E+03   1.0507980E-13   8.8449880E-16      0
  3.413798113777671E+03   1.0743299E-13   8.9265711E-16      0
  3.416546143656535E+03   1.0801028E-13   9.0201862E-16     16
  3.419294187440508E+03   1.0539445E-13   8.8013748E-16     16
  3.422042245065430E+03   1.0727875E-13   8.8624999E-16     16
  3.424790316467140E+03   1.1696141E-13   9.2282493E-16   8192
  3.427538401581470E+03   1.0800796E-13   8.8527527E-16     16
  3.430286500344252E+03   1.0531732E-13   8.7175392E-16      0
  3.433034612691312E+03   1.0606860E-13   8.7246781E-16      0
  3.435782738558476E+03   1.0649322E-13   8.7210639E-16      0
  3.438530877881565E+03   1.0568523E-13   8.6958451E-16     16
  3.441279030596396E+03   1.0572110E-13   8.7047448E-16     16
  3.444027196638785E+03   1.0330118E-13   8.5540841E-16     16
  3.446775375944542E+03   1.0212329E-13   9.0441954E-16      0
  3.449523568449478E+03   1.0438917E-13   8.6307723E-16      0
  3.452271774089397E+03   1.0532122E-13   8.6303372E-16      0
  3.455019992800103E+03   1.0483816E-13   8.5986036E-16      0
  3.457768224517393E+03   1.0455973E-13   8.5504043E-16      0
  3.460516469177167E+03   1.0356029E-13   8.5748062E-16     16
  3.463264726715031E+03   1.0593966E-13   8.6027133E-16   1024
  3.466012997066863E+03   1.0500487E-13   8.6930107E-16   1040
  3.468761280168449E+03   1.0425691E-13   8.6796297E-16   1040
  3.471509575955572E+03   1.0552101E-13   8.7410433E-16   1040
  3.474257884364016E+03   1.0450746E-13   8.6584571E-16   1024
  3.477006205329557E+03   1.0536793E-13   8.7111997E-16   1040
  3.479754538787972E+03   1.0434953E-13   8.6173897E-16   1024
  3.482502884675032E+03   1.0445379E-13   8.6624995E-16   1040
  3.485251242926508E+03   1.0516244E-13   8.6920922E-16   1040
  3.487999613478166E+03   1.0243755E-13   8.5468012E-16   1040
  3.490747996265769E+03   1.0086676E-13   8.4714978E-16   1024
  3.493496391225081E+03   1.0368034E-13   8.5243871E-16   1024
  3.496244798291857E+03   1.0096008E-13   8.4084362E-16   1024
  3.498993217401853E+03   1.0168586E-13   8.4654432E-16   1024
  3.501741648490822E+03   1.0321443E-13   8.4924222E-16   1024
  3.504490091494515E+03   1.0065994E-13   8.3931394E-16   1040
  3.507238546348675E+03   1.0134500E-13   8.4236664E-16   1024
  3.509987012989050E+03   1.0200696E-13   8.4297333E-16   1024
  3.512735491351380E+03   9.9899073E-14   8.3200701E-16   1040
  3.515483981371403E+03   1.0117173E-13   8.3526575E-16   1024
  3.518232482984855E+03   1.0242584E-13   8.3319989E-16   1040
  3.520980996127470E+03   1.0349204E-13   8.3740372E-16   1024
  3.523729520734978E+03   1.0210248E-13   8.2710179E-16   1024
  3.526478056743107E+03   1.0165162E-13   8.2480082E-16   1024
  3.529226604087582E+03   1.0072499E-13   8.1170188E-16   1040
  3.531975162704125E+03   1.0134948E-13   8.1180929E-16      0
  3.534723732528455E+03   9.9861654E-14   8.0317242E-16      0
  3.537472313496292E+03   1.0052180E-13   8.0690248E-16      0
  3.540220905543348E+03   1.0064568E-13   8.0606588E-16     16
  3.542969508605336E+03   9.8872421E-14   8.0055990E-16     16
  3.545718122617965E+03   9.9056492E-14   7.9999943E-16      0
  3.548466747516943E+03   1.0085930E-13   8.0502498E-16      0
  3.551215383237973E+03   1.0039722E-13   8.0121551E-16     16
  3.553964029716757E+03   9.9803134E-14   7.9820838E-16      0
  3.556712686888994E+03   9.9077918E-14   7.9556209E-16     16
  3.559461354690382E+03   1.0036686E-13   7.9992902E-16      0
  3.562210033056615E+03   1.0064202E-13   8.0016968E-16      0
  3.564958721923383E+03   9.9156672E-14   7.9303650E-16      0
  3.567707421226376E+03   9.7395575E-14   7.8896317E-16     16
  3.570456130901283E+03   9.8645179E-14   7.9202155E-16      0
  3.573204850883786E+03   9.9672576E-14   7.9283020E-16      0
  3.575953581109568E+03   9.9463488E-14   7.9036417E-16     16
  3.578702321514309E+03   9.7531317E-14   7.8144247E-16      0
  3.581451072033685E+03   9.8292448E-14   7.8313326E-16     16
  3.584199832603371E+03   9.8924253E-14   7.8455950E-16      0
  3.586948603159042E+03   9.9009336E-14   7.8423535E-16      0
  3.589697383636365E+03   9.8388196E-14   7.8152379E-16     16
  3.592446173971010E+03   9.8764292E-14   7.8142299E-16     16
  3.595194974098641E+03   9.9120012E-14   7.8215631E-16     16
  3.597943783954923E+03   9.8971097E-14   7.8091138E-16     16
  3.600692603475515E+03   9.9577810E-14   7.8175101E-16    272
  3.603441432596077E+03   9.8385174E-14   7.7776037E-16      0
  3.606190271252265E+03   9.5928372E-14   7.6394172E-16      0
  3.608939119379734E+03   9.9157404E-14   7.7870428E-16     16
  3.611687976914135E+03   9.7529677E-14   7.6978301E-16      0
  3.614436843791118E+03   9.8338729E-14   7.7566740E-16     16
  3.617185719946331E+03   9.8325069E-14   7.7287410E-16      0
  3.619934605315420E+03   9.7353976E-14   7.6548120E-16     16
  3.622683499834027E+03   9.8985836E-14   7.7298316E-16      0
  3.625432403437793E+03   9.8613012E-14   7.6912693E-16     16
  3.628181316062359E+03   9.7470907E-14   8.4062461E-16     16
  3.630930237643360E+03   9.7526093E-14   7.6376199E-16      0
  3.633679168116432E+03   9.7709757E-14   7.6072198E-16      0
  3.636428107417207E+03   9.6774842E-14   7.5763338E-16      0
  3.639177055481316E+03   9.5533892E-14   7.5584154E-16      0
  3.641926012244387E+03   9.5926861E-14   7.5430910E-16     16
  3.644674977642046E+03   9.6393955E-14   7.5078142E-16     16
  3.647423951609920E+03   9.7086950E-14   7.5287052E-16      0
  3.650172934083629E+03   9.7171084E-14   7.5191263E-16      0
  3.652921924998796E+03   9.6693642E-14   7.4852328E-16     16
  3.655670924291037E+03   9.5968596E-14   7.4385089E-16      0
  3.658419931895970E+03   9.5430255E-14   7.4662540E-16     16
  3.661168947749210E+03   9.6588475E-14   7.5069449E-16     16
  3.663917971786369E+03   9.6075498E-14   7.3908590E-16      0
  3.666667003943057E+03   9.5181729E-14   7.3579926E-16      0
  3.669416044154885E+03   9.6447908E-14   7.3895033E-16     16
  3.672165092357458E+03   9.5520847E-14   7.3332957E-16     16
  3.674914148486382E+03   9.5717617E-14   7.3353980E-16      0
  3.677663212477260E+03   9.3527088E-14   7.9803686E-16      0
  3.680412284265694E+03   9.6648573E-14   7.4399864E-16     16
  3.683161363787284E+03   9.4503669E-14   7.2379114E-16     16
  3.685910450977626E+03   9.4594824E-14   7.2394720E-16      0
  3.688659545772317E+03   9.2911159E-14   7.6474041E-16     16
  3.691408648106952E+03   9.4049646E-14   7.1467584E-16     16
  3.694157757917122E+03   9.4396713E-14   7.1657299E-16     16
  3.696906875138419E+03   9.3313940E-14   7.1106177E-16      0
  3.699655999706431E+03   9.2533979E-14   7.0541830E-16     16
  3.702405131556745E+03   9.3634722E-14   7.0565955E-16      0
  3.705154270624949E+03   9.1560433E-14   6.9789141E-16     16
  3.707903416846623E+03   9.1796565E-14   6.9723274E-16     16
  3.710652570157351E+03   9.4308574E-14   7.0475582E-16     16
  3.713401730492715E+03   9.3337190E-14   7.0015267E-16     16
  3.716150897788292E+03   9.4726568E-14   7.0198268E-16     16
  3.718900071979660E+03   9.2948788E-14   6.9590506E-16     16
  3.721649253002393E+03   9.4571791E-14   6.9760988E-16      0
  3.724398440792067E+03   9.3260950E-14   6.9259454E-16     16
  3.727147635284253E+03   9.3128616E-14   6.9246913E-16      0
  3.729896836414524E+03   9.2799934E-14   6.9172051E-16      0
  3.732646044118446E+03   9.1822410E-14   6.8053020E-16      0
  3.735395258331590E+03   9.3457434E-14   6.8549069E-16     16
  3.738144478989520E+03   9.2638679E-14   6.8060294E-16      0
  3.740893706027802E+03   9.2764589E-14   6.7788857E-16      0
  3.743642939381999E+03   9.2955083E-14   6.7624564E-16      0
  3.746392178987671E+03   9.1978291E-14   6.7098827E-16      0
  3.749141424780381E+03   9.2711158E-14   6.7432309E-16      0
  3.751890676695686E+03   9.3656379E-14   6.7653575E-16      0
  3.754639934669144E+03   9.1712404E-14   6.7120415E-16      0
  3.757389198636310E+03   9.3259351E-14   6.6772857E-16     16
  3.760138468532740E+03   9.3318745E-14   6.6748234E-16     16
  3.762887744293987E+03   9.1658757E-14   6.7043568E-16     16
  3.765637025855602E+03   9.0900066E-14   7.6714932E-16      0
  3.768386313153136E+03   9.2223396E-14   6.5778488E-16     16
  3.771135606122137E+03   9.1282220E-14   6.4972372E-16      0
  3.773884904698155E+03   9.0397782E-14   6.9220522E-16      0
  3.776634208816733E+03   9.1926060E-14   6.5663011E-16     16
  3.779383518413420E+03   9.1958145E-14   6.4643548E-16     16
  3.782132833423757E+03   9.0636842E-14   6.3970665E-16      0
  3.784882153783287E+03   9.2035740E-14   6.4519082E-16      0
  3.787631479427553E+03   9.0383911E-14   6.3720457E-16      0
  3.790380810292094E+03   9.2153092E-14   6.4246750E-16     16
  3.793130146312449E+03   9.1411254E-14   6.3587902E-16     16
  3.795879487424155E+03   9.1645794E-14   6.3510848E-16      0
  3.798628833562749E+03   8.8867607E-14   6.2432633E-16      0
  3.801378184663767E+03   8.9462780E-14   6.1991276E-16      0
  3.804127540662741E+03   8.9392022E-14   6.1813622E-16     16
  3.806876901495207E+03   8.9696954E-14   6.1901575E-16     16
  3.809626267096694E+03   8.9361590E-14   6.1732243E-16      0
  3.812375637402734E+03   9.1312618E-14   6.2746914E-16     16
  3.815125012348857E+03   8.8448339E-14   6.1147054E-16      0
  3.817874391870590E+03   9.0120999E-14   6.1611837E-16      0
  3.820623775903463E+03   8.8663641E-14   6.1316366E-16      0
  3.823373164383001E+03   8.8871097E-14   6.0879741E-16     16
  3.826122557244728E+03   8.8208724E-14   6.0243842E-16      0
  3.828871954424171E+03   8.7767433E-14   6.0125654E-16     16
  3.831621355856850E+03   8.8173358E-14   5.9942102E-16      0
  3.834370761478290E+03   8.9693173E-14   6.0596335E-16      0
  3.837120171224012E+03   8.9052111E-14   6.0161886E-16      0
  3.839869585029536E+03   8.8943257E-14   5.9855885E-16      0
  3.842619002830381E+03   8.9413415E-14   6.0007689E-16     16
  3.845368424562066E+03   9.0083031E-14   5.9974485E-16      0
  3.848117850160108E+03   8.9310585E-14   5.9685838E-16      0
  3.850867279560024E+03   9.0567887E-14   5.9908713E-16     16
  3.853616712697330E+03   9.1369315E-14   6.0012454E-16      0
  3.856366149507540E+03   8.9417521E-14   5.9183452E-16     16
  3.859115589926169E+03   8.9043315E-14   5.8813547E-16     16
  3.861865033888731E+03   8.9634422E-14   5.8789063E-16      0
  3.864614481330736E+03   8.9569418E-14   6.3340594E-16      0
  3.867363932187697E+03   8.8841857E-14   5.8252070E-16      0
  3.870113386395123E+03   8.7753515E-14   6.2402812E-16      0
  3.872862843888527E+03   8.8716225E-14   5.7974837E-16     16
  3.875612304603416E+03   8.7797648E-14   5.7642180E-16      0
  3.878361768475299E+03   8.8042332E-14   5.7497666E-16      0
  3.881111235439684E+03   8.7710397E-14   5.7304304E-16      0
  3.883860705432076E+03   8.7203519E-14   5.6962240E-16     16
  3.886610178387984E+03   8.6021224E-14   5.6485551E-16     16
  3.889359654242912E+03   8.5574546E-14   5.6225417E-16      0
  3.892109132932365E+03   8.4264755E-14   5.5526080E-16      0
  3.894858614391848E+03   8.5065744E-14   5.5931502E-16     16
  3.897608098556863E+03   8.4839335E-14   5.5512215E-16      0
  3.900357585362914E+03   8.4939800E-14   5.5489531E-16      0
  3.903107074745503E+03   8.6049799E-14   5.5615654E-16      0
  3.905856566640132E+03   8.6276411E-14   5.5528320E-16     16
  3.908606060982302E+03   8.5934630E-14   5.5310521E-16      0
  3.911355557707514E+03   8.5735326E-14   5.5081758E-16     16
  3.914105056751266E+03   8.6509203E-14   5.5272987E-16      0
  3.916854558049060E+03   8.4948880E-14   5.5849737E-16      0
  3.919604061536392E+03   8.4644958E-14   5.4415445E-16     16
  3.922353567148763E+03   8.5836374E-14   5.4640126E-16      0
  3.925103074821669E+03   8.4207550E-14   5.8189035E-16     16
  3.927852584490609E+03   8.5737942E-14   5.4370590E-16      0
  3.930602096091080E+03   8.4943656E-14   5.4043672E-16     16
  3.933351609558577E+03   8.1499132E-14   5.2755298E-16     16
  3.936101124828596E+03   8.0543035E-14   5.2375795E-16      0
  3.938850641836634E+03   8.3474067E-14   5.3309850E-16      0
  3.941600160518185E+03   8.3765561E-14   5.3241045E-16     16
  3.944349680808746E+03   8.0802905E-14   5.2123522E-16      0
  3.947099202643808E+03   7.6301765E-14   5.0442686E-16     16
  3.949848725958867E+03   8.2097489E-14   5.2337981E-16      0
  3.952598250689417E+03   8.3456218E-14   5.2595706E-16      0
  3.955347776770952E+03   8.2799761E-14   5.2356922E-16     16
  3.958097304138962E+03   8.3571679E-14   5.2545816E-16     16
  3.960846832728942E+03   8.4061664E-14   5.2640001E-16     16
  3.963596362476385E+03   8.3129901E-14   5.1988357E-16     16
  3.966345893316783E+03   8.3255587E-14   5.2354598E-16     16
  3.969095425185627E+03   8.0482272E-14   5.1279645E-16     16
  3.971844958018409E+03   8.1846558E-14   5.1326306E-16     16
  3.974594491750621E+03   8.2479433E-14   5.1480646E-16      0
  3.977344026317754E+03   8.2038007E-14   5.5930740E-16     16
  3.980093561655298E+03   8.0266726E-14   5.0715897E-16     16
  3.982843097698746E+03   8.0994923E-14   5.0831130E-16     16
  3.985592634383587E+03   8.4570771E-14   5.1739801E-16      0
  3.988342171645312E+03   8.4777034E-14   5.1795234E-16      0
  3.991091709419412E+03   8.4017374E-14   5.1376646E-16     16
  3.993841247641378E+03   8.3144564E-14   5.1097183E-16      0
  3.996590786246698E+03   8.3355022E-14   5.1285066E-16     16
  3.999340325170864E+03   8.4189037E-14   5.1231777E-16      0
  4.002089864349365E+03   8.3352223E-14   5.0947518E-16      0
  4.004839403717692E+03   8.3235868E-14   5.0757031E-16      0
  4.007588943211334E+03   8.4008653E-14   5.1195926E-16      0
  4.010338481447315E+03   8.3923130E-14   5.1041676E-16      0
  4.013088022316524E+03   8.1911461E-14   5.4623810E-16     16
  4.015837561799051E+03   8.2861615E-14   5.0354865E-16      0
  4.018587101148855E+03   8.1559386E-14   5.3947227E-16      0
  4.021336640301422E+03   8.2357949E-14   5.0162546E-16      0
  4.024086179192246E+03   8.1913676E-14   4.9979147E-16     16
  4.026835717756814E+03   8.1537336E-14   4.9702231E-16      0
  4.029585255930617E+03   8.1283816E-14   4.9605193E-16     16
  4.032334793649146E+03   8.1202474E-14   4.9535916E-16      0
  4.035084330847891E+03   8.1120135E-14   4.9366838E-16      0
  4.037833867462342E+03   8.0458657E-14   4.9092441E-16      0
  4.040583403427990E+03   8.1506741E-14   4.9725715E-16      0
  4.043332938680325E+03   7.9786058E-14   4.9079741E-16      0
  4.046082473154840E+03   8.0821119E-14   5.3168983E-16     16
  4.048832006787024E+03   8.1198103E-14   4.9056834E-16      0
  4.051581539512369E+03   8.0098403E-14   4.9326514E-16      0
  4.054331071266366E+03   8.0231333E-14   4.8790543E-16      0
  4.057080601984507E+03   8.0507832E-14   4.8748070E-16      0
  4.059830131602286E+03   8.0010820E-14   4.8623556E-16     16
  4.062579660055192E+03   8.0331771E-14   4.8777890E-16      0
  4.065329187278720E+03   7.7804882E-14   5.1757239E-16     16
  4.068078713208361E+03   7.9432493E-14   4.8229071E-16     16
  4.070828237779609E+03   7.8809274E-14   4.7961631E-16      0
  4.073577760927957E+03   7.8581212E-14   4.7878776E-16      0
  4.076327282588899E+03   7.9403606E-14   4.8218992E-16     16
  4.079076802697930E+03   7.8127609E-14   5.2662241E-16     16
  4.081826321190544E+03   7.7494204E-14   5.7730880E-16      0
  4.084575838002235E+03   7.8859005E-14   4.7747973E-16     16
  4.087325353068499E+03   7.7864276E-14   5.1308364E-16      0
  4.090074866324831E+03   7.8349789E-14   4.9513756E-16      0
  4.092824377706728E+03   7.6753579E-14   4.7021896E-16      0
  4.095573887149686E+03   7.8114659E-14   4.7472110E-16     16
  4.098323394589202E+03   7.8318889E-14   4.7503169E-16     16
  4.101072899960773E+03   7.7773318E-14   4.7171524E-16      0
  4.103822403199899E+03   7.7938835E-14   4.7292819E-16     16
  4.106571904242075E+03   7.8618678E-14   4.7441611E-16     16
  4.109321403022803E+03   7.8295789E-14   4.7239446E-16      0
  4.112070899477580E+03   7.8598112E-14   4.7185881E-16     16
  4.114820393541908E+03   8.0432175E-14   4.7809954E-16      0
  4.117569885151287E+03   7.9311124E-14   5.5698764E-16      0
  4.120319374241219E+03   8.0429736E-14   4.7964241E-16      0
  4.123068860747203E+03   8.0211655E-14   4.7636217E-16     16
  4.125818344604744E+03   7.9830240E-14   4.7503540E-16     16
  4.128567825749345E+03   8.0885656E-14   4.7695001E-16      0
  4.131317304116506E+03   7.9858375E-14   4.7465000E-16     16
  4.134066779641737E+03   7.9742738E-14   4.8117025E-16      0
  4.136816252260557E+03   7.8910924E-14   4.7120755E-16     16
  4.139565721908436E+03   7.9831263E-14   4.7308399E-16      0
  4.142315188520899E+03   7.7884442E-14   4.6560787E-16      0
  4.145064652033452E+03   7.8811774E-14   4.6922343E-16     16
  4.147814112381604E+03   7.8744133E-14   4.6842351E-16     16
  4.150563569500864E+03   7.9109415E-14   4.7005797E-16      0
  4.153313023326739E+03   7.7367562E-14   4.7294492E-16     16
  4.156062473794743E+03   7.7639257E-14   5.0347903E-16     16
  4.158811920840381E+03   7.7639040E-14   4.6390147E-16      0
  4.161561364399169E+03   7.6240622E-14   5.3901635E-16      0
  4.164310804406620E+03   7.7413973E-14   4.6149489E-16      0
  4.167060240798244E+03   7.8645803E-14   4.6467211E-16     16
  4.169809673509557E+03   7.8124430E-14   4.6333713E-16      0
  4.172559102476074E+03   7.7230485E-14   4.6015547E-16      0
  4.175308527633309E+03   7.7194578E-14   4.5901388E-16      0
  4.178057948916782E+03   7.6705928E-14   4.5735925E-16     16
  4.180807366262009E+03   7.4696278E-14   4.8919858E-16      0
  4.183556779604507E+03   7.7300999E-14   4.6101960E-16     16
  4.186306188879798E+03   7.6309801E-14   4.5563639E-16      0
  4.189055594023402E+03   7.7167365E-14   4.5756540E-16     16
  4.191804994970839E+03   7.6391726E-14   4.5339937E-16     16
  4.194554391657633E+03   7.6870883E-14   4.5556529E-16      0
  4.197303784019306E+03   7.6266365E-14   4.5397964E-16     16
  4.200053171991384E+03   7.4233602E-14   4.4835429E-16      0
  4.202802555509393E+03   7.3761167E-14   4.9276507E-16     16
  4.205551934508856E+03   7.4754534E-14   4.4763399E-16      0
  4.208301308925305E+03   7.5281781E-14   4.4853624E-16      0
  4.211050678694264E+03   7.5399261E-14   4.4892174E-16     16
  4.213800043751266E+03   7.5614990E-14   4.4773103E-16      0
  4.216549404031843E+03   7.3974999E-14   4.8121525E-16      0
  4.219298759471522E+03   7.4518076E-14   4.4582785E-16      0
  4.222048110005841E+03   7.4167174E-14   4.4426952E-16     16
  4.224797455570332E+03   7.4701713E-14   4.4411293E-16      0
  4.227546796100531E+03   7.4825556E-14   4.4506589E-16      0
  4.230296131531974E+03   7.3924346E-14   4.4165809E-16     16
  4.233045461800200E+03   7.4132872E-14   4.4234988E-16      0
  4.235794786840746E+03   7.3884597E-14   4.4009341E-16     16
  4.238544106589154E+03   7.4149135E-14   4.4347696E-16      0
  4.241293420980965E+03   7.3990523E-14   4.4036060E-16     16
  4.244042729951721E+03   7.4437696E-14   4.4184960E-16     16
  4.246792033436967E+03   7.2730206E-14   4.3838788E-16     16
  4.249541331372248E+03   7.3302475E-14   4.3861544E-16      0
  4.252290623693110E+03   7.2666062E-14   4.3495383E-16     16
  4.255039910335103E+03   7.2452190E-14   4.7031743E-16     16
  4.257789191233773E+03   7.2551021E-14   4.3463074E-16      0
  4.260538466324673E+03   7.1806852E-14   4.6636258E-16      0
  4.263287735543354E+03   7.0433852E-14   4.2715596E-16     16
  4.266036998825369E+03   7.1528327E-14   4.2984590E-16     16
  4.268786256106273E+03   7.0796369E-14   4.2951265E-16      0
  4.271535507321623E+03   7.1710162E-14   4.3309419E-16     16
  4.274284752406975E+03   7.1451491E-14   4.3523070E-16      0
  4.277033991297890E+03   7.2205357E-14   4.3109414E-16      0
  4.279783223929927E+03   7.1235288E-14   4.2690445E-16      0
  4.282532450238648E+03   7.0873883E-14   4.2452476E-16      0
  4.285281670159617E+03   7.1114874E-14   4.2617814E-16      0
  4.288030883628397E+03   7.0774441E-14   4.2494695E-16     16
  4.290780090580556E+03   7.0783548E-14   4.2423531E-16      0
  4.293529290951663E+03   7.1376980E-14   4.2605522E-16     16
  4.296278484677286E+03   7.0135988E-14   4.2210243E-16     16
  4.299027671692996E+03   7.1033606E-14   4.2435586E-16      0
  4.301776851934364E+03   7.0181098E-14   4.2141753E-16     16
  4.304526025336968E+03   6.9557926E-14   4.1897884E-16     16
  4.307275191836381E+03   7.0378965E-14   4.2132237E-16      0
  4.310024351368181E+03   6.9918070E-14   4.1922469E-16      0
  4.312773503867948E+03   6.9673075E-14   4.1871501E-16      0
  4.315522649271261E+03   6.9839554E-14   4.1810383E-16      0
  4.318271787513704E+03   7.0230876E-14   4.1887471E-16      0
  4.321020918530860E+03   6.9283406E-14   4.1529456E-16     16
  4.323770042258317E+03   6.9300827E-14   4.1667081E-16      0
  4.326519158631657E+03   7.0191689E-14   4.2987682E-16      0
  4.329268267586473E+03   6.9327316E-14   4.1495231E-16      0
  4.332017369058358E+03   6.9320729E-14   4.1344782E-16      0
  4.334766462982901E+03   6.8822613E-14   4.1216012E-16     16
  4.337515549295696E+03   6.9283243E-14   4.1313241E-16     16
  4.340264627932343E+03   6.9194088E-14   4.1169009E-16     16
  4.343013698828436E+03   6.8863264E-14   4.1113050E-16      0
  4.345762761919577E+03   6.8778513E-14   4.1020363E-16     16
  4.348511817141369E+03   6.9645739E-14   4.1321465E-16      0
  4.351260864429411E+03   7.0763341E-14   4.1577017E-16     16
  4.354009903719312E+03   7.2397912E-14   4.2026646E-16      0
  4.356758934946678E+03   7.2108023E-14   4.1918340E-16      0
  4.359507958047119E+03   7.1000104E-14   4.4914213E-16      0
  4.362256972956246E+03   7.2191656E-14   4.1913170E-16      0
  4.365005979609671E+03   7.1368238E-14   4.5244154E-16     16
  4.367754977943008E+03   7.1357471E-14   4.1577327E-16     16
  4.370503967891877E+03   7.0934029E-14   4.1375161E-16     16
  4.373252949391894E+03   7.1471834E-14   4.1609024E-16      0
  4.376001922378680E+03   7.1425830E-14   4.1408497E-16     16
  4.378750886787859E+03   7.0768308E-14   4.1256521E-16      0
  4.381499842555055E+03   7.0287810E-14   4.0980873E-16    272
  4.384248789615895E+03   6.8992636E-14   4.0834042E-16    272
  4.386997727906009E+03   6.8051352E-14   4.0170725E-16      0
  4.389746657361024E+03   6.8924609E-14   4.0554940E-16     16
  4.392495577916578E+03   6.8279129E-14   4.0149317E-16     16
  4.395244489508303E+03   6.8386906E-14   4.0265418E-16      0
  4.397993392071837E+03   6.7793956E-14   4.0026161E-16      0
  4.400742285542819E+03   6.8311838E-14   4.0137246E-16     16
  4.403491169856891E+03   6.8188883E-14   4.0015406E-16     16
  4.406240044949696E+03   6.7007936E-14   4.3507119E-16      0
  4.408988910756880E+03   6.7411944E-14   3.9756656E-16     16
  4.411737767214090E+03   6.6935586E-14   4.3206436E-16      0
  4.414486614256977E+03   6.7904890E-14   4.3637319E-16      0
  4.417235451821194E+03   6.6683821E-14   3.9500167E-16      0
  4.419984279842394E+03   6.6393851E-14   3.9289478E-16      0
  4.422733098256234E+03   6.7078890E-14   3.9479454E-16     16
  4.425481906998374E+03   6.6373854E-14   3.9323200E-16      0
  4.428230706004474E+03   6.6504446E-14   3.9272585E-16      0
  4.430979495210198E+03   6.5524321E-14   3.8940966E-16      0
  4.433728274551213E+03   6.6876172E-14   3.9345178E-16      0
  4.436477043963185E+03   6.6427000E-14   3.9086616E-16     16
  4.439225803381718E+03   6.6203756E-14   3.9005441E-16      0
  4.441974552742615E+03   6.5710580E-14   3.8792817E-16      0
  4.444723291981487E+03   6.6682079E-14   3.9071989E-16      0
  4.447472021034013E+03   6.7032338E-14   3.9286833E-16      0
  4.450220739835872E+03   6.6199060E-14   3.9023822E-16      0
  4.452969448322748E+03   6.6032703E-14   3.9009279E-16      0
  4.455718146430323E+03   6.5882311E-14   3.8733692E-16      0
  4.458466834094287E+03   6.6184986E-14   3.8855334E-16      0
  4.461215511250328E+03   6.5245464E-14   4.1966396E-16     16
  4.463964177834138E+03   6.5675831E-14   4.2066361E-16     16
  4.466712833781413E+03   6.5488088E-14   3.8573094E-16     16
  4.469461479027848E+03   6.5510158E-14   3.8564063E-16      0
  4.472210113509144E+03   6.4927345E-14   3.8402354E-16      0
  4.474958737161002E+03   6.5011269E-14   3.8430954E-16      0
  4.477707349919127E+03   6.5325641E-14   3.8464015E-16      0
  4.480455951719227E+03   6.4599530E-14   3.8284552E-16      0
  4.483204542497011E+03   6.5011358E-14   3.8356069E-16      0
  4.485953122188191E+03   6.5002067E-14   4.1761750E-16     16
  4.488701690728481E+03   6.5589183E-14   4.1961353E-16     16
  4.491450248053601E+03   6.5316743E-14   3.8328439E-16      0
  4.494198794099269E+03   6.5285159E-14   3.8377856E-16     16
  4.496947328801210E+03   6.5133710E-14   3.8281694E-16      0
  4.499695852095147E+03   6.5409328E-14   3.8379833E-16     16
  4.502444363916808E+03   6.4968823E-14   3.8202372E-16      0
  4.505192864201927E+03   6.4434271E-14   3.7996927E-16      0
  4.507941352886233E+03   6.3968165E-14   3.7912332E-16      0
  4.510689829905466E+03   6.4818851E-14   3.8197769E-16      0
  4.513438295195362E+03   6.3346545E-14   4.0997356E-16      0
  4.516186748691664E+03   6.4876740E-14   4.1542141E-16      0
  4.518935190330118E+03   6.4173852E-14   3.7907146E-16      0
  4.521683620046469E+03   6.3870845E-14   4.1312036E-16      0
  4.524432037776467E+03   6.3241791E-14   4.1117909E-16      0
  4.527180443455865E+03   6.4688936E-14   3.8096426E-16     16
  4.529928837020420E+03   6.3907003E-14   3.7872876E-16     16
  4.532677218405890E+03   6.4021610E-14   3.7867185E-16      0
  4.535425587548035E+03   6.3335079E-14   3.7645794E-16      0
  4.538173944382621E+03   6.3184809E-14   4.0981500E-16     16
  4.540922288845412E+03   6.4468525E-14   3.7954527E-16      0
  4.543670620872182E+03   6.4137674E-14   3.7863593E-16      0
  4.546418940398700E+03   6.3344471E-14   3.7516450E-16      0
  4.549167247360745E+03   6.2907938E-14   3.7349092E-16     16
  4.551915541694093E+03   6.2944509E-14   3.7466387E-16     16
  4.554663823334527E+03   6.3229397E-14   3.7392854E-16      0
  4.557412092217833E+03   6.3526726E-14   3.7609345E-16      0
  4.560160348279796E+03   6.2686211E-14   3.7249491E-16     16
  4.562908591456209E+03   6.2509785E-14   3.7196610E-16     16
  4.565656821682864E+03   6.3030046E-14   3.7329237E-16      0
  4.568405038895557E+03   6.2558682E-14   3.7102902E-16     16
  4.571153243030090E+03   6.3523812E-14   3.7590973E-16     16
  4.573901434022265E+03   6.3174617E-14   3.7350497E-16      0
  4.576649611807888E+03   6.2623287E-14   3.7139060E-16      0
  4.579397776322767E+03   6.3036056E-14   3.8229228E-16     16
  4.582145927502714E+03   6.2708160E-14   3.7534529E-16     16
  4.584894065283544E+03   6.3104246E-14   4.1876144E-16      0
  4.587642189601076E+03   6.2497147E-14   3.7115917E-16      0
  4.590390300391132E+03   6.3450025E-14   3.7455101E-16     16
  4.593138397589537E+03   6.3056033E-14   4.0624240E-16      0
  4.595886481132116E+03   6.2287062E-14   3.7102550E-16      0
  4.598634550954703E+03   6.2896587E-14   3.7283704E-16     16
  4.601382606993130E+03   6.2128132E-14   4.0291158E-16     16
  4.604130649183237E+03   6.1515368E-14   4.5259210E-16      0
  4.606878677460861E+03   6.1810508E-14   3.6932328E-16      0
  4.609626691761850E+03   6.2995311E-14   3.7356093E-16      0
  4.612374692022046E+03   6.2394995E-14   3.7083550E-16     16
  4.615122678177306E+03   6.0997316E-14   3.6887954E-16      0
  4.617870650163478E+03   6.1768611E-14   3.7055622E-16      0
  4.620618607916423E+03   6.2431864E-14   3.7311230E-16      0
  4.623366551371998E+03   6.2692981E-14   3.7269931E-16      0
  4.626114480466070E+03   6.1902977E-14   3.8226954E-16     16
  4.628862395134504E+03   6.1931878E-14   3.6965071E-16     16
  4.631610295313171E+03   6.2044323E-14   3.7277168E-16      0
  4.634358180937946E+03   6.1090083E-14   4.0105425E-16     16
  4.637106051944705E+03   6.1238849E-14   3.6759912E-16     16
  4.639853908269329E+03   6.1818924E-14   3.7461371E-16     16
  4.642601749847700E+03   6.1563764E-14   3.6882488E-16      0
  4.645349576615709E+03   6.2106970E-14   3.7060765E-16      0
  4.648097388509245E+03   6.1743342E-14   3.6900503E-16     16
  4.650845185464204E+03   6.1766401E-14   3.7142334E-16     16
  4.653592967416484E+03   6.1068907E-14   3.6745451E-16     16
  4.656340734301984E+03   6.1484468E-14   3.6842267E-16     16
  4.659088486056609E+03   6.1070147E-14   3.6738556E-16      0
  4.661836222616272E+03   6.0571875E-14   3.6562243E-16    256
  4.664583943916881E+03   6.1849397E-14   3.6986408E-16      0
  4.667331649894353E+03   6.1124032E-14   3.6803489E-16      0
  4.670079340484608E+03   6.1138770E-14   3.6771103E-16      0
  4.672827015623568E+03   6.1494226E-14   3.6849914E-16      0
  4.675574675247158E+03   6.1243308E-14   3.6762281E-16     16
  4.678322319291309E+03   6.1544065E-14   3.6907997E-16      0
  4.681069947691958E+03   6.1136941E-14   3.6746550E-16     16
  4.683817560385038E+03   6.0927121E-14   3.6649911E-16      0
  4.686565157306491E+03   6.1410681E-14   3.6920165E-16     16
  4.689312738392264E+03   6.1627949E-14   3.6962022E-16      0
  4.692060303578302E+03   6.0836190E-14   4.0085262E-16     16
  4.694807852800560E+03   6.1032159E-14   3.6697660E-16      0
  4.697555385994993E+03   6.0092705E-14   3.6367000E-16      0
  4.700302903097560E+03   6.0262884E-14   3.6580298E-16      0
  4.703050404044226E+03   5.9610913E-14   3.6606181E-16     16
  4.705797888770955E+03   5.9650615E-14   3.6759687E-16      0
  4.708545357213721E+03   5.9853557E-14   3.6424807E-16      0
  4.711292809308498E+03   6.0793533E-14   3.6692811E-16      0
  4.714040244991264E+03   5.9921950E-14   3.7431611E-16      0
  4.716787664198002E+03   6.0721678E-14   4.0124599E-16      0
  4.719535066864697E+03   5.9288789E-14   3.9615961E-16      0
  4.722282452927341E+03   5.9525491E-14   3.9754684E-16      0
  4.725029822321927E+03   5.9217225E-14   3.6243214E-16      0
  4.727777174984451E+03   6.0019657E-14   3.7723388E-16     16
  4.730524510850919E+03   5.9424132E-14   3.7611897E-16     16
  4.733271829857334E+03   5.9649598E-14   3.6422763E-16      0
  4.736019131939704E+03   5.9614572E-14   3.6364961E-16      0
  4.738766417034047E+03   5.8537431E-14   3.9418955E-16     16
  4.741513685076376E+03   5.9327197E-14   3.7277830E-16      0
  4.744260936002715E+03   5.8336013E-14   3.6010153E-16      0
  4.747008169749090E+03   5.8680355E-14   3.6215762E-16     16
  4.749755386251530E+03   5.8771781E-14   3.6426705E-16     16
  4.752502585446068E+03   5.8581259E-14   3.6124933E-16     16
  4.755249767268741E+03   5.8466253E-14   3.6032477E-16     16
  4.757996931655593E+03   5.7866736E-14   3.5920412E-16     16
  4.760744078542668E+03   5.7880560E-14   3.5860564E-16   1040
  4.763491207866015E+03   5.8070803E-14   3.5881052E-16   1040
  4.766238319561690E+03   5.7516471E-14   3.5648499E-16   1024
  4.768985413565750E+03   5.7282961E-14   3.5660947E-16   1024
  4.771732489814256E+03   5.6578647E-14   3.5373639E-16   1024
  4.774479548243277E+03   5.5367020E-14   3.5078130E-16   1024
  4.777226588788883E+03   5.6096837E-14   3.5392229E-16   1040
  4.779973611387145E+03   5.6510569E-14   3.5387777E-16   1024
  4.782720615974146E+03   5.7158170E-14   3.5752890E-16   1024
  4.785467602485967E+03   5.6890873E-14   3.5680244E-16   1024
  4.788214570858697E+03   5.6659667E-14   3.5646074E-16   1024
  4.790961521028426E+03   5.6536830E-14   3.5711703E-16   1024
  4.793708452931249E+03   5.5891106E-14   3.5446224E-16   1024
  4.796455366503267E+03   5.6013147E-14   3.5445610E-16   1040
  4.799202261680584E+03   5.5789178E-14   3.5428728E-16   1024
  4.801949138399310E+03   5.5783886E-14   3.5446637E-16   1040
  4.804695996595556E+03   5.5612107E-14   3.5321854E-16   1024
  4.807442836205439E+03   5.6088448E-14   3.5464256E-16   1024
  4.810189657165082E+03   5.4785108E-14   3.5025006E-16   1024
  4.812936459410610E+03   5.5812177E-14   3.5235856E-16   1024
  4.815683242878154E+03   5.6069685E-14   3.5313786E-16   1040
  4.818430007503847E+03   5.5506313E-14   3.4987712E-16   1040
  4.821176753223829E+03   5.5584999E-14   3.5055441E-16   1024
  4.823923479974244E+03   5.5664654E-14   3.4978183E-16   1024
  4.826670187691240E+03   5.5266027E-14   3.4912101E-16   1024
  4.829416876310967E+03   5.5606381E-14   3.5096127E-16      0
  4.832163545769585E+03   5.5167025E-14   3.4813758E-16      0
  4.834910196003252E+03   5.5732389E-14   3.5077400E-16      0
  4.837656826948135E+03   5.5074997E-14   3.4674127E-16      0
  4.840403438540405E+03   5.5569061E-14   3.4960906E-16      0
  4.843150030716236E+03   5.4624596E-14   3.4551977E-16     16
  4.845896603411808E+03   5.5931408E-14   3.4995344E-16     16
  4.848643156563303E+03   5.4703248E-14   3.4656054E-16     16
  4.851389690106909E+03   5.5064148E-14   3.4698342E-16      0
  4.854136203978822E+03   5.5146822E-14   3.4711135E-16      0
  4.856882698115236E+03   5.5232969E-14   3.4714992E-16     16
  4.859629172452355E+03   5.4894908E-14   3.4641432E-16     16
  4.862375626926387E+03   5.4793247E-14   3.4569977E-16      0
  4.865122061473540E+03   5.4492401E-14   3.4418983E-16      0
  4.867868476030032E+03   5.4512398E-14   3.4433319E-16      0
  4.870614870532083E+03   5.5140744E-14   3.4797911E-16     16
  4.873361244915920E+03   5.7785509E-14   3.5417052E-16     16
  4.876107599117769E+03   6.0685133E-14   3.6322080E-16      0
  4.878853933073869E+03   6.0344586E-14   3.6056641E-16     16
  4.881600246720456E+03   5.8572206E-14   3.5625319E-16      0
  4.884346539993777E+03   5.8814878E-14   3.5712833E-16     16
  4.887092812830078E+03   5.7301664E-14   3.5203145E-16     16
  4.889839065165615E+03   5.7255815E-14   3.5125488E-16      0
  4.892585296936647E+03   5.7193487E-14   3.5165645E-16      0
  4.895331508079435E+03   5.6251007E-14   3.4864347E-16     16
  4.898077698530245E+03   5.6188700E-14   3.4791161E-16      0
  4.900823868225355E+03   5.6064196E-14   3.4798978E-16      0
  4.903570017101039E+03   5.5738329E-14   3.4669892E-16      0
  4.906316145093582E+03   5.6575441E-14   3.4968321E-16     16
  4.909062252139270E+03   5.5243882E-14   3.4508366E-16     16
  4.911808338174394E+03   5.5330777E-14   3.4501666E-16     16
  4.914554403135253E+03   5.4868280E-14   3.4323173E-16      0
  4.917300446958148E+03   5.4384458E-14   3.4053967E-16      0
  4.920046469579388E+03   5.4709208E-14   3.4277494E-16     16
  4.922792470935282E+03   5.4383229E-14   3.4080111E-16     16
  4.925538450962148E+03   5.3536030E-14   3.3818804E-16      0
  4.928284409596308E+03   5.4360596E-14   3.4169449E-16      0
  4.931030346774090E+03   5.3587241E-14   3.3801387E-16      0
  4.933776262431823E+03   5.3207347E-14   3.3674758E-16      0
  4.936522156505847E+03   5.4615912E-14   3.4087240E-16     16
  4.939268028932502E+03   5.4133517E-14   3.7320947E-16      0
  4.942013879648133E+03   5.3696437E-14   3.7120909E-16      0
  4.944759708589096E+03   5.4224728E-14   3.3950020E-16     16
  4.947505515691745E+03   5.3917821E-14   3.3870261E-16      0
  4.950251300892443E+03   5.3617084E-14   3.3777657E-16     16
  4.952997064127558E+03   5.3951032E-14   3.3783554E-16     16
  4.955742805333462E+03   5.3051036E-14   3.3427700E-16      0
  4.958488524446529E+03   5.3819149E-14   3.3670489E-16      0
  4.961234221403148E+03   5.3136095E-14   3.3432449E-16     16
  4.963979896139701E+03   5.3345125E-14   3.3476457E-16     16
  4.966725548592583E+03   5.3888893E-14   3.3747185E-16     16
  4.969471178698193E+03   5.3343574E-14   3.3438449E-16     16
  4.972216786392933E+03   5.3617694E-14   3.3619037E-16      0
  4.974962371613211E+03   5.3394595E-14   3.3410545E-16      0
  4.977707934295442E+03   5.3293355E-14   3.3408933E-16     16
  4.980453474376044E+03   5.3050121E-14   3.3341954E-16     16
  4.983198991791442E+03   5.3133357E-14   3.3415601E-16     16
  4.985944486478064E+03   5.2514349E-14   3.9754409E-16      0
  4.988689958372347E+03   5.2428487E-14   3.3048907E-16      0
  4.991435407410730E+03   5.2316248E-14   3.6452828E-16     16
  4.994180833529656E+03   5.2058930E-14   3.6230521E-16      0
  4.996926236665580E+03   5.2270102E-14   3.2980250E-16      0
  4.999671616754955E+03   5.2181244E-14   3.2903940E-16      0
  5.002416973734243E+03   5.2935361E-14   3.3216045E-16      0
  5.005162307539912E+03   5.2538991E-14   3.3094239E-16     16
  5.007907618108432E+03   5.2442344E-14   3.3898306E-16      0
  5.010652905376283E+03   5.2546231E-14   3.6292172E-16     16
  5.013398169279945E+03   5.2516337E-14   3.2999239E-16     16
  5.016143409755909E+03   5.2132537E-14   3.2902375E-16     16
  5.018888626740669E+03   5.3353274E-14   3.3227594E-16     16
  5.021633820170721E+03   5.3497391E-14   3.3324306E-16     16
  5.024378989982574E+03   5.3018963E-14   3.3090705E-16     16
  5.027124136112737E+03   5.2947620E-14   3.3092709E-16     16
  5.029869258497723E+03   5.2609823E-14   3.2937239E-16      0
  5.032614357074056E+03   5.2789560E-14   3.2995689E-16      0
  5.035359431778263E+03   5.3068142E-14   3.3136715E-16      0
  5.038104482546875E+03   5.2851708E-14   3.3049203E-16     16
  5.040849509316430E+03   5.2878908E-14   3.3010976E-16      0
  5.043594512023473E+03   5.2162579E-14   3.2885159E-16     16
  5.046339490604551E+03   5.1841503E-14   3.2653141E-16      0
  5.049084444996221E+03   5.2924489E-14   3.3041130E-16      0
  5.051829375135041E+03   5.2590300E-14   3.2961644E-16      0
  5.054574280957580E+03   5.1935039E-14   3.2666577E-16      0
  5.057319162400406E+03   5.1540064E-14   3.2544980E-16      0
  5.060064019400097E+03   5.2374981E-14   3.2729700E-16     16
  5.062808851893239E+03   5.1833182E-14   3.2531963E-16     16
  5.065553659816417E+03   5.1690633E-14   3.2571786E-16      0
  5.068298443106228E+03   5.2257457E-14   3.2830409E-16      0
  5.071043201699270E+03   5.1088291E-14   3.5575982E-16      0
  5.073787935532150E+03   5.2151415E-14   3.2660373E-16      0
  5.076532644541480E+03   5.0843671E-14   3.2229474E-16     16
  5.079277328663876E+03   5.1142762E-14   3.4421590E-16     16
  5.082021987835962E+03   5.1421534E-14   3.2344811E-16      0
  5.084766621994366E+03   5.1088829E-14   3.2272125E-16      0
  5.087511231075723E+03   5.0599949E-14   3.2085923E-16      0
  5.090255815016673E+03   5.0359941E-14   3.5219416E-16     16
  5.093000373753865E+03   5.1716325E-14   3.2522934E-16      0
  5.095744907223948E+03   5.1118306E-14   3.2226703E-16      0
  5.098489415363581E+03   5.0343728E-14   3.1962987E-16      0
  5.101233898109429E+03   5.0609263E-14   3.2028375E-16      0
  5.103978355398161E+03   5.0990926E-14   3.2139286E-16      0
  5.106722787166452E+03   5.0531343E-14   3.2000960E-16     16
  5.109467193350984E+03   5.0383797E-14   3.1888832E-16      0
  5.112211573888445E+03   5.1207600E-14   3.2297986E-16      0
  5.114955928715530E+03   5.0040121E-14   3.1759259E-16      0
  5.117700257768935E+03   5.0322437E-14   3.1908091E-16     16
  5.120444560985370E+03   4.9823471E-14   3.1692704E-16      0
  5.123188838301542E+03   4.9937241E-14   3.1771330E-16      0
  5.125933089654171E+03   5.0338294E-14   3.1844775E-16      0
  5.128677314979979E+03   4.9931647E-14   3.1712882E-16     16
  5.131421514215697E+03   5.0169782E-14   3.1804735E-16      0
  5.134165687298060E+03   4.9717795E-14   3.1676539E-16      0
  5.136909834163810E+03   4.9629690E-14   3.1585631E-16     16
  5.139653954749694E+03   4.9561954E-14   3.1596783E-16     16
  5.142398048992466E+03   4.9866141E-14   3.1672939E-16      0
  5.145142116828887E+03   4.9507863E-14   3.1572322E-16     16
  5.147886158195722E+03   4.9114020E-14   3.1417805E-16      0
  5.150630173029743E+03   4.9407967E-14   3.1450900E-16     16
  5.153374161267728E+03   4.9447314E-14   3.2731457E-16      0
  5.156118122846464E+03   4.9059206E-14   3.2309598E-16     16
  5.158862057702739E+03   4.9283806E-14   3.1443864E-16      0
  5.161605965773349E+03   4.9356471E-14   3.1575226E-16      0
  5.164349846995101E+03   4.8621531E-14   3.1278881E-16      0
  5.167093701304801E+03   4.9013856E-14   3.1321142E-16     16
  5.169837528639267E+03   4.9496370E-14   3.1560715E-16      0
  5.172581328935319E+03   4.8901059E-14   3.4588598E-16      0
  5.175325102129785E+03   4.9532684E-14   3.1525669E-16     16
  5.178068848159502E+03   4.9681637E-14   3.1593125E-16     16
  5.180812566961305E+03   4.9168023E-14   3.1473134E-16     16
  5.183556258472046E+03   4.8001398E-14   3.1002470E-16      0
  5.186299922628577E+03   4.8810243E-14   3.7301356E-16     16
  5.189043559367758E+03   4.8904210E-14   3.1423615E-16      0
  5.191787168626453E+03   4.8939602E-14   3.1454402E-16      0
  5.194530750341536E+03   4.8424220E-14   3.1499435E-16     16
  5.197274304449886E+03   4.8597821E-14   3.1416494E-16     16
  5.200017830888385E+03   4.8679692E-14   3.1368473E-16      0
  5.202761329593930E+03   4.9358378E-14   3.1605555E-16     16
  5.205504800503414E+03   4.7958074E-14   3.1137095E-16      0
  5.208248243553742E+03   4.9174935E-14   3.1541572E-16      0
  5.210991658681829E+03   4.8586437E-14   3.1787680E-16     16
  5.213735045824586E+03   4.8801305E-14   3.1469431E-16     16
  5.216478404918941E+03   4.8575920E-14   3.1422985E-16     16
  5.219221735901824E+03   4.7958758E-14   3.1099146E-16      0
  5.221965038710170E+03   4.8447347E-14   3.1329221E-16     16
  5.224708313280923E+03   4.8741467E-14   3.1487338E-16      0
  5.227451559551034E+03   4.8017983E-14   3.1237559E-16     16
  5.230194777457457E+03   4.8276362E-14   3.1264081E-16     16
  5.232937966937156E+03   4.7726729E-14   3.1076347E-16      0
  5.235681127927101E+03   4.8220098E-14   3.1250775E-16     16
  5.238424260364269E+03   4.8139136E-14   3.1271316E-16     16
  5.241167364185640E+03   4.7475390E-14   3.1067273E-16     16
  5.243910439328204E+03   4.7443234E-14   3.1001491E-16      0
  5.246653485728959E+03   4.8021056E-14   3.1336090E-16      0
  5.249396503324906E+03   4.7516461E-14   3.1999777E-16      0
  5.252139492053055E+03   4.8157533E-14   3.1285130E-16     16
  5.254882451850421E+03   4.7426134E-14   3.1080323E-16      0
  5.257625382654026E+03   4.7518118E-14   3.1110281E-16      0
  5.260368284400901E+03   4.7089096E-14   3.0949530E-16     16
  5.263111157028081E+03   4.7046233E-14   3.4245407E-16      0
  5.265854000472610E+03   4.7622391E-14   3.1094714E-16      0
  5.268596814671537E+03   4.7201202E-14   3.0959605E-16     16
  5.271339599561918E+03   4.8002648E-14   3.1300480E-16      0
  5.274082355080815E+03   4.6560937E-14   3.0895130E-16     16
  5.276825081165298E+03   4.6947303E-14   3.0978721E-16      0
  5.279567777752447E+03   4.7200460E-14   3.1035597E-16     16
  5.282310444779341E+03   4.6875854E-14   3.0895058E-16      0
  5.285053082183073E+03   4.6787911E-14   3.0879065E-16      0
  5.287795689900739E+03   4.6836707E-14   3.0932701E-16      0
  5.290538267869444E+03   4.6408149E-14   3.4210215E-16     16
  5.293280816026298E+03   4.7123909E-14   3.1143633E-16      0
  5.296023334308420E+03   4.5361413E-14   3.0510047E-16      0
  5.298765822652934E+03   4.6622360E-14   3.0921716E-16      0
  5.301508280996971E+03   4.7024857E-14   3.1133051E-16     16
  5.304250709277670E+03   4.6591718E-14   3.1001673E-16      0
  5.306993107432175E+03   4.6945178E-14   3.1147662E-16      0
  5.309735475397641E+03   4.6206142E-14   3.0911586E-16      0
  5.312477813111225E+03   4.6368549E-14   3.0867133E-16      0
  5.315220120510096E+03   4.5816968E-14   3.0755311E-16      0
  5.317962397531426E+03   4.6334318E-14   3.0913968E-16      0
  5.320704644112395E+03   4.6325137E-14   3.0828251E-16     16
  5.323446860190191E+03   4.6662079E-14   3.1001168E-16     16
  5.326189045702009E+03   4.6114778E-14   3.0846616E-16      0
  5.328931200585048E+03   4.5333000E-14   3.3967207E-16      0
  5.331673324776520E+03   4.5813972E-14   3.1832245E-16     16
  5.334415418213638E+03   4.5504331E-14   3.0664604E-16      0
  5.337157480833627E+03   4.5684217E-14   3.0772458E-16      0
  5.339899512573716E+03   4.5607405E-14   3.0773395E-16      0
  5.342641513371140E+03   4.5940329E-14   3.1150780E-16     16
  5.345383483163148E+03   4.5480828E-14   3.0771055E-16      0
  5.348125421886985E+03   4.5463535E-14   3.0745650E-16     16
  5.350867329479915E+03   4.4595380E-14   3.1325751E-16      0
  5.353609205879201E+03   4.4918940E-14   3.0616660E-16      0
  5.356351051022117E+03   4.5119883E-14   3.0918998E-16      0
  5.359092864845941E+03   4.4675977E-14   3.1461128E-16     16
  5.361834647287963E+03   4.4913505E-14   3.1756554E-16     16
  5.364576398285476E+03   4.5512452E-14   3.0888203E-16      0
  5.367318117775782E+03   4.5184840E-14   3.0709476E-16      0
  5.370059805696191E+03   4.5011737E-14   3.0715381E-16      0
  5.372801461984018E+03   4.4632646E-14   3.0609320E-16      0
  5.375543086576587E+03   4.4568973E-14   3.0608700E-16     16
  5.378284679411229E+03   4.4876900E-14   3.0666643E-16      0
  5.381026240425283E+03   4.4786704E-14   3.0718590E-16      0
  5.383767769556094E+03   4.4379725E-14   3.0612197E-16      0
  5.386509266741015E+03   4.4395436E-14   3.0542266E-16      0
  5.389250731917406E+03   4.4316259E-14   3.0549090E-16     16
  5.391992165022637E+03   4.4637389E-14   3.0632203E-16      0
  5.394733565994079E+03   4.4213046E-14   3.0543603E-16     16
  5.397474934769118E+03   4.4951588E-14   3.0921671E-16      0
  5.400216271285142E+03   4.4351855E-14   3.0584758E-16      0
  5.402957575479549E+03   4.4823059E-14   3.2580368E-16     16
  5.405698847289744E+03   4.3882172E-14   3.0437848E-16     16
  5.408440086653140E+03   4.4129691E-14   3.0626229E-16      0
  5.411181293507154E+03   4.3767283E-14   3.0529558E-16      0
  5.413922467789216E+03   4.4312186E-14   3.0621027E-16      0
  5.416663609436760E+03   4.3830692E-14   3.0539085E-16     16
  5.419404718387228E+03   4.3070558E-14   3.3755094E-16     16
  5.422145794578068E+03   4.3307910E-14   3.3688782E-16     16
  5.424886837946742E+03   4.4186206E-14   3.0696874E-16     16
  5.427627848430711E+03   4.3997798E-14   3.0632973E-16      0
  5.430368825967449E+03   4.4725101E-14   3.0971667E-16     16
  5.433109770494435E+03   4.3911794E-14   3.0671227E-16      0
  5.435850681949158E+03   4.4435067E-14   3.0789280E-16      0
  5.438591560269112E+03   4.4013919E-14   3.0683358E-16      0
  5.441332405391800E+03   4.3879336E-14   3.0747375E-16      0
  5.444073217254734E+03   4.3900705E-14   3.0782191E-16     16
  5.446813995795431E+03   4.3197915E-14   3.0464943E-16      0
  5.449554740951417E+03   4.3479468E-14   3.0629392E-16      0
  5.452295452660225E+03   4.3764031E-14   3.0645059E-16      0
  5.455036130859397E+03   4.3721916E-14   3.1605142E-16      0
  5.457776775486483E+03   4.3052601E-14   3.2735251E-16     16
  5.460517386479038E+03   4.3567916E-14   3.0618221E-16     16
  5.463257963774626E+03   4.3666873E-14   3.0687241E-16     16
  5.465998507310821E+03   4.2697626E-14   3.0337576E-16      0
  5.468739017025202E+03   4.3324580E-14   3.0539336E-16      0
  5.471479492855357E+03   4.3264983E-14   3.0591415E-16      0
  5.474219934738881E+03   4.3028511E-14   3.0591476E-16     16
  5.476960342613377E+03   4.2846901E-14   3.0454583E-16     16
  5.479700716416457E+03   4.2130765E-14   3.0112614E-16      0
  5.482441056085740E+03   4.3088397E-14   3.0506773E-16      0
  5.485181361558853E+03   4.2522978E-14   3.0400206E-16      0
  5.487921632773431E+03   4.3301263E-14   3.0570515E-16      0
  5.490661869667115E+03   4.3294673E-14   3.0551981E-16      0
  5.493402072177556E+03   4.3378377E-14   3.0611059E-16      0
  5.496142240242414E+03   4.2477018E-14   3.0330474E-16      0
  5.498882373799353E+03   4.2053610E-14   3.3516930E-16      0
  5.501622472786049E+03   4.2728330E-14   3.0417996E-16     16
  5.504362537140181E+03   4.1939396E-14   3.0143756E-16      0
  5.507102566799444E+03   4.2669098E-14   3.0447822E-16      0
  5.509842561701532E+03   4.2378756E-14   3.0313872E-16      0
  5.512582521784155E+03   4.2640157E-14   3.0425731E-16     16
  5.515322446985022E+03   4.2332260E-14   3.0243624E-16     16
  5.518062337241859E+03   4.2453881E-14   3.0391950E-16     16
  5.520802192492395E+03   4.1668803E-14   3.3383207E-16      0
  5.523542012674367E+03   4.1928825E-14   3.0209094E-16     16
  5.526281797725524E+03   4.2018990E-14   3.0220735E-16      0
  5.529021547583617E+03   4.2548674E-14   3.0430998E-16      0
  5.531761262186413E+03   4.1569104E-14   3.3376695E-16     16
  5.534500941471676E+03   4.1407721E-14   3.3327702E-16      0
  5.537240585377191E+03   4.1711165E-14   3.0191439E-16      0
  5.539980193840739E+03   4.2316878E-14   3.0416964E-16      0
  5.542719766800119E+03   4.1480623E-14   3.0102849E-16      0
  5.545459304193132E+03   4.1364766E-14   3.0022974E-16     16
  5.548198805957590E+03   4.1304992E-14   2.9922021E-16      0
  5.550938272031311E+03   4.1360886E-14   2.9941386E-16      0
  5.553677702352124E+03   4.1414676E-14   3.0046630E-16      0
  5.556417096857866E+03   4.0891413E-14   2.9833567E-16     16
  5.559156455486377E+03   4.0995199E-14   3.0019801E-16      0
  5.561895778175513E+03   4.1785179E-14   3.0325728E-16     16
  5.564635064863131E+03   4.1284413E-14   2.9981673E-16     16
  5.567374315487103E+03   4.0706442E-14   2.9747879E-16      0
  5.570113529985303E+03   4.0688146E-14   2.9789715E-16      0
  5.572852708295619E+03   4.0939992E-14   2.9853372E-16     16
  5.575591850355943E+03   4.0641058E-14   2.9815607E-16     16
  5.578330956104177E+03   4.0700265E-14   2.9755386E-16      0
  5.581070025478230E+03   3.9783491E-14   2.9368242E-16      0
  5.583809058416023E+03   4.0734285E-14   2.9775810E-16      0
  5.586548054855482E+03   4.0069036E-14   2.9546193E-16     16
  5.589287014734539E+03   3.9597638E-14   3.4661681E-16      0
  5.592025937991144E+03   4.0568277E-14   2.9770490E-16      0
  5.594764824563244E+03   4.0598865E-14   2.9759634E-16     16
  5.597503674388802E+03   4.0369672E-14   2.9617703E-16     16
  5.600242487405783E+03   4.0051743E-14   2.9532365E-16      0
  5.602981263552169E+03   4.0110740E-14   2.9593942E-16      0
  5.605720002765945E+03   3.9584184E-14   3.0281274E-16      0
  5.608458704985102E+03   3.9962012E-14   2.9544591E-16      0
  5.611197370147645E+03   4.0224812E-14   2.9666093E-16      0
  5.613935998191586E+03   3.9742552E-14   2.9459668E-16      0
  5.616674589054941E+03   4.0160817E-14   2.9606782E-16      0
  5.619413142675744E+03   3.9865341E-14   2.9506811E-16     16
  5.622151658992027E+03   3.9587484E-14   2.9378361E-16      0
  5.624890137941835E+03   4.0020982E-14   2.9516155E-16      0
  5.627628579463226E+03   3.9689521E-14   2.9456680E-16      0
  5.630366983494258E+03   4.0001754E-14   2.9611507E-16      0
  5.633105349973004E+03   3.9970526E-14   2.9546031E-16      0
  5.635843678837545E+03   3.9303010E-14   2.9323910E-16     16
  5.638581970025966E+03   4.0153011E-14   2.9659319E-16      0
  5.641320223476367E+03   3.9499660E-14   3.4021706E-16      0
  5.644058439126851E+03   3.9901018E-14   2.9623016E-16      0
  5.646796616915532E+03   4.0188667E-14   2.9727333E-16      0
  5.649534756780535E+03   3.9121352E-14   3.1314215E-16     16
  5.652272858659990E+03   3.9910292E-14   2.9629819E-16     16
  5.655010922492036E+03   3.9575029E-14   2.9467853E-16      0
  5.657748948214824E+03   3.9351860E-14   2.9417057E-16      0
  5.660486935766511E+03   3.9474300E-14   2.9448628E-16     16
  5.663224885085263E+03   4.0369146E-14   2.9851569E-16      0
  5.665962796109255E+03   3.9610442E-14   2.9514098E-16      0
  5.668700668776670E+03   3.9475252E-14   2.9598142E-16     16
  5.671438503025702E+03   3.8912748E-14   3.0167981E-16      0
  5.674176298794552E+03   3.8958721E-14   2.9311191E-16      0
  5.676914056021430E+03   3.9103791E-14   2.9332907E-16      0
  5.679651774644552E+03   3.9405135E-14   3.3918339E-16      0
  5.682389454602152E+03   3.8919040E-14   3.0456917E-16      0
  5.685127095832463E+03   3.8647542E-14   3.1238644E-16     16
  5.687864698273730E+03   3.8899853E-14   2.9323471E-16      0
  5.690602261864207E+03   3.9492569E-14   2.9516769E-16      0
  5.693339786542159E+03   3.9494178E-14   2.9521830E-16      0
  5.696077272245859E+03   3.9419280E-14   3.0539312E-16      0
  5.698814718913585E+03   3.9667783E-14   3.0769946E-16      0
  5.701552126483628E+03   3.9739408E-14   2.9675982E-16     16
  5.704289494894288E+03   3.8632665E-14   2.9229866E-16      0
  5.707026824083872E+03   3.9635772E-14   2.9575675E-16     16
  5.709764113990695E+03   5.9408933E-14   1.6828922E-08  10256
