# based on SN1994I
# The UV and optical spectra are from HST and NOT with a blackbody extension. 
# Brown et al. 2017 (currently in prep)
      900.000  6.38565e-20
      910.000  6.96066e-20
      920.000  8.16751e-20
      930.000  9.54526e-20
      940.000  1.11123e-19
      950.000  1.28882e-19
      960.000  1.48938e-19
      970.000  1.71513e-19
      980.000  1.96839e-19
      990.000  2.25164e-19
      1000.00  2.56746e-19
      1010.00  2.91856e-19
      1020.00  3.30777e-19
      1030.00  3.73802e-19
      1040.00  4.21238e-19
      1050.00  4.73402e-19
      1060.00  5.30619e-19
      1070.00  5.93226e-19
      1080.00  6.61570e-19
      1090.00  7.36004e-19
      1100.00  8.16890e-19
      1110.00  9.04597e-19
      1120.00  9.99501e-19
      1130.00  1.10198e-18
      1140.00  1.21243e-18
      1150.00  1.33122e-18
      1160.00  1.45876e-18
      1170.00  1.59544e-18
      1180.00  1.74166e-18
      1190.00  1.89780e-18
      1200.00  2.06427e-18
      1210.00  2.24145e-18
      1220.00  2.42975e-18
      1230.00  2.62954e-18
      1240.00  2.84120e-18
      1250.00  3.06513e-18
      1260.00  3.30168e-18
      1270.00  3.55122e-18
      1280.00  3.81411e-18
      1290.00  4.09069e-18
      1300.00  4.38131e-18
      1310.00  4.68630e-18
      1320.00  5.00597e-18
      1330.00  5.34062e-18
      1340.00  5.69056e-18
      1350.00  6.05606e-18
      1360.00  6.43739e-18
      1370.00  6.83482e-18
      1380.00  7.24857e-18
      1390.00  7.67888e-18
      1400.00  8.12595e-18
      1410.00  8.58998e-18
      1420.00  9.07116e-18
      1430.00  9.56965e-18
      1440.00  1.00856e-17
      1450.00  1.06191e-17
      1460.00  1.11703e-17
      1470.00  1.17394e-17
      1480.00  1.23263e-17
      1490.00  1.29311e-17
      1500.00  1.35540e-17
      1510.00  1.41948e-17
      1520.00  1.48537e-17
      1530.00  1.55307e-17
      1540.00  1.62257e-17
      1550.00  1.69386e-17
      1560.00  1.76695e-17
      1570.00  1.84183e-17
      1580.00  1.91849e-17
      1590.00  1.99691e-17
      1600.00  2.07710e-17
      1610.00  2.15902e-17
      1620.00  2.24268e-17
      1630.00  2.32806e-17
      1640.00  2.41513e-17
      1650.00  2.50388e-17
      1660.00  2.59430e-17
      1670.00  2.68635e-17
      1680.00  2.78002e-17
      1690.00  2.87528e-17
      1700.00  2.97212e-17
      1710.00  3.07050e-17
      1720.00  3.17039e-17
      1730.00  3.27178e-17
      1740.00  3.37463e-17
      1750.00  3.47891e-17
      1760.00  3.58459e-17
      1770.00  3.69164e-17
      1780.00  3.80003e-17
      1790.00  3.90972e-17
      1800.00  4.02069e-17
      1810.00  4.13289e-17
      1820.00  4.24630e-17
      1830.00  4.36088e-17
      1840.00  4.47658e-17
      1850.00  4.59339e-17
      1860.00  4.71125e-17
      1870.00  4.83014e-17
      1880.00  4.95001e-17
      1890.00  5.07083e-17
      1900.00  5.19255e-17
      1910.00  5.31515e-17
      1920.00  5.43858e-17
      1930.00  5.56280e-17
      1940.00  5.68778e-17
      1950.00  5.81347e-17
      1960.00  5.93984e-17
      1970.00  6.06685e-17
      1980.00  6.19446e-17
      1990.00  6.25837e-17
      2000.00  4.09056e-17
      2010.00  1.04400e-16
      2020.00  1.30237e-16
      2030.00  5.79657e-17
      2040.00  8.22313e-17
      2050.00  7.08616e-17
      2060.00  5.32890e-17
      2070.00  8.34329e-17
      2080.00  6.64101e-17
      2090.00  5.53124e-17
      2100.00  5.40969e-17
      2110.00  6.29489e-17
      2120.00  6.63603e-17
      2130.00  5.44524e-17
      2140.00  5.54420e-17
      2150.00  8.89373e-17
      2160.00  1.14471e-16
      2170.00  1.01997e-16
      2180.00  9.82687e-17
      2190.00  8.52494e-17
      2200.00  8.51593e-17
      2210.00  8.32588e-17
      2220.00  9.71863e-17
      2230.00  1.14572e-16
      2240.00  1.08798e-16
      2250.00  9.84052e-17
      2260.00  1.14924e-16
      2270.00  1.49366e-16
      2280.00  1.39959e-16
      2290.00  1.13942e-16
      2300.00  1.24497e-16
      2310.00  1.79441e-16
      2320.00  1.83796e-16
      2330.00  1.72455e-16
      2340.00  1.96913e-16
      2350.00  1.86437e-16
      2360.00  1.36105e-16
      2370.00  1.18476e-16
      2380.00  1.59034e-16
      2390.00  1.89594e-16
      2400.00  1.79106e-16
      2410.00  1.34401e-16
      2420.00  9.97305e-17
      2430.00  1.26249e-16
      2440.00  1.46133e-16
      2450.00  1.13863e-16
      2460.00  9.18449e-17
      2470.00  1.01395e-16
      2480.00  1.11503e-16
      2490.00  1.21506e-16
      2500.00  1.39649e-16
      2510.00  1.54118e-16
      2520.00  1.45543e-16
      2530.00  1.32278e-16
      2540.00  1.49158e-16
      2550.00  1.49655e-16
      2560.00  1.49635e-16
      2570.00  1.46578e-16
      2580.00  1.07567e-16
      2590.00  6.86267e-17
      2600.00  7.01497e-17
      2610.00  1.07492e-16
      2620.00  1.33625e-16
      2630.00  1.32645e-16
      2640.00  1.20595e-16
      2650.00  1.30353e-16
      2660.00  1.41845e-16
      2670.00  1.50164e-16
      2680.00  1.57274e-16
      2690.00  1.73626e-16
      2700.00  2.10872e-16
      2710.00  2.30195e-16
      2720.00  2.39178e-16
      2730.00  2.64971e-16
      2740.00  2.61995e-16
      2750.00  2.36015e-16
      2760.00  2.32279e-16
      2770.00  2.57772e-16
      2780.00  2.39316e-16
      2790.00  1.36910e-16
      2800.00  1.32491e-16
      2810.00  2.05589e-16
      2820.00  2.42658e-16
      2830.00  2.71404e-16
      2840.00  2.71627e-16
      2850.00  2.50316e-16
      2860.00  2.72542e-16
      2870.00  3.23117e-16
      2880.00  3.46576e-16
      2890.00  4.05049e-16
      2900.00  4.67302e-16
      2910.00  4.99611e-16
      2920.00  4.52134e-16
      2930.00  4.30908e-16
      2940.00  4.51181e-16
      2950.00  4.41344e-16
      2960.00  4.33301e-16
      2970.00  3.87346e-16
      2980.00  3.40398e-16
      2990.00  3.49308e-16
      3000.00  3.78424e-16
      3010.00  3.81513e-16
      3020.00  3.69426e-16
      3030.00  3.47455e-16
      3040.00  3.41376e-16
      3050.00  3.45890e-16
      3060.00  3.41307e-16
      3070.00  3.45730e-16
      3080.00  3.47669e-16
      3090.00  3.29070e-16
      3100.00  3.48655e-16
      3110.00  3.71504e-16
      3120.00  3.84856e-16
      3130.00  4.32686e-16
      3140.00  4.86846e-16
      3150.00  5.40301e-16
      3160.00  5.36076e-16
      3170.00  5.00618e-16
      3180.00  5.05992e-16
      3190.00  5.21961e-16
      3200.00  5.32528e-16
      3210.00  4.86536e-16
      3220.00  4.55160e-16
      3230.00  4.96644e-16
      3240.00  5.06094e-16
      3250.00  4.61909e-16
      3260.00  4.42689e-16
      3270.00  5.16415e-16
      3280.00  5.62604e-16
      3290.00  5.21519e-16
      3300.00  4.91224e-16
      3310.00  5.42224e-16
      3320.00  5.73800e-16
      3330.00  5.37711e-16
      3340.00  5.38012e-16
      3350.00  6.17023e-16
      3360.00  6.95857e-16
      3370.00  7.13057e-16
      3380.00  7.93557e-16
      3390.00  9.05804e-16
      3400.00  9.41504e-16
      3410.00  1.00445e-15
      3420.00  1.04796e-15
      3430.00  1.07168e-15
      3440.00  1.02438e-15
      3450.00  9.65228e-16
      3460.00  9.81309e-16
      3470.00  1.03745e-15
      3480.00  1.12449e-15
      3490.00  1.09578e-15
      3500.00  1.06007e-15
      3510.00  1.10095e-15
      3520.00  1.16207e-15
      3530.00  1.20122e-15
      3540.00  1.16688e-15
      3550.00  1.18765e-15
      3560.00  1.21385e-15
      3570.00  1.15932e-15
      3580.00  1.20742e-15
      3590.00  1.18462e-15
      3600.00  1.16653e-15
      3610.00  1.30296e-15
      3620.00  1.29295e-15
      3630.00  1.20754e-15
      3640.00  1.30739e-15
      3650.00  1.37372e-15
      3660.00  1.44426e-15
      3670.00  1.30251e-15
      3680.00  1.21425e-15
      3690.00  1.23846e-15
      3700.00  1.09013e-15
      3710.00  9.95215e-16
      3720.00  8.99111e-16
      3730.00  8.93382e-16
      3740.00  8.51828e-16
      3750.00  7.52855e-16
      3760.00  7.25916e-16
      3770.00  7.36492e-16
      3780.00  8.32950e-16
      3790.00  9.29089e-16
      3800.00  9.78146e-16
      3810.00  1.04368e-15
      3820.00  1.23807e-15
      3830.00  1.78089e-15
      3840.00  2.12440e-15
      3850.00  2.35960e-15
      3860.00  2.81200e-15
      3870.00  3.03997e-15
      3880.00  3.09742e-15
      3890.00  3.38766e-15
      3900.00  3.50869e-15
      3910.00  3.49923e-15
      3920.00  3.69998e-15
      3930.00  3.45980e-15
      3940.00  3.56520e-15
      3950.00  4.13209e-15
      3960.00  4.52772e-15
      3970.00  4.54567e-15
      3980.00  4.58090e-15
      3990.00  4.73140e-15
      4000.00  4.62058e-15
      4010.00  4.77202e-15
      4020.00  4.52709e-15
      4030.00  4.24563e-15
      4040.00  4.20209e-15
      4050.00  3.96176e-15
      4060.00  3.77933e-15
      4070.00  3.59137e-15
      4080.00  3.31881e-15
      4090.00  3.25000e-15
      4100.00  3.28577e-15
      4110.00  3.12853e-15
      4120.00  3.00417e-15
      4130.00  2.76788e-15
      4140.00  2.60792e-15
      4150.00  2.60338e-15
      4160.00  2.53483e-15
      4170.00  2.49037e-15
      4180.00  2.47436e-15
      4190.00  2.38881e-15
      4200.00  2.56593e-15
      4210.00  2.86524e-15
      4220.00  2.81735e-15
      4230.00  2.79147e-15
      4240.00  2.83289e-15
      4250.00  2.81070e-15
      4260.00  2.90940e-15
      4270.00  2.92265e-15
      4280.00  2.81611e-15
      4290.00  2.97178e-15
      4300.00  3.01100e-15
      4310.00  2.96106e-15
      4320.00  2.94262e-15
      4330.00  2.93739e-15
      4340.00  2.94417e-15
      4350.00  2.92513e-15
      4360.00  2.88306e-15
      4370.00  2.83638e-15
      4380.00  2.84377e-15
      4390.00  2.62118e-15
      4400.00  2.40661e-15
      4410.00  2.53453e-15
      4420.00  2.78808e-15
      4430.00  2.84088e-15
      4440.00  2.99527e-15
      4450.00  3.27611e-15
      4460.00  3.49759e-15
      4470.00  3.70478e-15
      4480.00  3.87638e-15
      4490.00  4.10532e-15
      4500.00  4.49090e-15
      4510.00  5.09884e-15
      4520.00  5.29000e-15
      4530.00  5.17259e-15
      4540.00  5.42812e-15
      4550.00  5.75488e-15
      4560.00  6.18539e-15
      4570.00  6.23416e-15
      4580.00  5.95796e-15
      4590.00  6.04850e-15
      4600.00  6.26193e-15
      4610.00  6.30660e-15
      4620.00  6.04032e-15
      4630.00  5.75291e-15
      4640.00  5.56067e-15
      4650.00  5.30232e-15
      4660.00  5.17039e-15
      4670.00  5.01945e-15
      4680.00  4.60613e-15
      4690.00  4.19227e-15
      4700.00  4.00022e-15
      4710.00  3.68168e-15
      4720.00  3.52192e-15
      4730.00  3.68608e-15
      4740.00  3.53081e-15
      4750.00  3.31639e-15
      4760.00  3.22978e-15
      4770.00  3.19936e-15
      4780.00  3.33810e-15
      4790.00  3.27146e-15
      4800.00  3.08878e-15
      4810.00  3.07792e-15
      4820.00  3.21524e-15
      4830.00  3.37126e-15
      4840.00  3.45653e-15
      4850.00  3.55454e-15
      4860.00  3.70928e-15
      4870.00  3.92188e-15
      4880.00  4.12017e-15
      4890.00  4.25146e-15
      4900.00  4.28162e-15
      4910.00  4.27986e-15
      4920.00  4.18206e-15
      4930.00  4.07279e-15
      4940.00  3.92108e-15
      4950.00  3.68956e-15
      4960.00  3.55205e-15
      4970.00  3.41916e-15
      4980.00  3.34684e-15
      4990.00  3.26393e-15
      5000.00  3.28798e-15
      5010.00  3.37847e-15
      5020.00  3.37666e-15
      5030.00  3.41336e-15
      5040.00  3.33804e-15
      5050.00  3.41466e-15
      5060.00  3.59949e-15
      5070.00  3.60068e-15
      5080.00  3.52758e-15
      5090.00  3.52550e-15
      5100.00  3.57271e-15
      5110.00  3.52698e-15
      5120.00  3.62374e-15
      5130.00  3.73359e-15
      5140.00  3.78155e-15
      5150.00  3.98059e-15
      5160.00  4.14726e-15
      5170.00  4.22364e-15
      5180.00  4.40283e-15
      5190.00  4.60686e-15
      5200.00  4.84194e-15
      5210.00  5.03256e-15
      5220.00  5.16803e-15
      5230.00  5.33616e-15
      5240.00  5.59035e-15
      5250.00  5.65962e-15
      5260.00  5.66460e-15
      5270.00  5.73618e-15
      5280.00  5.67095e-15
      5290.00  5.76341e-15
      5300.00  5.86066e-15
      5310.00  5.94517e-15
      5320.00  5.93762e-15
      5330.00  5.78793e-15
      5340.00  5.70996e-15
      5350.00  5.71140e-15
      5360.00  5.72449e-15
      5370.00  5.74083e-15
      5380.00  5.70370e-15
      5390.00  5.66571e-15
      5400.00  5.71866e-15
      5410.00  5.88441e-15
      5420.00  6.03600e-15
      5430.00  6.11045e-15
      5440.00  6.20406e-15
      5450.00  6.27733e-15
      5460.00  6.27187e-15
      5470.00  6.19511e-15
      5480.00  6.07692e-15
      5490.00  5.99895e-15
      5500.00  5.87473e-15
      5510.00  5.70016e-15
      5520.00  5.62624e-15
      5530.00  5.57713e-15
      5540.00  5.53537e-15
      5550.00  5.52836e-15
      5560.00  5.54793e-15
      5570.00  5.56087e-15
      5580.00  5.55949e-15
      5590.00  5.53769e-15
      5600.00  5.48021e-15
      5610.00  5.35223e-15
      5620.00  5.14937e-15
      5630.00  5.01746e-15
      5640.00  4.85976e-15
      5650.00  4.62201e-15
      5660.00  4.41613e-15
      5670.00  4.11382e-15
      5680.00  3.85196e-15
      5690.00  3.90289e-15
      5700.00  3.90028e-15
      5710.00  3.88816e-15
      5720.00  4.03179e-15
      5730.00  4.07197e-15
      5740.00  4.18893e-15
      5750.00  4.46006e-15
      5760.00  4.62228e-15
      5770.00  4.65658e-15
      5780.00  4.70772e-15
      5790.00  4.74237e-15
      5800.00  4.76417e-15
      5810.00  4.81834e-15
      5820.00  4.85640e-15
      5830.00  4.78285e-15
      5840.00  4.83782e-15
      5850.00  4.90860e-15
      5860.00  4.92088e-15
      5870.00  4.97767e-15
      5880.00  4.96539e-15
      5890.00  4.95271e-15
      5900.00  4.91406e-15
      5910.00  4.93039e-15
      5920.00  4.95234e-15
      5930.00  4.81143e-15
      5940.00  4.73297e-15
      5950.00  4.72939e-15
      5960.00  4.60154e-15
      5970.00  4.51450e-15
      5980.00  4.49728e-15
      5990.00  4.54551e-15
      6000.00  4.56184e-15
      6010.00  4.47188e-15
      6020.00  4.34408e-15
      6030.00  4.32931e-15
      6040.00  4.35414e-15
      6050.00  4.35260e-15
      6060.00  4.35184e-15
      6070.00  4.34771e-15
      6080.00  4.33823e-15
      6090.00  4.29656e-15
      6100.00  4.22110e-15
      6110.00  4.09033e-15
      6120.00  4.05657e-15
      6130.00  4.02531e-15
      6140.00  3.84261e-15
      6150.00  3.69481e-15
      6160.00  3.64298e-15
      6170.00  3.55456e-15
      6180.00  3.46041e-15
      6190.00  3.52005e-15
      6200.00  3.46149e-15
      6210.00  3.33568e-15
      6220.00  3.35974e-15
      6230.00  3.39016e-15
      6240.00  3.42597e-15
      6250.00  3.51349e-15
      6260.00  3.55296e-15
      6270.00  3.52187e-15
      6280.00  3.59799e-15
      6290.00  3.64923e-15
      6300.00  3.71458e-15
      6310.00  3.83233e-15
      6320.00  3.88834e-15
      6330.00  3.99748e-15
      6340.00  4.19354e-15
      6350.00  4.27528e-15
      6360.00  4.27260e-15
      6370.00  4.34959e-15
      6380.00  4.43744e-15
      6390.00  4.46237e-15
      6400.00  4.51320e-15
      6410.00  4.53081e-15
      6420.00  4.47372e-15
      6430.00  4.54807e-15
      6440.00  4.60878e-15
      6450.00  4.50313e-15
      6460.00  4.36871e-15
      6470.00  4.41138e-15
      6480.00  4.43542e-15
      6490.00  4.36610e-15
      6500.00  4.39548e-15
      6510.00  4.42875e-15
      6520.00  4.44453e-15
      6530.00  4.45847e-15
      6540.00  4.44309e-15
      6550.00  4.43627e-15
      6560.00  4.42134e-15
      6570.00  4.41788e-15
      6580.00  4.45921e-15
      6590.00  4.39426e-15
      6600.00  4.31612e-15
      6610.00  4.25316e-15
      6620.00  4.21502e-15
      6630.00  4.11876e-15
      6640.00  4.02964e-15
      6650.00  3.99601e-15
      6660.00  3.86431e-15
      6670.00  3.86424e-15
      6680.00  3.86873e-15
      6690.00  3.79104e-15
      6700.00  3.73277e-15
      6710.00  3.69334e-15
      6720.00  3.60950e-15
      6730.00  3.49736e-15
      6740.00  3.50706e-15
      6750.00  3.50698e-15
      6760.00  3.45326e-15
      6770.00  3.42435e-15
      6780.00  3.36245e-15
      6790.00  3.26689e-15
      6800.00  3.08815e-15
      6810.00  3.03009e-15
      6820.00  3.03040e-15
      6830.00  2.94342e-15
      6840.00  2.97292e-15
      6850.00  2.98776e-15
      6860.00  2.90976e-15
      6870.00  2.83676e-15
      6880.00  2.76375e-15
      6890.00  2.75769e-15
      6900.00  2.83264e-15
      6910.00  2.86972e-15
      6920.00  2.86667e-15
      6930.00  2.91037e-15
      6940.00  2.96698e-15
      6950.00  2.91369e-15
      6960.00  2.91045e-15
      6970.00  2.92747e-15
      6980.00  2.87965e-15
      6990.00  2.86000e-15
      7000.00  2.84055e-15
      7010.00  2.80698e-15
      7020.00  2.76898e-15
      7030.00  2.78079e-15
      7040.00  2.77554e-15
      7050.00  2.75643e-15
      7060.00  2.77702e-15
      7070.00  2.75855e-15
      7080.00  2.73173e-15
      7090.00  2.75823e-15
      7100.00  2.75083e-15
      7110.00  2.75158e-15
      7120.00  2.79668e-15
      7130.00  2.77341e-15
      7140.00  2.75824e-15
      7150.00  2.84671e-15
      7160.00  2.92451e-15
      7170.00  2.93798e-15
      7180.00  2.91902e-15
      7190.00  2.88522e-15
      7200.00  2.88270e-15
      7210.00  2.90907e-15
      7220.00  2.96878e-15
      7230.00  2.95854e-15
      7240.00  2.87456e-15
      7250.00  2.87561e-15
      7260.00  2.90904e-15
      7270.00  2.93312e-15
      7280.00  2.94814e-15
      7290.00  2.93431e-15
      7300.00  2.90234e-15
      7310.00  2.86662e-15
      7320.00  2.88432e-15
      7330.00  2.94796e-15
      7340.00  2.95134e-15
      7350.00  2.92876e-15
      7360.00  2.97990e-15
      7370.00  3.06967e-15
      7380.00  3.03113e-15
      7390.00  2.98937e-15
      7400.00  3.06725e-15
      7410.00  3.02937e-15
      7420.00  2.97590e-15
      7430.00  3.01534e-15
      7440.00  2.95341e-15
      7450.00  2.82841e-15
      7460.00  2.79098e-15
      7470.00  2.72448e-15
      7480.00  2.56327e-15
      7490.00  2.48019e-15
      7500.00  2.40569e-15
      7510.00  2.21030e-15
      7520.00  2.04878e-15
      7530.00  1.98351e-15
      7540.00  1.85980e-15
      7550.00  1.78185e-15
      7560.00  1.85135e-15
      7570.00  1.88236e-15
      7580.00  2.00398e-15
      7590.00  2.18240e-15
      7600.00  2.07041e-15
      7610.00  2.06491e-15
      7620.00  2.20195e-15
      7630.00  2.25925e-15
      7640.00  2.45919e-15
      7650.00  2.57420e-15
      7660.00  2.57329e-15
      7670.00  2.65972e-15
      7680.00  2.79783e-15
      7690.00  2.80268e-15
      7700.00  2.70868e-15
      7710.00  2.70821e-15
      7720.00  2.81380e-15
      7730.00  2.85018e-15
      7740.00  2.76635e-15
      7750.00  2.82299e-15
      7760.00  3.03048e-15
      7770.00  3.14325e-15
      7780.00  3.07231e-15
      7790.00  2.95984e-15
      7800.00  3.02254e-15
      7810.00  3.13530e-15
      7820.00  3.13660e-15
      7830.00  3.04184e-15
      7840.00  2.93151e-15
      7850.00  2.96110e-15
      7860.00  3.09228e-15
      7870.00  3.06631e-15
      7880.00  2.92709e-15
      7890.00  2.94639e-15
      7900.00  3.06207e-15
      7910.00  3.01531e-15
      7920.00  2.85071e-15
      7930.00  2.74799e-15
      7940.00  2.72758e-15
      7950.00  2.74902e-15
      7960.00  2.80179e-15
      7970.00  2.76470e-15
      7980.00  2.60179e-15
      7990.00  2.47796e-15
      8000.00  2.38799e-15
      8010.00  2.33683e-15
      8020.00  2.33238e-15
      8030.00  2.22125e-15
      8040.00  2.01336e-15
      8050.00  1.83358e-15
      8060.00  1.72447e-15
      8070.00  1.64858e-15
      8080.00  1.56237e-15
      8090.00  1.41853e-15
      8100.00  1.23241e-15
      8110.00  1.09810e-15
      8120.00  1.04300e-15
      8130.00  1.01193e-15
      8140.00  9.41042e-16
      8150.00  8.28924e-16
      8160.00  7.68387e-16
      8170.00  7.81309e-16
      8180.00  8.50700e-16
      8190.00  8.79450e-16
      8200.00  7.88058e-16
      8210.00  7.12296e-16
      8220.00  6.46202e-16
      8230.00  6.22759e-16
      8240.00  6.67385e-16
      8250.00  6.73823e-16
      8260.00  7.02956e-16
      8270.00  7.03944e-16
      8280.00  6.73112e-16
      8290.00  7.18372e-16
      8300.00  7.75613e-16
      8310.00  8.39246e-16
      8320.00  8.98246e-16
      8330.00  9.10543e-16
      8340.00  9.71165e-16
      8350.00  1.07459e-15
      8360.00  1.13015e-15
      8370.00  1.20621e-15
      8380.00  1.29649e-15
      8390.00  1.34923e-15
      8400.00  1.41846e-15
      8410.00  1.56203e-15
      8420.00  1.69769e-15
      8430.00  1.86378e-15
      8440.00  2.02690e-15
      8450.00  2.11162e-15
      8460.00  2.23076e-15
      8470.00  2.39142e-15
      8480.00  2.56128e-15
      8490.00  2.72072e-15
      8500.00  2.84214e-15
      8510.00  2.93290e-15
      8520.00  2.97432e-15
      8530.00  3.05882e-15
      8540.00  3.18584e-15
      8550.00  3.27380e-15
      8560.00  3.35366e-15
      8570.00  3.38061e-15
      8580.00  3.34691e-15
      8590.00  3.38094e-15
      8600.00  3.46184e-15
      8610.00  3.54063e-15
      8620.00  3.58155e-15
      8630.00  3.52704e-15
      8640.00  3.42382e-15
      8650.00  3.33647e-15
      8660.00  3.37804e-15
      8670.00  3.42143e-15
      8680.00  3.34114e-15
      8690.00  3.24707e-15
      8700.00  3.12265e-15
      8710.00  2.97542e-15
      8720.00  2.90822e-15
      8730.00  2.87244e-15
      8740.00  2.76783e-15
      8750.00  2.60714e-15
      8760.00  2.46002e-15
      8770.00  2.37505e-15
      8780.00  2.29894e-15
      8790.00  2.16744e-15
      8800.00  2.04199e-15
      8810.00  1.93982e-15
      8820.00  1.82553e-15
      8830.00  1.80513e-15
      8840.00  1.92226e-15
      8850.00  2.04078e-15
      8860.00  2.09337e-15
      8870.00  2.02837e-15
      8880.00  1.98463e-15
      8890.00  2.08630e-15
      8900.00  2.22283e-15
      8910.00  2.25248e-15
      8920.00  2.16563e-15
      8930.00  2.14364e-15
      8940.00  2.24027e-15
      8950.00  2.33092e-15
      8960.00  2.18458e-15
      8970.00  2.10061e-15
      8980.00  2.13120e-15
      8990.00  2.07646e-15
      9000.00  2.08245e-15
      9010.00  2.03580e-15
      9020.00  1.94413e-15
      9030.00  1.88521e-15
      9040.00  1.91445e-15
      9050.00  2.02697e-15
      9060.00  2.04046e-15
      9070.00  2.02864e-15
      9080.00  1.99338e-15
      9090.00  1.92645e-15
      9100.00  1.92576e-15
      9110.00  1.92923e-15
      9120.00  1.88689e-15
      9130.00  1.86996e-15
      9140.00  1.88192e-15
      9150.00  1.86606e-15
      9160.00  1.87152e-15
      9170.00  1.88955e-15
      9180.00  1.92904e-15
      9190.00  2.01612e-15
      9200.00  2.08832e-15
      9210.00  2.15159e-15
      9220.00  2.18118e-15
      9230.00  2.14194e-15
      9240.00  2.11064e-15
      9250.00  2.10822e-15
      9260.00  2.19687e-15
      9270.00  2.26602e-15
      9280.00  2.18026e-15
      9290.00  2.05722e-15
      9300.00  1.93119e-15
      9310.00  1.88107e-15
      9320.00  1.89651e-15
      9330.00  1.69024e-15
      9340.00  1.60606e-15
      9350.00  1.76144e-15
      9360.00  1.86335e-15
      9370.00  1.70020e-15
      9380.00  1.62822e-15
      9390.00  1.78440e-15
      9400.00  1.76139e-15
      9410.00  1.66421e-15
      9420.00  1.71032e-15
      9430.00  1.85847e-15
      9440.00  1.96795e-15
      9450.00  1.96251e-15
      9460.00  1.96995e-15
      9470.00  1.99465e-15
      9480.00  1.93817e-15
      9490.00  2.06499e-15
      9500.00  2.26163e-15
      9510.00  2.32631e-15
      9520.00  2.34732e-15
      9530.00  2.41014e-15
      9540.00  2.33881e-15
      9550.00  2.20776e-15
      9560.00  2.16379e-15
      9570.00  2.19949e-15
      9580.00  2.28722e-15
      9590.00  2.29799e-15
      9600.00  2.25626e-15
      9610.00  2.14734e-15
      9620.00  2.03982e-15
      9630.00  1.99080e-15
      9640.00  2.00988e-15
      9650.00  2.03708e-15
      9660.00  2.02013e-15
      9670.00  2.01350e-15
      9680.00  2.05380e-15
      9690.00  2.07572e-15
      9700.00  2.00356e-15
      9710.00  1.92423e-15
      9720.00  1.92365e-15
      9730.00  2.02270e-15
      9740.00  2.05530e-15
      9750.00  1.96573e-15
      9760.00  1.90481e-15
      9770.00  1.84622e-15
      9780.00  1.82215e-15
      9790.00  1.80329e-15
      9800.00  1.80264e-15
      9810.00  1.79150e-15
      9820.00  1.75700e-15
      9830.00  1.67120e-15
      9840.00  1.58832e-15
      9850.00  1.56223e-15
      9860.00  1.45444e-15
      9870.00  1.46467e-15
      9880.00  1.49631e-15
      9890.00  1.30069e-15
      9900.00  1.17185e-15
      9910.00  1.23748e-15
      9920.00  1.31867e-15
      9930.00  1.42126e-15
      9940.00  1.34785e-15
      9950.00  1.23900e-15
      9960.00  1.20665e-15
      9970.00  1.27072e-15
      9980.00  1.27086e-15
      9990.00  1.16507e-15
      10000.0  1.18333e-15
      10010.0  1.15085e-15
      10020.0  1.28774e-15
      10030.0  1.41212e-15
      10040.0  1.55708e-15
      10050.0  1.55267e-15
      10060.0  1.54826e-15
      10070.0  1.54388e-15
      10080.0  1.53950e-15
      10090.0  1.53515e-15
      10100.0  1.53080e-15
      10110.0  1.52648e-15
      10120.0  1.52216e-15
      10130.0  1.51786e-15
      10140.0  1.51358e-15
      10150.0  1.50930e-15
      10160.0  1.50505e-15
      10170.0  1.50081e-15
      10180.0  1.49658e-15
      10190.0  1.49236e-15
      10200.0  1.48816e-15
      10210.0  1.48398e-15
      10220.0  1.47980e-15
      10230.0  1.47564e-15
      10240.0  1.47150e-15
      10250.0  1.46737e-15
      10260.0  1.46325e-15
      10270.0  1.45915e-15
      10280.0  1.45506e-15
      10290.0  1.45098e-15
      10300.0  1.44692e-15
      10310.0  1.44287e-15
      10320.0  1.43883e-15
      10330.0  1.43481e-15
      10340.0  1.43080e-15
      10350.0  1.42681e-15
      10360.0  1.42282e-15
      10370.0  1.41886e-15
      10380.0  1.41490e-15
      10390.0  1.41096e-15
      10400.0  1.40703e-15
      10410.0  1.40311e-15
      10420.0  1.39920e-15
      10430.0  1.39531e-15
      10440.0  1.39143e-15
      10450.0  1.38757e-15
      10460.0  1.38372e-15
      10470.0  1.37988e-15
      10480.0  1.37605e-15
      10490.0  1.37223e-15
      10500.0  1.36843e-15
      10510.0  1.36464e-15
      10520.0  1.36086e-15
      10530.0  1.35710e-15
      10540.0  1.35335e-15
      10550.0  1.34961e-15
      10560.0  1.34588e-15
      10570.0  1.34216e-15
      10580.0  1.33846e-15
      10590.0  1.33477e-15
      10600.0  1.33109e-15
      10610.0  1.32742e-15
      10620.0  1.32377e-15
      10630.0  1.32012e-15
      10640.0  1.31649e-15
      10650.0  1.31287e-15
      10660.0  1.30927e-15
      10670.0  1.30567e-15
      10680.0  1.30209e-15
      10690.0  1.29852e-15
      10700.0  1.29496e-15
      10710.0  1.29141e-15
      10720.0  1.28787e-15
      10730.0  1.28434e-15
      10740.0  1.28083e-15
      10750.0  1.27733e-15
      10760.0  1.27384e-15
      10770.0  1.27036e-15
      10780.0  1.26689e-15
      10790.0  1.26343e-15
      10800.0  1.25998e-15
      10810.0  1.25655e-15
      10820.0  1.25313e-15
      10830.0  1.24971e-15
      10840.0  1.24631e-15
      10850.0  1.24292e-15
      10860.0  1.23954e-15
      10870.0  1.23618e-15
      10880.0  1.23282e-15
      10890.0  1.22947e-15
      10900.0  1.22614e-15
      10910.0  1.22281e-15
      10920.0  1.21950e-15
      10930.0  1.21619e-15
      10940.0  1.21290e-15
      10950.0  1.20962e-15
      10960.0  1.20635e-15
      10970.0  1.20309e-15
      10980.0  1.19984e-15
      10990.0  1.19660e-15
      11000.0  1.19337e-15
      11010.0  1.19015e-15
      11020.0  1.18694e-15
      11030.0  1.18374e-15
      11040.0  1.18056e-15
      11050.0  1.17738e-15
      11060.0  1.17421e-15
      11070.0  1.17106e-15
      11080.0  1.16791e-15
      11090.0  1.16477e-15
      11100.0  1.16165e-15
      11110.0  1.15853e-15
      11120.0  1.15542e-15
      11130.0  1.15233e-15
      11140.0  1.14924e-15
      11150.0  1.14616e-15
      11160.0  1.14310e-15
      11170.0  1.14004e-15
      11180.0  1.13699e-15
      11190.0  1.13395e-15
      11200.0  1.13093e-15
      11210.0  1.12791e-15
      11220.0  1.12490e-15
      11230.0  1.12190e-15
      11240.0  1.11891e-15
      11250.0  1.11593e-15
      11260.0  1.11296e-15
      11270.0  1.11000e-15
      11280.0  1.10705e-15
      11290.0  1.10411e-15
      11300.0  1.10118e-15
      11310.0  1.09826e-15
      11320.0  1.09534e-15
      11330.0  1.09244e-15
      11340.0  1.08954e-15
      11350.0  1.08666e-15
      11360.0  1.08378e-15
      11370.0  1.08091e-15
      11380.0  1.07805e-15
      11390.0  1.07521e-15
      11400.0  1.07236e-15
      11410.0  1.06953e-15
      11420.0  1.06671e-15
      11430.0  1.06390e-15
      11440.0  1.06109e-15
      11450.0  1.05830e-15
      11460.0  1.05551e-15
      11470.0  1.05273e-15
      11480.0  1.04996e-15
      11490.0  1.04720e-15
      11500.0  1.04445e-15
      11510.0  1.04171e-15
      11520.0  1.03898e-15
      11530.0  1.03625e-15
      11540.0  1.03353e-15
      11550.0  1.03083e-15
      11560.0  1.02813e-15
      11570.0  1.02543e-15
      11580.0  1.02275e-15
      11590.0  1.02008e-15
      11600.0  1.01741e-15
      11610.0  1.01475e-15
      11620.0  1.01210e-15
      11630.0  1.00946e-15
      11640.0  1.00683e-15
      11650.0  1.00421e-15
      11660.0  1.00159e-15
      11670.0  9.98983e-16
      11680.0  9.96383e-16
      11690.0  9.93792e-16
      11700.0  9.91208e-16
      11710.0  9.88633e-16
      11720.0  9.86066e-16
      11730.0  9.83507e-16
      11740.0  9.80955e-16
      11750.0  9.78412e-16
      11760.0  9.75877e-16
      11770.0  9.73350e-16
      11780.0  9.70830e-16
      11790.0  9.68319e-16
      11800.0  9.65815e-16
      11810.0  9.63319e-16
      11820.0  9.60831e-16
      11830.0  9.58351e-16
      11840.0  9.55878e-16
      11850.0  9.53413e-16
      11860.0  9.50956e-16
      11870.0  9.48506e-16
      11880.0  9.46064e-16
      11890.0  9.43630e-16
      11900.0  9.41203e-16
      11910.0  9.38783e-16
      11920.0  9.36372e-16
      11930.0  9.33967e-16
      11940.0  9.31570e-16
      11950.0  9.29181e-16
      11960.0  9.26799e-16
      11970.0  9.24424e-16
      11980.0  9.22057e-16
      11990.0  9.19697e-16
      12000.0  9.17344e-16
      12010.0  9.14999e-16
      12020.0  9.12661e-16
      12030.0  9.10329e-16
      12040.0  9.08006e-16
      12050.0  9.05689e-16
      12060.0  9.03380e-16
      12070.0  9.01077e-16
      12080.0  8.98782e-16
      12090.0  8.96494e-16
      12100.0  8.94213e-16
      12110.0  8.91939e-16
      12120.0  8.89672e-16
      12130.0  8.87411e-16
      12140.0  8.85158e-16
      12150.0  8.82912e-16
      12160.0  8.80673e-16
      12170.0  8.78440e-16
      12180.0  8.76214e-16
      12190.0  8.73996e-16
      12200.0  8.71784e-16
      12210.0  8.69578e-16
      12220.0  8.67380e-16
      12230.0  8.65188e-16
      12240.0  8.63003e-16
      12250.0  8.60824e-16
      12260.0  8.58653e-16
      12270.0  8.56488e-16
      12280.0  8.54329e-16
      12290.0  8.52177e-16
      12300.0  8.50032e-16
      12310.0  8.47893e-16
      12320.0  8.45761e-16
      12330.0  8.43635e-16
      12340.0  8.41516e-16
      12350.0  8.39403e-16
      12360.0  8.37296e-16
      12370.0  8.35196e-16
      12380.0  8.33103e-16
      12390.0  8.31015e-16
      12400.0  8.28934e-16
      12410.0  8.26860e-16
      12420.0  8.24791e-16
      12430.0  8.22729e-16
      12440.0  8.20674e-16
      12450.0  8.18624e-16
      12460.0  8.16581e-16
      12470.0  8.14543e-16
      12480.0  8.12512e-16
      12490.0  8.10487e-16
      12500.0  8.08469e-16
      12510.0  8.06456e-16
      12520.0  8.04449e-16
      12530.0  8.02449e-16
      12540.0  8.00454e-16
      12550.0  7.98466e-16
      12560.0  7.96483e-16
      12570.0  7.94507e-16
      12580.0  7.92536e-16
      12590.0  7.90571e-16
      12600.0  7.88613e-16
      12610.0  7.86660e-16
      12620.0  7.84713e-16
      12630.0  7.82772e-16
      12640.0  7.80836e-16
      12650.0  7.78907e-16
      12660.0  7.76983e-16
      12670.0  7.75065e-16
      12680.0  7.73153e-16
      12690.0  7.71247e-16
      12700.0  7.69346e-16
      12710.0  7.67451e-16
      12720.0  7.65561e-16
      12730.0  7.63678e-16
      12740.0  7.61799e-16
      12750.0  7.59927e-16
      12760.0  7.58060e-16
      12770.0  7.56199e-16
      12780.0  7.54343e-16
      12790.0  7.52493e-16
      12800.0  7.50648e-16
      12810.0  7.48809e-16
      12820.0  7.46975e-16
      12830.0  7.45147e-16
      12840.0  7.43324e-16
      12850.0  7.41506e-16
      12860.0  7.39694e-16
      12870.0  7.37887e-16
      12880.0  7.36086e-16
      12890.0  7.34290e-16
      12900.0  7.32500e-16
      12910.0  7.30714e-16
      12920.0  7.28934e-16
      12930.0  7.27159e-16
      12940.0  7.25390e-16
      12950.0  7.23626e-16
      12960.0  7.21867e-16
      12970.0  7.20113e-16
      12980.0  7.18364e-16
      12990.0  7.16621e-16
      13000.0  7.14882e-16
      13010.0  7.13149e-16
      13020.0  7.11421e-16
      13030.0  7.09698e-16
      13040.0  7.07980e-16
      13050.0  7.06267e-16
      13060.0  7.04559e-16
      13070.0  7.02856e-16
      13080.0  7.01158e-16
      13090.0  6.99466e-16
      13100.0  6.97778e-16
      13110.0  6.96095e-16
      13120.0  6.94417e-16
      13130.0  6.92744e-16
      13140.0  6.91076e-16
      13150.0  6.89413e-16
      13160.0  6.87754e-16
      13170.0  6.86101e-16
      13180.0  6.84452e-16
      13190.0  6.82808e-16
      13200.0  6.81169e-16
      13210.0  6.79535e-16
      13220.0  6.77906e-16
      13230.0  6.76281e-16
      13240.0  6.74661e-16
      13250.0  6.73046e-16
      13260.0  6.71435e-16
      13270.0  6.69829e-16
      13280.0  6.68228e-16
      13290.0  6.66632e-16
      13300.0  6.65040e-16
      13310.0  6.63453e-16
      13320.0  6.61870e-16
      13330.0  6.60292e-16
      13340.0  6.58719e-16
      13350.0  6.57150e-16
      13360.0  6.55586e-16
      13370.0  6.54026e-16
      13380.0  6.52471e-16
      13390.0  6.50920e-16
      13400.0  6.49374e-16
      13410.0  6.47832e-16
      13420.0  6.46295e-16
      13430.0  6.44762e-16
      13440.0  6.43234e-16
      13450.0  6.41710e-16
      13460.0  6.40190e-16
      13470.0  6.38675e-16
      13480.0  6.37164e-16
      13490.0  6.35658e-16
      13500.0  6.34156e-16
      13510.0  6.32658e-16
      13520.0  6.31165e-16
      13530.0  6.29675e-16
      13540.0  6.28190e-16
      13550.0  6.26710e-16
      13560.0  6.25234e-16
      13570.0  6.23762e-16
      13580.0  6.22294e-16
      13590.0  6.20830e-16
      13600.0  6.19371e-16
      13610.0  6.17915e-16
      13620.0  6.16464e-16
      13630.0  6.15017e-16
      13640.0  6.13575e-16
      13650.0  6.12136e-16
      13660.0  6.10701e-16
      13670.0  6.09271e-16
      13680.0  6.07845e-16
      13690.0  6.06422e-16
      13700.0  6.05004e-16
      13710.0  6.03590e-16
      13720.0  6.02180e-16
      13730.0  6.00774e-16
      13740.0  5.99372e-16
      13750.0  5.97974e-16
      13760.0  5.96579e-16
      13770.0  5.95189e-16
      13780.0  5.93803e-16
      13790.0  5.92421e-16
      13800.0  5.91043e-16
      13810.0  5.89668e-16
      13820.0  5.88298e-16
      13830.0  5.86931e-16
      13840.0  5.85568e-16
      13850.0  5.84210e-16
      13860.0  5.82855e-16
      13870.0  5.81503e-16
      13880.0  5.80156e-16
      13890.0  5.78813e-16
      13900.0  5.77473e-16
      13910.0  5.76137e-16
      13920.0  5.74805e-16
      13930.0  5.73476e-16
      13940.0  5.72152e-16
      13950.0  5.70831e-16
      13960.0  5.69514e-16
      13970.0  5.68200e-16
      13980.0  5.66890e-16
      13990.0  5.65584e-16
      14000.0  5.64282e-16
      14010.0  5.62983e-16
      14020.0  5.61688e-16
      14030.0  5.60397e-16
      14040.0  5.59109e-16
      14050.0  5.57825e-16
      14060.0  5.56544e-16
      14070.0  5.55267e-16
      14080.0  5.53994e-16
      14090.0  5.52724e-16
      14100.0  5.51458e-16
      14110.0  5.50195e-16
      14120.0  5.48936e-16
      14130.0  5.47680e-16
      14140.0  5.46428e-16
      14150.0  5.45180e-16
      14160.0  5.43934e-16
      14170.0  5.42693e-16
      14180.0  5.41455e-16
      14190.0  5.40220e-16
      14200.0  5.38989e-16
      14210.0  5.37761e-16
      14220.0  5.36536e-16
      14230.0  5.35315e-16
      14240.0  5.34098e-16
      14250.0  5.32883e-16
      14260.0  5.31673e-16
      14270.0  5.30465e-16
      14280.0  5.29261e-16
      14290.0  5.28060e-16
      14300.0  5.26863e-16
      14310.0  5.25669e-16
      14320.0  5.24478e-16
      14330.0  5.23290e-16
      14340.0  5.22106e-16
      14350.0  5.20925e-16
      14360.0  5.19747e-16
      14370.0  5.18573e-16
      14380.0  5.17402e-16
      14390.0  5.16234e-16
      14400.0  5.15069e-16
      14410.0  5.13908e-16
      14420.0  5.12749e-16
      14430.0  5.11594e-16
      14440.0  5.10442e-16
      14450.0  5.09294e-16
      14460.0  5.08148e-16
      14470.0  5.07006e-16
      14480.0  5.05867e-16
      14490.0  5.04730e-16
      14500.0  5.03598e-16
      14510.0  5.02468e-16
      14520.0  5.01341e-16
      14530.0  5.00217e-16
      14540.0  4.99097e-16
      14550.0  4.97979e-16
      14560.0  4.96865e-16
      14570.0  4.95753e-16
      14580.0  4.94645e-16
      14590.0  4.93540e-16
      14600.0  4.92437e-16
      14610.0  4.91338e-16
      14620.0  4.90242e-16
      14630.0  4.89149e-16
      14640.0  4.88058e-16
      14650.0  4.86971e-16
      14660.0  4.85887e-16
      14670.0  4.84805e-16
      14680.0  4.83727e-16
      14690.0  4.82651e-16
      14700.0  4.81579e-16
      14710.0  4.80509e-16
      14720.0  4.79443e-16
      14730.0  4.78379e-16
      14740.0  4.77318e-16
      14750.0  4.76260e-16
      14760.0  4.75205e-16
      14770.0  4.74152e-16
      14780.0  4.73103e-16
      14790.0  4.72056e-16
      14800.0  4.71013e-16
      14810.0  4.69972e-16
      14820.0  4.68934e-16
      14830.0  4.67898e-16
      14840.0  4.66866e-16
      14850.0  4.65836e-16
      14860.0  4.64809e-16
      14870.0  4.63785e-16
      14880.0  4.62764e-16
      14890.0  4.61745e-16
      14900.0  4.60729e-16
      14910.0  4.59716e-16
      14920.0  4.58706e-16
      14930.0  4.57698e-16
      14940.0  4.56693e-16
      14950.0  4.55691e-16
      14960.0  4.54692e-16
      14970.0  4.53695e-16
      14980.0  4.52701e-16
      14990.0  4.51709e-16
      15000.0  4.50720e-16
      15010.0  4.49734e-16
      15020.0  4.48751e-16
      15030.0  4.47770e-16
      15040.0  4.46792e-16
      15050.0  4.45816e-16
      15060.0  4.44843e-16
      15070.0  4.43873e-16
      15080.0  4.42905e-16
      15090.0  4.41939e-16
      15100.0  4.40977e-16
      15110.0  4.40017e-16
      15120.0  4.39059e-16
      15130.0  4.38104e-16
      15140.0  4.37152e-16
      15150.0  4.36202e-16
      15160.0  4.35255e-16
      15170.0  4.34310e-16
      15180.0  4.33368e-16
      15190.0  4.32428e-16
      15200.0  4.31491e-16
      15210.0  4.30556e-16
      15220.0  4.29624e-16
      15230.0  4.28694e-16
      15240.0  4.27767e-16
      15250.0  4.26842e-16
      15260.0  4.25919e-16
      15270.0  4.24999e-16
      15280.0  4.24082e-16
      15290.0  4.23167e-16
      15300.0  4.22254e-16
      15310.0  4.21344e-16
      15320.0  4.20436e-16
      15330.0  4.19531e-16
      15340.0  4.18628e-16
      15350.0  4.17727e-16
      15360.0  4.16829e-16
      15370.0  4.15933e-16
      15380.0  4.15039e-16
      15390.0  4.14148e-16
      15400.0  4.13259e-16
      15410.0  4.12373e-16
      15420.0  4.11489e-16
      15430.0  4.10607e-16
      15440.0  4.09727e-16
      15450.0  4.08850e-16
      15460.0  4.07975e-16
      15470.0  4.07103e-16
      15480.0  4.06232e-16
      15490.0  4.05364e-16
      15500.0  4.04499e-16
      15510.0  4.03635e-16
      15520.0  4.02774e-16
      15530.0  4.01915e-16
      15540.0  4.01059e-16
      15550.0  4.00204e-16
      15560.0  3.99352e-16
      15570.0  3.98502e-16
      15580.0  3.97654e-16
      15590.0  3.96809e-16
      15600.0  3.95965e-16
      15610.0  3.95124e-16
      15620.0  3.94285e-16
      15630.0  3.93449e-16
      15640.0  3.92614e-16
      15650.0  3.91782e-16
      15660.0  3.90952e-16
      15670.0  3.90124e-16
      15680.0  3.89298e-16
      15690.0  3.88474e-16
      15700.0  3.87652e-16
      15710.0  3.86833e-16
      15720.0  3.86016e-16
      15730.0  3.85201e-16
      15740.0  3.84387e-16
      15750.0  3.83577e-16
      15760.0  3.82768e-16
      15770.0  3.81961e-16
      15780.0  3.81156e-16
      15790.0  3.80354e-16
      15800.0  3.79553e-16
      15810.0  3.78755e-16
      15820.0  3.77958e-16
      15830.0  3.77164e-16
      15840.0  3.76372e-16
      15850.0  3.75582e-16
      15860.0  3.74793e-16
      15870.0  3.74007e-16
      15880.0  3.73223e-16
      15890.0  3.72441e-16
      15900.0  3.71661e-16
      15910.0  3.70883e-16
      15920.0  3.70107e-16
      15930.0  3.69333e-16
      15940.0  3.68561e-16
      15950.0  3.67791e-16
      15960.0  3.67023e-16
      15970.0  3.66257e-16
      15980.0  3.65492e-16
      15990.0  3.64730e-16
      16000.0  3.63970e-16
      16010.0  3.63212e-16
      16020.0  3.62455e-16
      16030.0  3.61701e-16
      16040.0  3.60948e-16
      16050.0  3.60198e-16
      16060.0  3.59449e-16
      16070.0  3.58703e-16
      16080.0  3.57958e-16
      16090.0  3.57215e-16
      16100.0  3.56474e-16
      16110.0  3.55735e-16
      16120.0  3.54998e-16
      16130.0  3.54262e-16
      16140.0  3.53529e-16
      16150.0  3.52797e-16
      16160.0  3.52067e-16
      16170.0  3.51340e-16
      16180.0  3.50613e-16
      16190.0  3.49889e-16
      16200.0  3.49167e-16
      16210.0  3.48446e-16
      16220.0  3.47728e-16
      16230.0  3.47011e-16
      16240.0  3.46296e-16
      16250.0  3.45583e-16
      16260.0  3.44871e-16
      16270.0  3.44162e-16
      16280.0  3.43454e-16
      16290.0  3.42748e-16
      16300.0  3.42044e-16
      16310.0  3.41341e-16
      16320.0  3.40641e-16
      16330.0  3.39942e-16
      16340.0  3.39245e-16
      16350.0  3.38549e-16
      16360.0  3.37856e-16
      16370.0  3.37164e-16
      16380.0  3.36474e-16
      16390.0  3.35785e-16
      16400.0  3.35099e-16
      16410.0  3.34414e-16
      16420.0  3.33730e-16
      16430.0  3.33049e-16
      16440.0  3.32369e-16
      16450.0  3.31691e-16
      16460.0  3.31015e-16
      16470.0  3.30340e-16
      16480.0  3.29667e-16
      16490.0  3.28996e-16
      16500.0  3.28326e-16
      16510.0  3.27658e-16
      16520.0  3.26992e-16
      16530.0  3.26328e-16
      16540.0  3.25665e-16
      16550.0  3.25004e-16
      16560.0  3.24344e-16
      16570.0  3.23686e-16
      16580.0  3.23030e-16
      16590.0  3.22375e-16
      16600.0  3.21722e-16
      16610.0  3.21071e-16
      16620.0  3.20421e-16
      16630.0  3.19773e-16
      16640.0  3.19126e-16
      16650.0  3.18481e-16
      16660.0  3.17838e-16
      16670.0  3.17196e-16
      16680.0  3.16556e-16
      16690.0  3.15918e-16
      16700.0  3.15281e-16
      16710.0  3.14646e-16
      16720.0  3.14012e-16
      16730.0  3.13380e-16
      16740.0  3.12749e-16
      16750.0  3.12120e-16
      16760.0  3.11492e-16
      16770.0  3.10866e-16
      16780.0  3.10242e-16
      16790.0  3.09619e-16
      16800.0  3.08998e-16
      16810.0  3.08378e-16
      16820.0  3.07760e-16
      16830.0  3.07143e-16
      16840.0  3.06528e-16
      16850.0  3.05914e-16
      16860.0  3.05302e-16
      16870.0  3.04691e-16
      16880.0  3.04082e-16
      16890.0  3.03475e-16
      16900.0  3.02869e-16
      16910.0  3.02264e-16
      16920.0  3.01661e-16
      16930.0  3.01059e-16
      16940.0  3.00459e-16
      16950.0  2.99860e-16
      16960.0  2.99263e-16
      16970.0  2.98667e-16
      16980.0  2.98073e-16
      16990.0  2.97480e-16
      17000.0  2.96889e-16
      17010.0  2.96299e-16
      17020.0  2.95710e-16
      17030.0  2.95123e-16
      17040.0  2.94537e-16
      17050.0  2.93953e-16
      17060.0  2.93370e-16
      17070.0  2.92789e-16
      17080.0  2.92209e-16
      17090.0  2.91631e-16
      17100.0  2.91054e-16
      17110.0  2.90478e-16
      17120.0  2.89904e-16
      17130.0  2.89331e-16
      17140.0  2.88759e-16
      17150.0  2.88189e-16
      17160.0  2.87620e-16
      17170.0  2.87053e-16
      17180.0  2.86487e-16
      17190.0  2.85923e-16
      17200.0  2.85359e-16
      17210.0  2.84798e-16
      17220.0  2.84237e-16
      17230.0  2.83678e-16
      17240.0  2.83120e-16
      17250.0  2.82564e-16
      17260.0  2.82009e-16
      17270.0  2.81455e-16
      17280.0  2.80903e-16
      17290.0  2.80352e-16
      17300.0  2.79802e-16
      17310.0  2.79254e-16
      17320.0  2.78707e-16
      17330.0  2.78161e-16
      17340.0  2.77617e-16
      17350.0  2.77074e-16
      17360.0  2.76532e-16
      17370.0  2.75991e-16
      17380.0  2.75452e-16
      17390.0  2.74914e-16
      17400.0  2.74378e-16
      17410.0  2.73843e-16
      17420.0  2.73309e-16
      17430.0  2.72776e-16
      17440.0  2.72245e-16
      17450.0  2.71714e-16
      17460.0  2.71186e-16
      17470.0  2.70658e-16
      17480.0  2.70132e-16
      17490.0  2.69607e-16
      17500.0  2.69083e-16
      17510.0  2.68560e-16
      17520.0  2.68039e-16
      17530.0  2.67519e-16
      17540.0  2.67000e-16
      17550.0  2.66483e-16
      17560.0  2.65966e-16
      17570.0  2.65451e-16
      17580.0  2.64937e-16
      17590.0  2.64425e-16
      17600.0  2.63913e-16
      17610.0  2.63403e-16
      17620.0  2.62894e-16
      17630.0  2.62387e-16
      17640.0  2.61880e-16
      17650.0  2.61375e-16
      17660.0  2.60871e-16
      17670.0  2.60368e-16
      17680.0  2.59866e-16
      17690.0  2.59365e-16
      17700.0  2.58866e-16
      17710.0  2.58368e-16
      17720.0  2.57871e-16
      17730.0  2.57375e-16
      17740.0  2.56881e-16
      17750.0  2.56387e-16
      17760.0  2.55895e-16
      17770.0  2.55404e-16
      17780.0  2.54914e-16
      17790.0  2.54425e-16
      17800.0  2.53938e-16
      17810.0  2.53451e-16
      17820.0  2.52966e-16
      17830.0  2.52482e-16
      17840.0  2.51999e-16
      17850.0  2.51517e-16
      17860.0  2.51036e-16
      17870.0  2.50556e-16
      17880.0  2.50078e-16
      17890.0  2.49601e-16
      17900.0  2.49124e-16
      17910.0  2.48649e-16
      17920.0  2.48175e-16
      17930.0  2.47702e-16
      17940.0  2.47231e-16
      17950.0  2.46760e-16
      17960.0  2.46291e-16
      17970.0  2.45822e-16
      17980.0  2.45355e-16
      17990.0  2.44889e-16
      18000.0  2.44423e-16
      18010.0  2.43959e-16
      18020.0  2.43496e-16
      18030.0  2.43035e-16
      18040.0  2.42574e-16
      18050.0  2.42114e-16
      18060.0  2.41655e-16
      18070.0  2.41198e-16
      18080.0  2.40741e-16
      18090.0  2.40286e-16
      18100.0  2.39832e-16
      18110.0  2.39378e-16
      18120.0  2.38926e-16
      18130.0  2.38475e-16
      18140.0  2.38025e-16
      18150.0  2.37576e-16
      18160.0  2.37128e-16
      18170.0  2.36681e-16
      18180.0  2.36235e-16
      18190.0  2.35790e-16
      18200.0  2.35346e-16
      18210.0  2.34903e-16
      18220.0  2.34461e-16
      18230.0  2.34021e-16
      18240.0  2.33581e-16
      18250.0  2.33142e-16
      18260.0  2.32704e-16
      18270.0  2.32268e-16
      18280.0  2.31832e-16
      18290.0  2.31397e-16
      18300.0  2.30964e-16
      18310.0  2.30531e-16
      18320.0  2.30099e-16
      18330.0  2.29669e-16
      18340.0  2.29239e-16
      18350.0  2.28810e-16
      18360.0  2.28383e-16
      18370.0  2.27956e-16
      18380.0  2.27530e-16
      18390.0  2.27106e-16
      18400.0  2.26682e-16
      18410.0  2.26259e-16
      18420.0  2.25837e-16
      18430.0  2.25416e-16
      18440.0  2.24997e-16
      18450.0  2.24578e-16
      18460.0  2.24160e-16
      18470.0  2.23743e-16
      18480.0  2.23327e-16
      18490.0  2.22912e-16
      18500.0  2.22498e-16
      18510.0  2.22084e-16
      18520.0  2.21672e-16
      18530.0  2.21261e-16
      18540.0  2.20851e-16
      18550.0  2.20441e-16
      18560.0  2.20033e-16
      18570.0  2.19625e-16
      18580.0  2.19219e-16
      18590.0  2.18813e-16
      18600.0  2.18409e-16
      18610.0  2.18005e-16
      18620.0  2.17602e-16
      18630.0  2.17200e-16
      18640.0  2.16799e-16
      18650.0  2.16399e-16
      18660.0  2.16000e-16
      18670.0  2.15601e-16
      18680.0  2.15204e-16
      18690.0  2.14808e-16
      18700.0  2.14412e-16
      18710.0  2.14017e-16
      18720.0  2.13624e-16
      18730.0  2.13231e-16
      18740.0  2.12839e-16
      18750.0  2.12448e-16
      18760.0  2.12058e-16
      18770.0  2.11668e-16
      18780.0  2.11280e-16
      18790.0  2.10892e-16
      18800.0  2.10506e-16
      18810.0  2.10120e-16
      18820.0  2.09735e-16
      18830.0  2.09351e-16
      18840.0  2.08968e-16
      18850.0  2.08585e-16
      18860.0  2.08204e-16
      18870.0  2.07823e-16
      18880.0  2.07444e-16
      18890.0  2.07065e-16
      18900.0  2.06687e-16
      18910.0  2.06310e-16
      18920.0  2.05934e-16
      18930.0  2.05558e-16
      18940.0  2.05183e-16
      18950.0  2.04810e-16
      18960.0  2.04437e-16
      18970.0  2.04065e-16
      18980.0  2.03694e-16
      18990.0  2.03323e-16
      19000.0  2.02954e-16
      19010.0  2.02585e-16
      19020.0  2.02217e-16
      19030.0  2.01850e-16
      19040.0  2.01484e-16
      19050.0  2.01118e-16
      19060.0  2.00754e-16
      19070.0  2.00390e-16
      19080.0  2.00027e-16
      19090.0  1.99665e-16
      19100.0  1.99303e-16
      19110.0  1.98943e-16
      19120.0  1.98583e-16
      19130.0  1.98224e-16
      19140.0  1.97866e-16
      19150.0  1.97509e-16
      19160.0  1.97152e-16
      19170.0  1.96796e-16
      19180.0  1.96441e-16
      19190.0  1.96087e-16
      19200.0  1.95734e-16
      19210.0  1.95381e-16
      19220.0  1.95030e-16
      19230.0  1.94679e-16
      19240.0  1.94328e-16
      19250.0  1.93979e-16
      19260.0  1.93630e-16
      19270.0  1.93282e-16
      19280.0  1.92935e-16
      19290.0  1.92589e-16
      19300.0  1.92243e-16
      19310.0  1.91899e-16
      19320.0  1.91555e-16
      19330.0  1.91211e-16
      19340.0  1.90869e-16
      19350.0  1.90527e-16
      19360.0  1.90186e-16
      19370.0  1.89846e-16
      19380.0  1.89506e-16
      19390.0  1.89168e-16
      19400.0  1.88830e-16
      19410.0  1.88492e-16
      19420.0  1.88156e-16
      19430.0  1.87820e-16
      19440.0  1.87485e-16
      19450.0  1.87151e-16
      19460.0  1.86817e-16
      19470.0  1.86485e-16
      19480.0  1.86153e-16
      19490.0  1.85821e-16
      19500.0  1.85491e-16
      19510.0  1.85161e-16
      19520.0  1.84832e-16
      19530.0  1.84503e-16
      19540.0  1.84175e-16
      19550.0  1.83849e-16
      19560.0  1.83522e-16
      19570.0  1.83197e-16
      19580.0  1.82872e-16
      19590.0  1.82548e-16
      19600.0  1.82224e-16
      19610.0  1.81902e-16
      19620.0  1.81580e-16
      19630.0  1.81258e-16
      19640.0  1.80938e-16
      19650.0  1.80618e-16
      19660.0  1.80299e-16
      19670.0  1.79980e-16
      19680.0  1.79663e-16
      19690.0  1.79345e-16
      19700.0  1.79029e-16
      19710.0  1.78713e-16
      19720.0  1.78398e-16
      19730.0  1.78084e-16
      19740.0  1.77770e-16
      19750.0  1.77457e-16
      19760.0  1.77145e-16
      19770.0  1.76834e-16
      19780.0  1.76523e-16
      19790.0  1.76212e-16
      19800.0  1.75903e-16
      19810.0  1.75594e-16
      19820.0  1.75286e-16
      19830.0  1.74978e-16
      19840.0  1.74671e-16
      19850.0  1.74365e-16
      19860.0  1.74060e-16
      19870.0  1.73755e-16
      19880.0  1.73451e-16
      19890.0  1.73147e-16
      19900.0  1.72844e-16
      19910.0  1.72542e-16
      19920.0  1.72240e-16
      19930.0  1.71939e-16
      19940.0  1.71639e-16
      19950.0  1.71339e-16
      19960.0  1.71040e-16
      19970.0  1.70742e-16
      19980.0  1.70444e-16
      19990.0  1.70147e-16
      20000.0  1.69851e-16
      20010.0  1.69555e-16
      20020.0  1.69260e-16
      20030.0  1.68965e-16
      20040.0  1.68672e-16
      20050.0  1.68378e-16
      20060.0  1.68086e-16
      20070.0  1.67794e-16
      20080.0  1.67502e-16
      20090.0  1.67212e-16
      20100.0  1.66922e-16
      20110.0  1.66632e-16
      20120.0  1.66343e-16
      20130.0  1.66055e-16
      20140.0  1.65768e-16
      20150.0  1.65481e-16
      20160.0  1.65194e-16
      20170.0  1.64908e-16
      20180.0  1.64623e-16
      20190.0  1.64339e-16
      20200.0  1.64055e-16
      20210.0  1.63771e-16
      20220.0  1.63489e-16
      20230.0  1.63207e-16
      20240.0  1.62925e-16
      20250.0  1.62644e-16
      20260.0  1.62364e-16
      20270.0  1.62084e-16
      20280.0  1.61805e-16
      20290.0  1.61527e-16
      20300.0  1.61249e-16
      20310.0  1.60971e-16
      20320.0  1.60695e-16
      20330.0  1.60418e-16
      20340.0  1.60143e-16
      20350.0  1.59868e-16
      20360.0  1.59594e-16
      20370.0  1.59320e-16
      20380.0  1.59047e-16
      20390.0  1.58774e-16
      20400.0  1.58502e-16
      20410.0  1.58230e-16
      20420.0  1.57959e-16
      20430.0  1.57689e-16
      20440.0  1.57419e-16
      20450.0  1.57150e-16
      20460.0  1.56882e-16
      20470.0  1.56614e-16
      20480.0  1.56346e-16
      20490.0  1.56079e-16
      20500.0  1.55813e-16
      20510.0  1.55547e-16
      20520.0  1.55282e-16
      20530.0  1.55017e-16
      20540.0  1.54753e-16
      20550.0  1.54489e-16
      20560.0  1.54226e-16
      20570.0  1.53964e-16
      20580.0  1.53702e-16
      20590.0  1.53441e-16
      20600.0  1.53180e-16
      20610.0  1.52920e-16
      20620.0  1.52660e-16
      20630.0  1.52401e-16
      20640.0  1.52142e-16
      20650.0  1.51884e-16
      20660.0  1.51627e-16
      20670.0  1.51370e-16
      20680.0  1.51113e-16
      20690.0  1.50858e-16
      20700.0  1.50602e-16
      20710.0  1.50347e-16
      20720.0  1.50093e-16
      20730.0  1.49839e-16
      20740.0  1.49586e-16
      20750.0  1.49333e-16
      20760.0  1.49081e-16
      20770.0  1.48830e-16
      20780.0  1.48579e-16
      20790.0  1.48328e-16
      20800.0  1.48078e-16
      20810.0  1.47828e-16
      20820.0  1.47579e-16
      20830.0  1.47331e-16
      20840.0  1.47083e-16
      20850.0  1.46836e-16
      20860.0  1.46589e-16
      20870.0  1.46342e-16
      20880.0  1.46096e-16
      20890.0  1.45851e-16
      20900.0  1.45606e-16
      20910.0  1.45362e-16
      20920.0  1.45118e-16
      20930.0  1.44874e-16
      20940.0  1.44632e-16
      20950.0  1.44389e-16
      20960.0  1.44147e-16
      20970.0  1.43906e-16
      20980.0  1.43665e-16
      20990.0  1.43425e-16
      21000.0  1.43185e-16
      21010.0  1.42946e-16
      21020.0  1.42707e-16
      21030.0  1.42468e-16
      21040.0  1.42231e-16
      21050.0  1.41993e-16
      21060.0  1.41756e-16
      21070.0  1.41520e-16
      21080.0  1.41284e-16
      21090.0  1.41049e-16
      21100.0  1.40814e-16
      21110.0  1.40579e-16
      21120.0  1.40345e-16
      21130.0  1.40112e-16
      21140.0  1.39879e-16
      21150.0  1.39646e-16
      21160.0  1.39414e-16
      21170.0  1.39183e-16
      21180.0  1.38952e-16
      21190.0  1.38721e-16
      21200.0  1.38491e-16
      21210.0  1.38261e-16
      21220.0  1.38032e-16
      21230.0  1.37803e-16
      21240.0  1.37575e-16
      21250.0  1.37347e-16
      21260.0  1.37120e-16
      21270.0  1.36893e-16
      21280.0  1.36667e-16
      21290.0  1.36441e-16
      21300.0  1.36215e-16
      21310.0  1.35991e-16
      21320.0  1.35766e-16
      21330.0  1.35542e-16
      21340.0  1.35318e-16
      21350.0  1.35095e-16
      21360.0  1.34873e-16
      21370.0  1.34650e-16
      21380.0  1.34428e-16
      21390.0  1.34207e-16
      21400.0  1.33986e-16
      21410.0  1.33766e-16
      21420.0  1.33546e-16
      21430.0  1.33326e-16
      21440.0  1.33107e-16
      21450.0  1.32889e-16
      21460.0  1.32670e-16
      21470.0  1.32453e-16
      21480.0  1.32235e-16
      21490.0  1.32019e-16
      21500.0  1.31802e-16
      21510.0  1.31586e-16
      21520.0  1.31371e-16
      21530.0  1.31156e-16
      21540.0  1.30941e-16
      21550.0  1.30727e-16
      21560.0  1.30513e-16
      21570.0  1.30300e-16
      21580.0  1.30087e-16
      21590.0  1.29874e-16
      21600.0  1.29662e-16
      21610.0  1.29450e-16
      21620.0  1.29239e-16
      21630.0  1.29028e-16
      21640.0  1.28818e-16
      21650.0  1.28608e-16
      21660.0  1.28399e-16
      21670.0  1.28190e-16
      21680.0  1.27981e-16
      21690.0  1.27773e-16
      21700.0  1.27565e-16
      21710.0  1.27357e-16
      21720.0  1.27150e-16
      21730.0  1.26944e-16
      21740.0  1.26738e-16
      21750.0  1.26532e-16
      21760.0  1.26327e-16
      21770.0  1.26122e-16
      21780.0  1.25917e-16
      21790.0  1.25713e-16
      21800.0  1.25510e-16
      21810.0  1.25306e-16
      21820.0  1.25104e-16
      21830.0  1.24901e-16
      21840.0  1.24699e-16
      21850.0  1.24497e-16
      21860.0  1.24296e-16
      21870.0  1.24095e-16
      21880.0  1.23895e-16
      21890.0  1.23695e-16
      21900.0  1.23495e-16
      21910.0  1.23296e-16
      21920.0  1.23097e-16
      21930.0  1.22899e-16
      21940.0  1.22701e-16
      21950.0  1.22503e-16
      21960.0  1.22306e-16
      21970.0  1.22109e-16
      21980.0  1.21913e-16
      21990.0  1.21717e-16
      22000.0  1.21521e-16
      22010.0  1.21326e-16
      22020.0  1.21131e-16
      22030.0  1.20936e-16
      22040.0  1.20742e-16
      22050.0  1.20549e-16
      22060.0  1.20355e-16
      22070.0  1.20162e-16
      22080.0  1.19970e-16
      22090.0  1.19778e-16
      22100.0  1.19586e-16
      22110.0  1.19394e-16
      22120.0  1.19203e-16
      22130.0  1.19013e-16
      22140.0  1.18822e-16
      22150.0  1.18632e-16
      22160.0  1.18443e-16
      22170.0  1.18254e-16
      22180.0  1.18065e-16
      22190.0  1.17877e-16
      22200.0  1.17689e-16
      22210.0  1.17501e-16
      22220.0  1.17314e-16
      22230.0  1.17127e-16
      22240.0  1.16940e-16
      22250.0  1.16754e-16
      22260.0  1.16568e-16
      22270.0  1.16383e-16
      22280.0  1.16198e-16
      22290.0  1.16013e-16
      22300.0  1.15829e-16
      22310.0  1.15645e-16
      22320.0  1.15461e-16
      22330.0  1.15278e-16
      22340.0  1.15095e-16
      22350.0  1.14912e-16
      22360.0  1.14730e-16
      22370.0  1.14548e-16
      22380.0  1.14367e-16
      22390.0  1.14186e-16
      22400.0  1.14005e-16
      22410.0  1.13825e-16
      22420.0  1.13645e-16
      22430.0  1.13465e-16
      22440.0  1.13286e-16
      22450.0  1.13107e-16
      22460.0  1.12928e-16
      22470.0  1.12750e-16
      22480.0  1.12572e-16
      22490.0  1.12394e-16
      22500.0  1.12217e-16
      22510.0  1.12040e-16
      22520.0  1.11864e-16
      22530.0  1.11687e-16
      22540.0  1.11511e-16
      22550.0  1.11336e-16
      22560.0  1.11161e-16
      22570.0  1.10986e-16
      22580.0  1.10811e-16
      22590.0  1.10637e-16
      22600.0  1.10464e-16
      22610.0  1.10290e-16
      22620.0  1.10117e-16
      22630.0  1.09944e-16
      22640.0  1.09772e-16
      22650.0  1.09600e-16
      22660.0  1.09428e-16
      22670.0  1.09256e-16
      22680.0  1.09085e-16
      22690.0  1.08915e-16
      22700.0  1.08744e-16
      22710.0  1.08574e-16
      22720.0  1.08404e-16
      22730.0  1.08235e-16
      22740.0  1.08066e-16
      22750.0  1.07897e-16
      22760.0  1.07728e-16
      22770.0  1.07560e-16
      22780.0  1.07392e-16
      22790.0  1.07225e-16
      22800.0  1.07058e-16
      22810.0  1.06891e-16
      22820.0  1.06724e-16
      22830.0  1.06558e-16
      22840.0  1.06392e-16
      22850.0  1.06227e-16
      22860.0  1.06061e-16
      22870.0  1.05897e-16
      22880.0  1.05732e-16
      22890.0  1.05568e-16
      22900.0  1.05404e-16
      22910.0  1.05240e-16
      22920.0  1.05077e-16
      22930.0  1.04914e-16
      22940.0  1.04751e-16
      22950.0  1.04589e-16
      22960.0  1.04427e-16
      22970.0  1.04265e-16
      22980.0  1.04103e-16
      22990.0  1.03942e-16
      23000.0  1.03781e-16
      23010.0  1.03621e-16
      23020.0  1.03461e-16
      23030.0  1.03301e-16
      23040.0  1.03141e-16
      23050.0  1.02982e-16
      23060.0  1.02823e-16
      23070.0  1.02664e-16
      23080.0  1.02506e-16
      23090.0  1.02348e-16
      23100.0  1.02190e-16
      23110.0  1.02032e-16
      23120.0  1.01875e-16
      23130.0  1.01718e-16
      23140.0  1.01562e-16
      23150.0  1.01405e-16
      23160.0  1.01249e-16
      23170.0  1.01094e-16
      23180.0  1.00938e-16
      23190.0  1.00783e-16
      23200.0  1.00629e-16
      23210.0  1.00474e-16
      23220.0  1.00320e-16
      23230.0  1.00166e-16
      23240.0  1.00012e-16
      23250.0  9.98590e-17
      23260.0  9.97060e-17
      23270.0  9.95533e-17
      23280.0  9.94008e-17
      23290.0  9.92487e-17
      23300.0  9.90968e-17
      23310.0  9.89452e-17
      23320.0  9.87939e-17
      23330.0  9.86429e-17
      23340.0  9.84922e-17
      23350.0  9.83418e-17
      23360.0  9.81917e-17
      23370.0  9.80418e-17
      23380.0  9.78922e-17
      23390.0  9.77429e-17
      23400.0  9.75939e-17
      23410.0  9.74452e-17
      23420.0  9.72968e-17
      23430.0  9.71486e-17
      23440.0  9.70007e-17
      23450.0  9.68531e-17
      23460.0  9.67058e-17
      23470.0  9.65587e-17
      23480.0  9.64120e-17
      23490.0  9.62655e-17
      23500.0  9.61193e-17
      23510.0  9.59733e-17
      23520.0  9.58276e-17
      23530.0  9.56823e-17
      23540.0  9.55372e-17
      23550.0  9.53923e-17
      23560.0  9.52477e-17
      23570.0  9.51034e-17
      23580.0  9.49594e-17
      23590.0  9.48157e-17
      23600.0  9.46722e-17
      23610.0  9.45290e-17
      23620.0  9.43860e-17
      23630.0  9.42433e-17
      23640.0  9.41009e-17
      23650.0  9.39588e-17
      23660.0  9.38169e-17
      23670.0  9.36753e-17
      23680.0  9.35340e-17
      23690.0  9.33929e-17
      23700.0  9.32521e-17
      23710.0  9.31115e-17
      23720.0  9.29712e-17
      23730.0  9.28312e-17
      23740.0  9.26914e-17
      23750.0  9.25519e-17
      23760.0  9.24127e-17
      23770.0  9.22737e-17
      23780.0  9.21350e-17
      23790.0  9.19965e-17
      23800.0  9.18583e-17
      23810.0  9.17204e-17
      23820.0  9.15827e-17
      23830.0  9.14453e-17
      23840.0  9.13081e-17
      23850.0  9.11712e-17
      23860.0  9.10345e-17
      23870.0  9.08981e-17
      23880.0  9.07619e-17
      23890.0  9.06260e-17
      23900.0  9.04904e-17
      23910.0  9.03550e-17
      23920.0  9.02199e-17
      23930.0  9.00850e-17
      23940.0  8.99503e-17
      23950.0  8.98159e-17
      23960.0  8.96818e-17
      23970.0  8.95479e-17
      23980.0  8.94142e-17
      23990.0  8.92808e-17
      24000.0  8.91477e-17
      24010.0  8.90148e-17
      24020.0  8.88821e-17
      24030.0  8.87497e-17
      24040.0  8.86176e-17
      24050.0  8.84856e-17
      24060.0  8.83539e-17
      24070.0  8.82225e-17
      24080.0  8.80913e-17
      24090.0  8.79604e-17
      24100.0  8.78297e-17
      24110.0  8.76992e-17
      24120.0  8.75690e-17
      24130.0  8.74390e-17
      24140.0  8.73092e-17
      24150.0  8.71797e-17
      24160.0  8.70505e-17
      24170.0  8.69214e-17
      24180.0  8.67926e-17
      24190.0  8.66641e-17
      24200.0  8.65358e-17
      24210.0  8.64077e-17
      24220.0  8.62798e-17
      24230.0  8.61522e-17
      24240.0  8.60249e-17
      24250.0  8.58977e-17
      24260.0  8.57708e-17
      24270.0  8.56441e-17
      24280.0  8.55177e-17
      24290.0  8.53915e-17
      24300.0  8.52655e-17
      24310.0  8.51397e-17
      24320.0  8.50142e-17
      24330.0  8.48889e-17
      24340.0  8.47639e-17
      24350.0  8.46390e-17
      24360.0  8.45144e-17
      24370.0  8.43901e-17
      24380.0  8.42659e-17
      24390.0  8.41420e-17
      24400.0  8.40183e-17
      24410.0  8.38948e-17
      24420.0  8.37716e-17
      24430.0  8.36486e-17
      24440.0  8.35258e-17
      24450.0  8.34032e-17
      24460.0  8.32809e-17
      24470.0  8.31587e-17
      24480.0  8.30368e-17
      24490.0  8.29152e-17
      24500.0  8.27937e-17
      24510.0  8.26725e-17
      24520.0  8.25515e-17
      24530.0  8.24307e-17
      24540.0  8.23101e-17
      24550.0  8.21897e-17
      24560.0  8.20696e-17
      24570.0  8.19497e-17
      24580.0  8.18300e-17
      24590.0  8.17105e-17
      24600.0  8.15912e-17
      24610.0  8.14722e-17
      24620.0  8.13533e-17
      24630.0  8.12347e-17
      24640.0  8.11163e-17
      24650.0  8.09981e-17
      24660.0  8.08802e-17
      24670.0  8.07624e-17
      24680.0  8.06448e-17
      24690.0  8.05275e-17
      24700.0  8.04104e-17
      24710.0  8.02935e-17
      24720.0  8.01768e-17
      24730.0  8.00603e-17
      24740.0  7.99440e-17
      24750.0  7.98279e-17
      24760.0  7.97121e-17
      24770.0  7.95964e-17
      24780.0  7.94810e-17
      24790.0  7.93658e-17
      24800.0  7.92507e-17
      24810.0  7.91359e-17
      24820.0  7.90213e-17
      24830.0  7.89069e-17
      24840.0  7.87927e-17
      24850.0  7.86787e-17
      24860.0  7.85649e-17
      24870.0  7.84513e-17
      24880.0  7.83379e-17
      24890.0  7.82248e-17
      24900.0  7.81118e-17
      24910.0  7.79990e-17
      24920.0  7.78865e-17
      24930.0  7.77741e-17
      24940.0  7.76619e-17
      24950.0  7.75500e-17
      24960.0  7.74382e-17
      24970.0  7.73266e-17
      24980.0  7.72153e-17
      24990.0  7.71041e-17
      25000.0  7.69931e-17
      25010.0  7.68824e-17
      25020.0  7.67718e-17
      25030.0  7.66614e-17
      25040.0  7.65513e-17
      25050.0  7.64413e-17
      25060.0  7.63315e-17
      25070.0  7.62219e-17
      25080.0  7.61125e-17
      25090.0  7.60033e-17
      25100.0  7.58943e-17
      25110.0  7.57855e-17
      25120.0  7.56769e-17
      25130.0  7.55685e-17
      25140.0  7.54603e-17
      25150.0  7.53522e-17
      25160.0  7.52444e-17
      25170.0  7.51368e-17
      25180.0  7.50293e-17
      25190.0  7.49220e-17
      25200.0  7.48150e-17
      25210.0  7.47081e-17
      25220.0  7.46014e-17
      25230.0  7.44949e-17
      25240.0  7.43886e-17
      25250.0  7.42824e-17
      25260.0  7.41765e-17
      25270.0  7.40708e-17
      25280.0  7.39652e-17
      25290.0  7.38598e-17
      25300.0  7.37546e-17
      25310.0  7.36496e-17
      25320.0  7.35448e-17
      25330.0  7.34402e-17
      25340.0  7.33357e-17
      25350.0  7.32315e-17
      25360.0  7.31274e-17
      25370.0  7.30235e-17
      25380.0  7.29198e-17
      25390.0  7.28163e-17
      25400.0  7.27129e-17
      25410.0  7.26098e-17
      25420.0  7.25068e-17
      25430.0  7.24040e-17
      25440.0  7.23014e-17
      25450.0  7.21989e-17
      25460.0  7.20967e-17
      25470.0  7.19946e-17
      25480.0  7.18927e-17
      25490.0  7.17910e-17
      25500.0  7.16894e-17
      25510.0  7.15881e-17
      25520.0  7.14869e-17
      25530.0  7.13859e-17
      25540.0  7.12851e-17
      25550.0  7.11844e-17
      25560.0  7.10840e-17
      25570.0  7.09837e-17
      25580.0  7.08835e-17
      25590.0  7.07836e-17
      25600.0  7.06838e-17
      25610.0  7.05842e-17
      25620.0  7.04848e-17
      25630.0  7.03856e-17
      25640.0  7.02865e-17
      25650.0  7.01876e-17
      25660.0  7.00889e-17
      25670.0  6.99903e-17
      25680.0  6.98919e-17
      25690.0  6.97937e-17
      25700.0  6.96957e-17
      25710.0  6.95978e-17
      25720.0  6.95001e-17
      25730.0  6.94026e-17
      25740.0  6.93053e-17
      25750.0  6.92081e-17
      25760.0  6.91111e-17
      25770.0  6.90142e-17
      25780.0  6.89175e-17
      25790.0  6.88210e-17
      25800.0  6.87247e-17
      25810.0  6.86285e-17
      25820.0  6.85325e-17
      25830.0  6.84367e-17
      25840.0  6.83410e-17
      25850.0  6.82455e-17
      25860.0  6.81502e-17
      25870.0  6.80550e-17
      25880.0  6.79600e-17
      25890.0  6.78651e-17
      25900.0  6.77705e-17
      25910.0  6.76759e-17
      25920.0  6.75816e-17
      25930.0  6.74874e-17
      25940.0  6.73934e-17
      25950.0  6.72995e-17
      25960.0  6.72058e-17
      25970.0  6.71123e-17
      25980.0  6.70189e-17
      25990.0  6.69257e-17
      26000.0  6.68327e-17
      26010.0  6.67398e-17
      26020.0  6.66470e-17
      26030.0  6.65545e-17
      26040.0  6.64621e-17
      26050.0  6.63698e-17
      26060.0  6.62777e-17
      26070.0  6.61858e-17
      26080.0  6.60940e-17
      26090.0  6.60024e-17
      26100.0  6.59109e-17
      26110.0  6.58196e-17
      26120.0  6.57285e-17
      26130.0  6.56375e-17
      26140.0  6.55467e-17
      26150.0  6.54560e-17
      26160.0  6.53655e-17
      26170.0  6.52751e-17
      26180.0  6.51849e-17
      26190.0  6.50949e-17
      26200.0  6.50050e-17
      26210.0  6.49153e-17
      26220.0  6.48257e-17
      26230.0  6.47362e-17
      26240.0  6.46470e-17
      26250.0  6.45578e-17
      26260.0  6.44689e-17
      26270.0  6.43800e-17
      26280.0  6.42914e-17
      26290.0  6.42029e-17
      26300.0  6.41145e-17
      26310.0  6.40263e-17
      26320.0  6.39382e-17
      26330.0  6.38503e-17
      26340.0  6.37625e-17
      26350.0  6.36749e-17
      26360.0  6.35875e-17
      26370.0  6.35002e-17
      26380.0  6.34130e-17
      26390.0  6.33260e-17
      26400.0  6.32391e-17
      26410.0  6.31524e-17
      26420.0  6.30658e-17
      26430.0  6.29794e-17
      26440.0  6.28931e-17
      26450.0  6.28070e-17
      26460.0  6.27210e-17
      26470.0  6.26352e-17
      26480.0  6.25495e-17
      26490.0  6.24640e-17
      26500.0  6.23786e-17
      26510.0  6.22933e-17
      26520.0  6.22082e-17
      26530.0  6.21232e-17
      26540.0  6.20384e-17
      26550.0  6.19537e-17
      26560.0  6.18692e-17
      26570.0  6.17848e-17
      26580.0  6.17006e-17
      26590.0  6.16165e-17
      26600.0  6.15325e-17
      26610.0  6.14487e-17
      26620.0  6.13650e-17
      26630.0  6.12815e-17
      26640.0  6.11981e-17
      26650.0  6.11149e-17
      26660.0  6.10318e-17
      26670.0  6.09488e-17
      26680.0  6.08660e-17
      26690.0  6.07833e-17
      26700.0  6.07007e-17
      26710.0  6.06183e-17
      26720.0  6.05360e-17
      26730.0  6.04539e-17
      26740.0  6.03719e-17
      26750.0  6.02901e-17
      26760.0  6.02084e-17
      26770.0  6.01268e-17
      26780.0  6.00453e-17
      26790.0  5.99640e-17
      26800.0  5.98829e-17
      26810.0  5.98018e-17
      26820.0  5.97210e-17
      26830.0  5.96402e-17
      26840.0  5.95596e-17
      26850.0  5.94791e-17
      26860.0  5.93987e-17
      26870.0  5.93185e-17
      26880.0  5.92385e-17
      26890.0  5.91585e-17
      26900.0  5.90787e-17
      26910.0  5.89990e-17
      26920.0  5.89195e-17
      26930.0  5.88401e-17
      26940.0  5.87608e-17
      26950.0  5.86816e-17
      26960.0  5.86026e-17
      26970.0  5.85238e-17
      26980.0  5.84450e-17
      26990.0  5.83664e-17
      27000.0  5.82879e-17
      27010.0  5.82096e-17
      27020.0  5.81313e-17
      27030.0  5.80532e-17
      27040.0  5.79753e-17
      27050.0  5.78975e-17
      27060.0  5.78198e-17
      27070.0  5.77422e-17
      27080.0  5.76648e-17
      27090.0  5.75874e-17
      27100.0  5.75103e-17
      27110.0  5.74332e-17
      27120.0  5.73563e-17
      27130.0  5.72795e-17
      27140.0  5.72028e-17
      27150.0  5.71263e-17
      27160.0  5.70499e-17
      27170.0  5.69736e-17
      27180.0  5.68974e-17
      27190.0  5.68214e-17
      27200.0  5.67455e-17
      27210.0  5.66697e-17
      27220.0  5.65940e-17
      27230.0  5.65185e-17
      27240.0  5.64431e-17
      27250.0  5.63678e-17
      27260.0  5.62927e-17
      27270.0  5.62177e-17
      27280.0  5.61427e-17
      27290.0  5.60680e-17
      27300.0  5.59933e-17
      27310.0  5.59188e-17
      27320.0  5.58444e-17
      27330.0  5.57701e-17
      27340.0  5.56959e-17
      27350.0  5.56219e-17
      27360.0  5.55480e-17
      27370.0  5.54742e-17
      27380.0  5.54005e-17
      27390.0  5.53269e-17
      27400.0  5.52535e-17
      27410.0  5.51802e-17
      27420.0  5.51070e-17
      27430.0  5.50340e-17
      27440.0  5.49610e-17
      27450.0  5.48882e-17
      27460.0  5.48155e-17
      27470.0  5.47429e-17
      27480.0  5.46704e-17
      27490.0  5.45981e-17
      27500.0  5.45259e-17
      27510.0  5.44537e-17
      27520.0  5.43818e-17
      27530.0  5.43099e-17
      27540.0  5.42381e-17
      27550.0  5.41665e-17
      27560.0  5.40950e-17
      27570.0  5.40236e-17
      27580.0  5.39523e-17
      27590.0  5.38811e-17
      27600.0  5.38101e-17
      27610.0  5.37391e-17
      27620.0  5.36683e-17
      27630.0  5.35976e-17
      27640.0  5.35270e-17
      27650.0  5.34566e-17
      27660.0  5.33862e-17
      27670.0  5.33160e-17
      27680.0  5.32459e-17
      27690.0  5.31759e-17
      27700.0  5.31060e-17
      27710.0  5.30362e-17
      27720.0  5.29665e-17
      27730.0  5.28970e-17
      27740.0  5.28275e-17
      27750.0  5.27582e-17
      27760.0  5.26890e-17
      27770.0  5.26199e-17
      27780.0  5.25509e-17
      27790.0  5.24820e-17
      27800.0  5.24133e-17
      27810.0  5.23446e-17
      27820.0  5.22761e-17
      27830.0  5.22077e-17
      27840.0  5.21394e-17
      27850.0  5.20712e-17
      27860.0  5.20031e-17
      27870.0  5.19351e-17
      27880.0  5.18672e-17
      27890.0  5.17995e-17
      27900.0  5.17318e-17
      27910.0  5.16643e-17
      27920.0  5.15968e-17
      27930.0  5.15295e-17
      27940.0  5.14623e-17
      27950.0  5.13952e-17
      27960.0  5.13282e-17
      27970.0  5.12613e-17
      27980.0  5.11946e-17
      27990.0  5.11279e-17
      28000.0  5.10613e-17
      28010.0  5.09949e-17
      28020.0  5.09286e-17
      28030.0  5.08623e-17
      28040.0  5.07962e-17
      28050.0  5.07302e-17
      28060.0  5.06643e-17
      28070.0  5.05984e-17
      28080.0  5.05327e-17
      28090.0  5.04671e-17
      28100.0  5.04017e-17
      28110.0  5.03363e-17
      28120.0  5.02710e-17
      28130.0  5.02058e-17
      28140.0  5.01408e-17
      28150.0  5.00758e-17
      28160.0  5.00109e-17
      28170.0  4.99462e-17
      28180.0  4.98815e-17
      28190.0  4.98170e-17
      28200.0  4.97525e-17
      28210.0  4.96882e-17
      28220.0  4.96240e-17
      28230.0  4.95599e-17
      28240.0  4.94958e-17
      28250.0  4.94319e-17
      28260.0  4.93681e-17
      28270.0  4.93044e-17
      28280.0  4.92407e-17
      28290.0  4.91772e-17
      28300.0  4.91138e-17
      28310.0  4.90505e-17
      28320.0  4.89873e-17
      28330.0  4.89242e-17
      28340.0  4.88612e-17
      28350.0  4.87983e-17
      28360.0  4.87355e-17
      28370.0  4.86728e-17
      28380.0  4.86102e-17
      28390.0  4.85477e-17
      28400.0  4.84853e-17
      28410.0  4.84230e-17
      28420.0  4.83608e-17
      28430.0  4.82987e-17
      28440.0  4.82367e-17
      28450.0  4.81747e-17
      28460.0  4.81129e-17
      28470.0  4.80512e-17
      28480.0  4.79896e-17
      28490.0  4.79281e-17
      28500.0  4.78667e-17
      28510.0  4.78054e-17
      28520.0  4.77442e-17
      28530.0  4.76830e-17
      28540.0  4.76220e-17
      28550.0  4.75611e-17
      28560.0  4.75003e-17
      28570.0  4.74395e-17
      28580.0  4.73789e-17
      28590.0  4.73184e-17
      28600.0  4.72579e-17
      28610.0  4.71976e-17
      28620.0  4.71373e-17
      28630.0  4.70772e-17
      28640.0  4.70171e-17
      28650.0  4.69572e-17
      28660.0  4.68973e-17
      28670.0  4.68375e-17
      28680.0  4.67778e-17
      28690.0  4.67183e-17
      28700.0  4.66588e-17
      28710.0  4.65994e-17
      28720.0  4.65401e-17
      28730.0  4.64809e-17
      28740.0  4.64217e-17
      28750.0  4.63627e-17
      28760.0  4.63038e-17
      28770.0  4.62450e-17
      28780.0  4.61862e-17
      28790.0  4.61276e-17
      28800.0  4.60690e-17
      28810.0  4.60106e-17
      28820.0  4.59522e-17
      28830.0  4.58939e-17
      28840.0  4.58357e-17
      28850.0  4.57777e-17
      28860.0  4.57197e-17
      28870.0  4.56617e-17
      28880.0  4.56039e-17
      28890.0  4.55462e-17
      28900.0  4.54886e-17
      28910.0  4.54310e-17
      28920.0  4.53736e-17
      28930.0  4.53162e-17
      28940.0  4.52589e-17
      28950.0  4.52017e-17
      28960.0  4.51446e-17
      28970.0  4.50876e-17
      28980.0  4.50307e-17
      28990.0  4.49739e-17
      29000.0  4.49172e-17
      29010.0  4.48605e-17
      29020.0  4.48040e-17
      29030.0  4.47475e-17
      29040.0  4.46911e-17
      29050.0  4.46348e-17
      29060.0  4.45786e-17
      29070.0  4.45225e-17
      29080.0  4.44665e-17
      29090.0  4.44105e-17
      29100.0  4.43547e-17
      29110.0  4.42989e-17
      29120.0  4.42432e-17
      29130.0  4.41877e-17
      29140.0  4.41322e-17
      29150.0  4.40767e-17
      29160.0  4.40214e-17
      29170.0  4.39662e-17
      29180.0  4.39110e-17
      29190.0  4.38559e-17
      29200.0  4.38009e-17
      29210.0  4.37460e-17
      29220.0  4.36912e-17
      29230.0  4.36365e-17
      29240.0  4.35819e-17
      29250.0  4.35273e-17
      29260.0  4.34728e-17
      29270.0  4.34184e-17
      29280.0  4.33641e-17
      29290.0  4.33099e-17
      29300.0  4.32558e-17
      29310.0  4.32017e-17
      29320.0  4.31478e-17
      29330.0  4.30939e-17
      29340.0  4.30401e-17
      29350.0  4.29864e-17
      29360.0  4.29328e-17
      29370.0  4.28792e-17
      29380.0  4.28257e-17
      29390.0  4.27724e-17
      29400.0  4.27191e-17
      29410.0  4.26659e-17
      29420.0  4.26127e-17
      29430.0  4.25597e-17
      29440.0  4.25067e-17
      29450.0  4.24538e-17
      29460.0  4.24010e-17
      29470.0  4.23483e-17
      29480.0  4.22957e-17
      29490.0  4.22431e-17
      29500.0  4.21906e-17
      29510.0  4.21382e-17
      29520.0  4.20859e-17
      29530.0  4.20337e-17
      29540.0  4.19815e-17
      29550.0  4.19294e-17
      29560.0  4.18774e-17
      29570.0  4.18255e-17
      29580.0  4.17737e-17
      29590.0  4.17219e-17
      29600.0  4.16703e-17
      29610.0  4.16187e-17
      29620.0  4.15672e-17
      29630.0  4.15157e-17
      29640.0  4.14644e-17
      29650.0  4.14131e-17
      29660.0  4.13619e-17
      29670.0  4.13108e-17
      29680.0  4.12597e-17
      29690.0  4.12088e-17
      29700.0  4.11579e-17
      29710.0  4.11071e-17
      29720.0  4.10564e-17
      29730.0  4.10057e-17
      29740.0  4.09552e-17
      29750.0  4.09047e-17
      29760.0  4.08542e-17
      29770.0  4.08039e-17
      29780.0  4.07537e-17
      29790.0  4.07035e-17
      29800.0  4.06534e-17
      29810.0  4.06033e-17
      29820.0  4.05534e-17
      29830.0  4.05035e-17
      29840.0  4.04537e-17
      29850.0  4.04040e-17
      29860.0  4.03543e-17
      29870.0  4.03048e-17
      29880.0  4.02553e-17
      29890.0  4.02058e-17
      29900.0  4.01565e-17
      29910.0  4.01072e-17
      29920.0  4.00580e-17
      29930.0  4.00089e-17
      29940.0  3.99599e-17
      29950.0  3.99109e-17
      29960.0  3.98620e-17
      29970.0  3.98132e-17
      29980.0  3.97644e-17
      29990.0  3.97158e-17
      30000.0  3.96672e-17
      30010.0  3.96187e-17
      30020.0  3.95702e-17
      30030.0  3.95218e-17
      30040.0  3.94735e-17
      30050.0  3.94253e-17
      30060.0  3.93771e-17
      30070.0  3.93291e-17
      30080.0  3.92811e-17
      30090.0  3.92331e-17
      30100.0  3.91853e-17
      30110.0  3.91375e-17
      30120.0  3.90898e-17
      30130.0  3.90421e-17
      30140.0  3.89945e-17
      30150.0  3.89470e-17
      30160.0  3.88996e-17
      30170.0  3.88523e-17
      30180.0  3.88050e-17
      30190.0  3.87578e-17
      30200.0  3.87106e-17
      30210.0  3.86636e-17
      30220.0  3.86166e-17
      30230.0  3.85696e-17
      30240.0  3.85228e-17
      30250.0  3.84760e-17
      30260.0  3.84293e-17
      30270.0  3.83826e-17
      30280.0  3.83361e-17
      30290.0  3.82896e-17
      30300.0  3.82431e-17
      30310.0  3.81968e-17
      30320.0  3.81505e-17
      30330.0  3.81042e-17
      30340.0  3.80581e-17
      30350.0  3.80120e-17
      30360.0  3.79660e-17
      30370.0  3.79201e-17
      30380.0  3.78742e-17
      30390.0  3.78284e-17
      30400.0  3.77826e-17
      30410.0  3.77370e-17
      30420.0  3.76914e-17
      30430.0  3.76458e-17
      30440.0  3.76004e-17
      30450.0  3.75550e-17
      30460.0  3.75097e-17
      30470.0  3.74644e-17
      30480.0  3.74192e-17
      30490.0  3.73741e-17
      30500.0  3.73290e-17
      30510.0  3.72840e-17
      30520.0  3.72391e-17
      30530.0  3.71943e-17
      30540.0  3.71495e-17
      30550.0  3.71048e-17
      30560.0  3.70601e-17
      30570.0  3.70155e-17
      30580.0  3.69710e-17
      30590.0  3.69266e-17
      30600.0  3.68822e-17
      30610.0  3.68379e-17
      30620.0  3.67936e-17
      30630.0  3.67495e-17
      30640.0  3.67053e-17
      30650.0  3.66613e-17
      30660.0  3.66173e-17
      30670.0  3.65734e-17
      30680.0  3.65295e-17
      30690.0  3.64857e-17
      30700.0  3.64420e-17
      30710.0  3.63983e-17
      30720.0  3.63548e-17
      30730.0  3.63112e-17
      30740.0  3.62678e-17
      30750.0  3.62244e-17
      30760.0  3.61810e-17
      30770.0  3.61378e-17
      30780.0  3.60946e-17
      30790.0  3.60514e-17
      30800.0  3.60083e-17
      30810.0  3.59653e-17
      30820.0  3.59224e-17
      30830.0  3.58795e-17
      30840.0  3.58367e-17
      30850.0  3.57939e-17
      30860.0  3.57512e-17
      30870.0  3.57086e-17
      30880.0  3.56660e-17
      30890.0  3.56235e-17
      30900.0  3.55811e-17
      30910.0  3.55387e-17
      30920.0  3.54964e-17
      30930.0  3.54542e-17
      30940.0  3.54120e-17
      30950.0  3.53698e-17
      30960.0  3.53278e-17
      30970.0  3.52858e-17
      30980.0  3.52438e-17
      30990.0  3.52020e-17
      31000.0  3.51601e-17
      31010.0  3.51184e-17
      31020.0  3.50767e-17
      31030.0  3.50351e-17
      31040.0  3.49935e-17
      31050.0  3.49520e-17
      31060.0  3.49105e-17
      31070.0  3.48692e-17
      31080.0  3.48278e-17
      31090.0  3.47866e-17
      31100.0  3.47454e-17
      31110.0  3.47042e-17
      31120.0  3.46632e-17
      31130.0  3.46221e-17
      31140.0  3.45812e-17
      31150.0  3.45403e-17
      31160.0  3.44994e-17
      31170.0  3.44587e-17
      31180.0  3.44179e-17
      31190.0  3.43773e-17
      31200.0  3.43367e-17
      31210.0  3.42962e-17
      31220.0  3.42557e-17
      31230.0  3.42153e-17
      31240.0  3.41749e-17
      31250.0  3.41346e-17
      31260.0  3.40944e-17
      31270.0  3.40542e-17
      31280.0  3.40140e-17
      31290.0  3.39740e-17
      31300.0  3.39340e-17
      31310.0  3.38940e-17
      31320.0  3.38541e-17
      31330.0  3.38143e-17
      31340.0  3.37745e-17
      31350.0  3.37348e-17
      31360.0  3.36952e-17
      31370.0  3.36556e-17
      31380.0  3.36160e-17
      31390.0  3.35766e-17
      31400.0  3.35371e-17
      31410.0  3.34978e-17
      31420.0  3.34585e-17
      31430.0  3.34192e-17
      31440.0  3.33800e-17
      31450.0  3.33409e-17
      31460.0  3.33018e-17
      31470.0  3.32628e-17
      31480.0  3.32238e-17
      31490.0  3.31849e-17
      31500.0  3.31461e-17
      31510.0  3.31073e-17
      31520.0  3.30685e-17
      31530.0  3.30298e-17
      31540.0  3.29912e-17
      31550.0  3.29526e-17
      31560.0  3.29141e-17
      31570.0  3.28757e-17
      31580.0  3.28373e-17
      31590.0  3.27989e-17
      31600.0  3.27606e-17
      31610.0  3.27224e-17
      31620.0  3.26842e-17
      31630.0  3.26461e-17
      31640.0  3.26080e-17
      31650.0  3.25700e-17
      31660.0  3.25321e-17
      31670.0  3.24942e-17
      31680.0  3.24563e-17
      31690.0  3.24185e-17
      31700.0  3.23808e-17
      31710.0  3.23431e-17
      31720.0  3.23055e-17
      31730.0  3.22679e-17
      31740.0  3.22304e-17
      31750.0  3.21929e-17
      31760.0  3.21555e-17
      31770.0  3.21182e-17
      31780.0  3.20809e-17
      31790.0  3.20436e-17
      31800.0  3.20064e-17
      31810.0  3.19693e-17
      31820.0  3.19322e-17
      31830.0  3.18952e-17
      31840.0  3.18582e-17
      31850.0  3.18213e-17
      31860.0  3.17844e-17
      31870.0  3.17476e-17
      31880.0  3.17108e-17
      31890.0  3.16741e-17
      31900.0  3.16374e-17
      31910.0  3.16008e-17
      31920.0  3.15643e-17
      31930.0  3.15278e-17
      31940.0  3.14913e-17
      31950.0  3.14549e-17
      31960.0  3.14186e-17
      31970.0  3.13823e-17
      31980.0  3.13461e-17
      31990.0  3.13099e-17
      32000.0  3.12737e-17
      32010.0  3.12377e-17
      32020.0  3.12016e-17
      32030.0  3.11657e-17
      32040.0  3.11297e-17
      32050.0  3.10938e-17
      32060.0  3.10580e-17
      32070.0  3.10223e-17
      32080.0  3.09865e-17
      32090.0  3.09509e-17
      32100.0  3.09152e-17
      32110.0  3.08797e-17
      32120.0  3.08442e-17
      32130.0  3.08087e-17
      32140.0  3.07733e-17
      32150.0  3.07379e-17
      32160.0  3.07026e-17
      32170.0  3.06673e-17
      32180.0  3.06321e-17
      32190.0  3.05970e-17
      32200.0  3.05618e-17
      32210.0  3.05268e-17
      32220.0  3.04918e-17
      32230.0  3.04568e-17
      32240.0  3.04219e-17
      32250.0  3.03870e-17
      32260.0  3.03522e-17
      32270.0  3.03175e-17
      32280.0  3.02827e-17
      32290.0  3.02481e-17
      32300.0  3.02135e-17
      32310.0  3.01789e-17
      32320.0  3.01444e-17
      32330.0  3.01099e-17
      32340.0  3.00755e-17
      32350.0  3.00411e-17
      32360.0  3.00068e-17
      32370.0  2.99725e-17
      32380.0  2.99383e-17
      32390.0  2.99041e-17
      32400.0  2.98700e-17
      32410.0  2.98359e-17
      32420.0  2.98019e-17
      32430.0  2.97679e-17
      32440.0  2.97340e-17
      32450.0  2.97001e-17
      32460.0  2.96663e-17
      32470.0  2.96325e-17
      32480.0  2.95988e-17
      32490.0  2.95651e-17
      32500.0  2.95314e-17
      32510.0  2.94978e-17
      32520.0  2.94643e-17
      32530.0  2.94308e-17
      32540.0  2.93973e-17
      32550.0  2.93639e-17
      32560.0  2.93306e-17
      32570.0  2.92973e-17
      32580.0  2.92640e-17
      32590.0  2.92308e-17
      32600.0  2.91976e-17
      32610.0  2.91645e-17
      32620.0  2.91314e-17
      32630.0  2.90984e-17
      32640.0  2.90654e-17
      32650.0  2.90325e-17
      32660.0  2.89996e-17
      32670.0  2.89667e-17
      32680.0  2.89339e-17
      32690.0  2.89012e-17
      32700.0  2.88685e-17
      32710.0  2.88358e-17
      32720.0  2.88032e-17
      32730.0  2.87707e-17
      32740.0  2.87381e-17
      32750.0  2.87057e-17
      32760.0  2.86732e-17
      32770.0  2.86409e-17
      32780.0  2.86085e-17
      32790.0  2.85762e-17
      32800.0  2.85440e-17
      32810.0  2.85118e-17
      32820.0  2.84796e-17
      32830.0  2.84475e-17
      32840.0  2.84154e-17
      32850.0  2.83834e-17
      32860.0  2.83514e-17
      32870.0  2.83195e-17
      32880.0  2.82876e-17
      32890.0  2.82558e-17
      32900.0  2.82240e-17
      32910.0  2.81922e-17
      32920.0  2.81605e-17
      32930.0  2.81289e-17
      32940.0  2.80973e-17
      32950.0  2.80657e-17
      32960.0  2.80342e-17
      32970.0  2.80027e-17
      32980.0  2.79712e-17
      32990.0  2.79398e-17
      33000.0  2.79085e-17
      33010.0  2.78772e-17
      33020.0  2.78459e-17
      33030.0  2.78147e-17
      33040.0  2.77835e-17
      33050.0  2.77524e-17
      33060.0  2.77213e-17
      33070.0  2.76902e-17
      33080.0  2.76592e-17
      33090.0  2.76283e-17
      33100.0  2.75973e-17
      33110.0  2.75665e-17
      33120.0  2.75356e-17
      33130.0  2.75048e-17
      33140.0  2.74741e-17
      33150.0  2.74434e-17
      33160.0  2.74127e-17
      33170.0  2.73821e-17
      33180.0  2.73515e-17
      33190.0  2.73210e-17
      33200.0  2.72905e-17
      33210.0  2.72601e-17
      33220.0  2.72297e-17
      33230.0  2.71993e-17
      33240.0  2.71690e-17
      33250.0  2.71387e-17
      33260.0  2.71085e-17
      33270.0  2.70783e-17
      33280.0  2.70481e-17
      33290.0  2.70180e-17
      33300.0  2.69879e-17
      33310.0  2.69579e-17
      33320.0  2.69279e-17
      33330.0  2.68980e-17
      33340.0  2.68681e-17
      33350.0  2.68382e-17
      33360.0  2.68084e-17
      33370.0  2.67786e-17
      33380.0  2.67489e-17
      33390.0  2.67192e-17
      33400.0  2.66895e-17
      33410.0  2.66599e-17
      33420.0  2.66303e-17
      33430.0  2.66008e-17
      33440.0  2.65713e-17
      33450.0  2.65419e-17
      33460.0  2.65124e-17
      33470.0  2.64831e-17
      33480.0  2.64537e-17
      33490.0  2.64245e-17
      33500.0  2.63952e-17
      33510.0  2.63660e-17
      33520.0  2.63368e-17
      33530.0  2.63077e-17
      33540.0  2.62786e-17
      33550.0  2.62496e-17
      33560.0  2.62206e-17
      33570.0  2.61916e-17
      33580.0  2.61627e-17
      33590.0  2.61338e-17
      33600.0  2.61049e-17
      33610.0  2.60761e-17
      33620.0  2.60474e-17
      33630.0  2.60186e-17
      33640.0  2.59899e-17
      33650.0  2.59613e-17
      33660.0  2.59327e-17
      33670.0  2.59041e-17
      33680.0  2.58756e-17
      33690.0  2.58471e-17
      33700.0  2.58186e-17
      33710.0  2.57902e-17
      33720.0  2.57618e-17
      33730.0  2.57335e-17
      33740.0  2.57052e-17
      33750.0  2.56769e-17
      33760.0  2.56487e-17
      33770.0  2.56205e-17
      33780.0  2.55924e-17
      33790.0  2.55643e-17
      33800.0  2.55362e-17
      33810.0  2.55082e-17
      33820.0  2.54802e-17
      33830.0  2.54523e-17
      33840.0  2.54243e-17
      33850.0  2.53965e-17
      33860.0  2.53686e-17
      33870.0  2.53408e-17
      33880.0  2.53131e-17
      33890.0  2.52854e-17
      33900.0  2.52577e-17
      33910.0  2.52300e-17
      33920.0  2.52024e-17
      33930.0  2.51748e-17
      33940.0  2.51473e-17
      33950.0  2.51198e-17
      33960.0  2.50923e-17
      33970.0  2.50649e-17
      33980.0  2.50375e-17
      33990.0  2.50102e-17
      34000.0  2.49829e-17
      34010.0  2.49556e-17
      34020.0  2.49284e-17
      34030.0  2.49012e-17
      34040.0  2.48740e-17
      34050.0  2.48469e-17
      34060.0  2.48198e-17
      34070.0  2.47928e-17
      34080.0  2.47657e-17
      34090.0  2.47388e-17
      34100.0  2.47118e-17
      34110.0  2.46849e-17
      34120.0  2.46580e-17
      34130.0  2.46312e-17
      34140.0  2.46044e-17
      34150.0  2.45777e-17
      34160.0  2.45509e-17
      34170.0  2.45243e-17
      34180.0  2.44976e-17
      34190.0  2.44710e-17
      34200.0  2.44444e-17
      34210.0  2.44179e-17
      34220.0  2.43914e-17
      34230.0  2.43649e-17
      34240.0  2.43385e-17
      34250.0  2.43121e-17
      34260.0  2.42857e-17
      34270.0  2.42594e-17
      34280.0  2.42331e-17
      34290.0  2.42068e-17
      34300.0  2.41806e-17
      34310.0  2.41544e-17
      34320.0  2.41283e-17
      34330.0  2.41022e-17
      34340.0  2.40761e-17
      34350.0  2.40500e-17
      34360.0  2.40240e-17
      34370.0  2.39980e-17
      34380.0  2.39721e-17
      34390.0  2.39462e-17
      34400.0  2.39203e-17
      34410.0  2.38945e-17
      34420.0  2.38687e-17
      34430.0  2.38429e-17
      34440.0  2.38172e-17
      34450.0  2.37915e-17
      34460.0  2.37659e-17
      34470.0  2.37402e-17
      34480.0  2.37146e-17
      34490.0  2.36891e-17
      34500.0  2.36636e-17
      34510.0  2.36381e-17
      34520.0  2.36126e-17
      34530.0  2.35872e-17
      34540.0  2.35618e-17
      34550.0  2.35364e-17
      34560.0  2.35111e-17
      34570.0  2.34858e-17
      34580.0  2.34606e-17
      34590.0  2.34354e-17
      34600.0  2.34102e-17
      34610.0  2.33850e-17
      34620.0  2.33599e-17
      34630.0  2.33348e-17
      34640.0  2.33098e-17
      34650.0  2.32848e-17
      34660.0  2.32598e-17
      34670.0  2.32349e-17
      34680.0  2.32099e-17
      34690.0  2.31851e-17
      34700.0  2.31602e-17
      34710.0  2.31354e-17
      34720.0  2.31106e-17
      34730.0  2.30859e-17
      34740.0  2.30612e-17
      34750.0  2.30365e-17
      34760.0  2.30118e-17
      34770.0  2.29872e-17
      34780.0  2.29626e-17
      34790.0  2.29381e-17
      34800.0  2.29135e-17
      34810.0  2.28891e-17
      34820.0  2.28646e-17
      34830.0  2.28402e-17
      34840.0  2.28158e-17
      34850.0  2.27914e-17
      34860.0  2.27671e-17
      34870.0  2.27428e-17
      34880.0  2.27186e-17
      34890.0  2.26943e-17
      34900.0  2.26702e-17
      34910.0  2.26460e-17
      34920.0  2.26219e-17
      34930.0  2.25978e-17
      34940.0  2.25737e-17
      34950.0  2.25497e-17
      34960.0  2.25257e-17
      34970.0  2.25017e-17
      34980.0  2.24778e-17
      34990.0  2.24658e-17
