

  1.572161017806193E+03   0.0000000E+00   0.0000000E+00   2564
  1.573704571087267E+03   0.0000000E+00   0.0000000E+00   2564
  1.575248133389210E+03   0.0000000E+00   0.0000000E+00   2564
  1.576791704712179E+03   0.0000000E+00   0.0000000E+00   2564
  1.578335285056334E+03   0.0000000E+00   0.0000000E+00   2560
  1.579878874421831E+03   1.4492072E-12   5.3774818E-13      0
  1.581422472808829E+03   1.3393931E-13   5.1435256E-14      0
  1.582966080217487E+03   1.1267463E-13   2.7367802E-14      0
  1.584509696647963E+03   1.0799062E-13   2.0820707E-14      0
  1.586053322100414E+03   7.6518829E-14   1.4393048E-14      0
  1.587596956574999E+03   6.1060159E-14   1.1543263E-14      0
  1.589140600071876E+03   8.4420616E-14   1.1203026E-14      0
  1.590684252591204E+03   7.1704063E-14   9.3870250E-15      0
  1.592227914133140E+03   7.3694089E-14   8.9249405E-15      0
  1.593771584697843E+03   6.6659026E-14   7.7535084E-15      0
  1.595315264285471E+03   7.9222056E-14   7.6878421E-15      0
  1.596858952896182E+03   7.5438218E-14   6.9361970E-15      0
  1.598402650530134E+03   7.3755617E-14   6.4451880E-15      0
  1.599946357187486E+03   7.9045860E-14   6.2930321E-15      0
  1.601490072868397E+03   7.2340402E-14   5.5065599E-15      0
  1.603033797573023E+03   7.5782811E-14   5.3784390E-15      0
  1.604577531301523E+03   7.6266413E-14   5.0998765E-15      0
  1.606121274054056E+03   7.2643985E-14   4.6802221E-15      0
  1.607665025830780E+03   7.0085512E-14   4.4142419E-15      0
  1.609208786631854E+03   6.7943359E-14   4.1362601E-15      0
  1.610752556457434E+03   6.8084176E-14   3.9056964E-15      0
  1.612296335307681E+03   6.5830242E-14   3.7746211E-15      0
  1.613840123182751E+03   6.8783277E-14   3.6526504E-15      0
  1.615383920082803E+03   7.0620240E-14   3.5694625E-15      0
  1.616927726007996E+03   7.3997185E-14   3.4263698E-15      0
  1.618471540958488E+03   8.7478954E-14   3.6008535E-15      0
  1.620015364934437E+03   9.3733032E-14   3.6482077E-15      0
  1.621559197936001E+03   9.3528185E-14   3.5128318E-15      0
  1.623103039963339E+03   9.6874176E-14   3.3976711E-15      0
  1.624646891016609E+03   9.4061010E-14   3.3528078E-15      0
  1.626190751095969E+03   8.7948800E-14   3.0931691E-15      0
  1.627734620201578E+03   8.9479619E-14   3.0421877E-15      0
  1.629278498333593E+03   9.5698074E-14   3.0052250E-15      0
  1.630822385492174E+03   9.5813345E-14   3.0215014E-15      0
  1.632366281677479E+03   8.9530535E-14   2.8061170E-15      0
  1.633910186889665E+03   8.7470504E-14   2.7019068E-15      0
  1.635454101128892E+03   9.3670982E-14   2.7577019E-15      0
  1.636998024395318E+03   8.8024213E-14   2.5825910E-15      0
  1.638541956689099E+03   1.0158721E-13   2.7333277E-15      0
  1.640085898010397E+03   1.0907806E-13   2.7788892E-15      0
  1.641629848359368E+03   1.0635243E-13   2.6906675E-15      0
  1.643173807736171E+03   1.0334238E-13   2.6216273E-15      0
  1.644717776140965E+03   1.0117454E-13   2.5426241E-15      0
  1.646261753573907E+03   9.8275703E-14   2.4604323E-15      0
  1.647805740035156E+03   1.0400714E-13   2.4828444E-15      0
  1.649349735524871E+03   1.0696983E-13   2.4640515E-15      0
  1.650893740043210E+03   9.8263547E-14   2.3608780E-15      0
  1.652437753590331E+03   1.0210698E-13   2.3590700E-15      0
  1.653981776166393E+03   1.0021680E-13   2.3113867E-15      0
  1.655525807771553E+03   9.7994123E-14   2.2458752E-15      0
  1.657069848405971E+03   9.2506840E-14   2.1477649E-15      0
  1.658613898069806E+03   9.3274916E-14   2.1470199E-15      0
  1.660157956763214E+03   9.2982052E-14   2.0823083E-15      0
  1.661702024486355E+03   9.4220476E-14   2.0896136E-15      0
  1.663246101239387E+03   9.5389930E-14   2.1095580E-15      0
  1.664790187022469E+03   9.7943301E-14   2.0945693E-15      0
  1.666334281835758E+03   1.0019822E-13   2.0907630E-15      0
  1.667878385679415E+03   9.8181859E-14   2.0436063E-15      0
  1.669422498553596E+03   1.0262773E-13   2.0857176E-15      0
  1.670966620458460E+03   9.9799705E-14   2.0180753E-15      0
  1.672510751394166E+03   9.2901110E-14   1.9251327E-15      0
  1.674054891360872E+03   8.7149221E-14   1.8657127E-15      0
  1.675599040358737E+03   8.9190794E-14   1.8449280E-15      0
  1.677143198387919E+03   9.1340001E-14   1.8762292E-15      0
  1.678687365448576E+03   8.6780192E-14   1.8090856E-15      0
  1.680231541540868E+03   9.8199579E-14   1.9342620E-15      0
  1.681775726664952E+03   1.0686667E-13   1.9386202E-15      0
  1.683319920820987E+03   1.0808649E-13   1.9857762E-15      0
  1.684864124009131E+03   1.0791017E-13   1.8940720E-15      0
  1.686408336229544E+03   1.0213065E-13   1.9061426E-15      0
  1.687952557482383E+03   1.0188568E-13   1.8645736E-15      0
  1.689496787767807E+03   9.5657924E-14   1.7882371E-15      0
  1.691041027085974E+03   8.9585410E-14   1.7072792E-15      0
  1.692585275437044E+03   8.6659223E-14   1.7048924E-15      0
  1.694129532821174E+03   8.6249218E-14   1.6712506E-15      0
  1.695673799238523E+03   8.4157995E-14   1.6123913E-15      0
  1.697218074689249E+03   8.4740137E-14   1.6326612E-15      0
  1.698762359173512E+03   8.4841198E-14   1.6157317E-15      0
  1.700306652691469E+03   9.0214064E-14   1.6567760E-15      0
  1.701850955243279E+03   9.4947508E-14   1.6690456E-15      0
  1.703395266829101E+03   9.5893210E-14   1.6801796E-15      0
  1.704939587449094E+03   9.4434863E-14   1.6624802E-15      0
  1.706483917103415E+03   9.2602317E-14   1.6167169E-15      0
  1.708028255792223E+03   8.8265787E-14   1.5953812E-15      0
  1.709572603515677E+03   8.6621391E-14   1.5749832E-15      0
  1.711116960273936E+03   8.4551683E-14   1.5475744E-15      0
  1.712661326067158E+03   7.7559968E-14   1.4591316E-15      0
  1.714205700895501E+03   7.2755346E-14   1.4247810E-15      0
  1.715750084759125E+03   7.5071988E-14   1.3899611E-15      0
  1.717294477658187E+03   7.4499157E-14   1.4174273E-15      0
  1.718838879592847E+03   7.5001650E-14   1.4134535E-15      0
  1.720383290563262E+03   7.1835502E-14   1.3766949E-15      0
  1.721927710569592E+03   6.8772109E-14   1.3170125E-15      0
  1.723472139611996E+03   7.2637432E-14   1.3736299E-15      0
  1.725016577690631E+03   7.3614590E-14   1.3465996E-15      0
  1.726561024805656E+03   7.8625339E-14   1.4120806E-15      0
  1.728105480957231E+03   8.4704311E-14   1.4315715E-15      0
  1.729649946145513E+03   8.9278330E-14   1.4912739E-15      0
  1.731194420370661E+03   9.2605597E-14   1.4883462E-15      0
  1.732738903632834E+03   9.8345418E-14   1.5234192E-15      0
  1.734283395932191E+03   9.5321022E-14   1.4952131E-15      0
  1.735827897268889E+03   9.1652204E-14   1.4626545E-15      0
  1.737372407643089E+03   8.8812956E-14   1.4541028E-15      0
  1.738916927054948E+03   8.8314427E-14   1.4213484E-15      0
  1.740461455504624E+03   8.8512524E-14   1.4332006E-15      0
  1.742005992992278E+03   8.9417148E-14   1.4096609E-15      0
  1.743550539518067E+03   8.5273470E-14   1.3714484E-15      0
  1.745095095082150E+03   8.2158991E-14   1.3587393E-15      0
  1.746639659684686E+03   8.4252876E-14   1.3560426E-15      0
  1.748184233325833E+03   8.3361662E-14   1.3305964E-15      0
  1.749728816005750E+03   8.3691016E-14   1.3526225E-15      0
  1.751273407724596E+03   8.2084940E-14   1.3104350E-15      0
  1.752818008482530E+03   7.9760519E-14   1.2994763E-15      0
  1.754362618279710E+03   8.2509771E-14   1.3077669E-15      0
  1.755907237116294E+03   8.9950610E-14   1.3512408E-15      0
  1.757451864992442E+03   9.1429665E-14   1.3753695E-15      0
  1.758996501908313E+03   9.4562636E-14   1.3816235E-15      0
  1.760541147864064E+03   9.8742988E-14   1.3960262E-15      0
  1.762085802859855E+03   1.0456799E-13   1.4466860E-15      0
  1.763630466895844E+03   9.6084307E-14   1.3883425E-15      0
  1.765175139972190E+03   9.3624442E-14   1.3420353E-15      0
  1.766719822089053E+03   9.0628012E-14   1.3296643E-15      0
  1.768264513246590E+03   8.5329469E-14   1.2752989E-15      0
  1.769809213444961E+03   8.1976438E-14   1.2510244E-15      0
  1.771353922684323E+03   7.8248375E-14   1.2190787E-15      0
  1.772898640964836E+03   7.8622100E-14   1.1976369E-15      0
  1.774443368286659E+03   7.3287628E-14   1.1792815E-15      0
  1.775988104649951E+03   7.5851523E-14   1.1716743E-15      0
  1.777532850054869E+03   8.5267222E-14   1.2523254E-15      0
  1.779077604501573E+03   8.6145046E-14   1.2706574E-15      0
  1.780622367990222E+03   8.9267074E-14   1.2510258E-15      0
  1.782167140520975E+03   9.1999223E-14   1.2912020E-15      0
  1.783711922093989E+03   9.4647861E-14   1.2907138E-15      0
  1.785256712709425E+03   9.7101465E-14   1.3131469E-15      0
  1.786801512367440E+03   9.6994983E-14   1.3069791E-15      0
  1.788346321068195E+03   9.9570112E-14   1.3158608E-15      0
  1.789891138811846E+03   9.8809476E-14   1.3009242E-15      0
  1.791435965598554E+03   9.5075532E-14   1.2940354E-15      0
  1.792980801428477E+03   9.1655158E-14   1.2425992E-15      0
  1.794525646301773E+03   9.2770226E-14   1.2526147E-15      0
  1.796070500218602E+03   8.8882040E-14   1.2126513E-15      0
  1.797615363179123E+03   9.1548961E-14   1.2492596E-15      0
  1.799160235183494E+03   1.0014266E-13   1.2835062E-15      0
  1.800705116231874E+03   1.0419847E-13   1.3179499E-15      0
  1.802250006324422E+03   1.1046494E-13   1.3505154E-15      0
  1.803794905461298E+03   1.0934457E-13   1.3135559E-15      0
  1.805339813642658E+03   1.0863968E-13   1.3361600E-15      0
  1.806884730868663E+03   1.0681573E-13   1.3027783E-15      0
  1.808429657139472E+03   1.0400177E-13   1.2939329E-15      0
  1.809974592455242E+03   1.0137941E-13   1.2680730E-15      0
  1.811519536816134E+03   9.7708185E-14   1.2282611E-15      0
  1.813064490222306E+03   9.6884808E-14   1.2462660E-15      0
  1.814609452673917E+03   9.3602894E-14   1.2043628E-15      0
  1.816154424171126E+03   9.0857084E-14   1.1733585E-15      0
  1.817699404714091E+03   9.4015094E-14   1.1998199E-15      0
  1.819244394302971E+03   9.7148065E-14   1.2085935E-15      0
  1.820789392937926E+03   9.7738759E-14   1.2029171E-15      0
  1.822334400619115E+03   9.3011888E-14   1.2039745E-15      0
  1.823879417346695E+03   9.1332886E-14   1.1536830E-15      0
  1.825424443120827E+03   8.8025710E-14   1.1323225E-15      0
  1.826969477941669E+03   8.7073645E-14   1.1226001E-15      0
  1.828514521809379E+03   8.8167781E-14   1.1295981E-15      0
  1.830059574724118E+03   9.1421743E-14   1.1455433E-15      0
  1.831604636686043E+03   9.2000572E-14   1.1430098E-15      0
  1.833149707695314E+03   9.1353804E-14   1.1341515E-15      0
  1.834694787752090E+03   9.1070787E-14   1.1449052E-15      0
  1.836239876856529E+03   9.3540789E-14   1.1463833E-15      0
  1.837784975008791E+03   9.7059025E-14   1.1631085E-15      0
  1.839330082209035E+03   9.3177148E-14   1.1226117E-15      0
  1.840875198457418E+03   9.1236568E-14   1.1328618E-15      0
  1.842420323754102E+03   9.1192394E-14   1.1137554E-15      0
  1.843965458099243E+03   8.7046561E-14   1.0865255E-15      0
  1.845510601493002E+03   8.1509364E-14   1.0513533E-15      0
  1.847055753935538E+03   7.8793166E-14   1.0089776E-15      0
  1.848600915427008E+03   7.4418268E-14   9.9564424E-16      0
  1.850146085967573E+03   6.6689811E-14   9.3300510E-16      0
  1.851691265557391E+03   6.1750511E-14   9.0004937E-16      0
  1.853236454196622E+03   5.6779410E-14   8.6032877E-16      0
  1.854781651885424E+03   4.8558647E-14   7.9035988E-16      0
  1.856326858623955E+03   4.3754696E-14   7.4472211E-16      0
  1.857872074412376E+03   4.1826440E-14   7.2872590E-16      0
  1.859417299250846E+03   3.8436912E-14   6.9044721E-16      0
  1.860962533139523E+03   3.8820858E-14   6.9901966E-16      0
  1.862507776078566E+03   4.6357812E-14   7.6604537E-16      0
  1.864053028068134E+03   5.1723247E-14   7.9487472E-16      0
  1.865598289108387E+03   4.8561968E-14   7.7737126E-16      0
  1.867143559199484E+03   4.8843203E-14   7.6804358E-16      0
  1.868688838341582E+03   5.3695136E-14   8.1047961E-16      0
  1.870234126534843E+03   6.5503280E-14   8.8959921E-16      0
  1.871779423779423E+03   7.5649502E-14   9.5310646E-16      0
  1.873324730075483E+03   7.8172325E-14   9.8433699E-16      0
  1.874870045423183E+03   7.8111427E-14   9.6326027E-16      0
  1.876415369822679E+03   7.9446330E-14   9.9250906E-16      0
  1.877960703274132E+03   8.5405133E-14   1.0119337E-15      0
  1.879506045777702E+03   8.7125152E-14   1.0178456E-15      0
  1.881051397333546E+03   8.5804207E-14   1.0154328E-15      0
  1.882596757941824E+03   8.4346938E-14   9.9168998E-16      0
  1.884142127602695E+03   7.6807105E-14   9.5278194E-16      0
  1.885687506316319E+03   7.3114163E-14   9.2306326E-16      0
  1.887232894082853E+03   6.7471148E-14   8.9037298E-16      0
  1.888778290902458E+03   6.3163999E-14   8.5438308E-16      0
  1.890323696775293E+03   5.8652485E-14   8.2446746E-16      0
  1.891869111701516E+03   5.5928423E-14   7.9803649E-16      0
  1.893414535681287E+03   5.4112104E-14   7.8399035E-16      0
  1.894959968714764E+03   5.3165033E-14   7.7724543E-16      0
  1.896505410802108E+03   5.0718574E-14   7.6362704E-16      0
  1.898050861943477E+03   4.7702446E-14   7.2749653E-16      0
  1.899596322139029E+03   4.9234495E-14   7.3761657E-16      0
  1.901141791388925E+03   5.5226169E-14   7.7990559E-16      0
  1.902687269693324E+03   6.3928965E-14   8.4308593E-16      0
  1.904232757052384E+03   7.2273750E-14   9.0768029E-16      0
  1.905778253466265E+03   7.2418098E-14   8.8425983E-16      0
  1.907323758935126E+03   7.2973440E-14   9.0378278E-16      0
  1.908869273459126E+03   7.2504435E-14   8.8477774E-16      0
  1.910414797038424E+03   7.1353269E-14   8.7386293E-16      0
  1.911960329673180E+03   6.8219004E-14   8.6625001E-16      0
  1.913505871363552E+03   6.6664278E-14   8.3383263E-16      0
  1.915051422109700E+03   6.6359380E-14   8.4139631E-16      0
  1.916596981911783E+03   6.1257755E-14   8.0279522E-16      0
  1.918142550769960E+03   5.1807984E-14   7.4532425E-16      0
  1.919688128684390E+03   4.7331944E-14   7.0147484E-16      0
  1.921233715655233E+03   5.1002710E-14   7.3051600E-16      0
  1.922779311682648E+03   5.5420607E-14   7.5630963E-16      0
  1.924324916766793E+03   5.6428254E-14   7.5581380E-16      0
  1.925870530907829E+03   5.4454173E-14   7.4336670E-16      0
  1.927416154105914E+03   5.0209270E-14   7.2030988E-16      0
  1.928961786361208E+03   4.5856910E-14   6.7947495E-16      0
  1.930507427673869E+03   4.5005164E-14   6.6873796E-16      0
  1.932053078044058E+03   4.7250520E-14   6.8589403E-16      0
  1.933598737471933E+03   5.2627583E-14   7.2464034E-16      0
  1.935144405957653E+03   5.7120927E-14   7.4833190E-16      0
  1.936690083501378E+03   6.3137287E-14   7.9546908E-16      0
  1.938235770103267E+03   6.9387658E-14   8.1309869E-16      0
  1.939781465763479E+03   7.0998573E-14   8.4956658E-16      0
  1.941327170482174E+03   6.6049291E-14   8.0670645E-16      0
  1.942872884259511E+03   6.1371169E-14   7.6753022E-16      0
  1.944418607095648E+03   6.2226259E-14   7.7067542E-16      0
  1.945964338990746E+03   6.4664006E-14   7.8587717E-16      0
  1.947510079944964E+03   6.6500902E-14   8.0907142E-16      0
  1.949055829958460E+03   6.4602315E-14   7.8045346E-16      0
  1.950601589031395E+03   6.5971859E-14   8.0682858E-16      0
  1.952147357163926E+03   6.9855322E-14   8.0845790E-16      0
  1.953693134356216E+03   6.6480872E-14   7.7924067E-16      0
  1.955238920608420E+03   6.0821648E-14   7.6620033E-16      0
  1.956784715920700E+03   5.5299027E-14   7.0920740E-16      0
  1.958330520293215E+03   5.5357222E-14   7.1944162E-16      0
  1.959876333726124E+03   5.7918446E-14   7.3612473E-16      0
  1.961422156219586E+03   6.1615155E-14   7.5626378E-16      0
  1.962967987773761E+03   6.3443025E-14   7.6639255E-16      0
  1.964513828388807E+03   6.2921443E-14   7.5979575E-16      0
  1.966059678064885E+03   6.5187629E-14   7.7011891E-16      0
  1.967605536802154E+03   6.9587158E-14   7.9472972E-16      0
  1.969151404600772E+03   7.4913417E-14   8.3199949E-16      0
  1.970697281460900E+03   7.8765363E-14   8.3344680E-16      0
  1.972243167382697E+03   9.0748305E-14   9.2101884E-16      0
  1.973789062366320E+03   9.5113492E-14   9.2850534E-16      0
  1.975334966411932E+03   9.5503439E-14   9.2740335E-16      0
  1.976880879519691E+03   9.4412982E-14   9.4410081E-16      0
  1.978426801689755E+03   8.8446171E-14   8.7419057E-16      0
  1.979972732922286E+03   8.4146286E-14   8.7574964E-16      0
  1.981518673217441E+03   8.0431369E-14   8.4021703E-16      0
  1.983064622575379E+03   7.8521696E-14   8.2835269E-16      0
  1.984610580996262E+03   7.5708869E-14   8.2096466E-16      0
  1.986156548480248E+03   7.1248048E-14   7.8047559E-16      0
  1.987702525027496E+03   6.3889717E-14   7.4530170E-16      0
  1.989248510638166E+03   5.9326140E-14   7.0982420E-16      0
  1.990794505312417E+03   5.8753607E-14   7.0800287E-16      0
  1.992340509050409E+03   5.8699166E-14   7.0498732E-16      0
  1.993886521852301E+03   5.6371825E-14   6.9275241E-16      0
  1.995432543718253E+03   5.4696201E-14   6.7430329E-16      0
  1.996978574648423E+03   5.3226205E-14   6.6664632E-16      0
  1.998524614642972E+03   5.2890685E-14   6.6346481E-16      0
  2.000070663702058E+03   5.5931134E-14   6.7363757E-16      0
  2.001616721825842E+03   6.0990736E-14   7.0622171E-16      0
  2.003162789014482E+03   7.0032867E-14   7.5597839E-16      0
  2.004708865268138E+03   7.1997787E-14   7.7648754E-16      0
  2.006254950586971E+03   7.2869519E-14   7.6143466E-16      0
  2.007801044971137E+03   7.3516754E-14   7.7861079E-16      0
  2.009347148420799E+03   7.8045927E-14   7.9120882E-16      0
  2.010893260936114E+03   8.2604788E-14   8.1720807E-16      0
  2.012439382517243E+03   8.5223393E-14   8.2914006E-16      0
  2.013985513164344E+03   8.7167056E-14   8.1793038E-16      0
  2.015531652877578E+03   8.9697963E-14   8.4899806E-16      0
  2.017077801657104E+03   9.4483869E-14   8.6008726E-16      0
  2.018623959503082E+03   9.4525414E-14   8.6686892E-16      0
  2.020170126415670E+03   9.6056843E-14   8.7203704E-16      0
  2.021716302395028E+03   9.8080832E-14   8.5875244E-16      0
  2.023262487441317E+03   9.8058626E-14   8.8051685E-16      0
  2.024808681554694E+03   9.8308765E-14   8.7427194E-16      0
  2.026354884735321E+03   9.6468772E-14   8.6323722E-16      0
  2.027901096983356E+03   9.3145665E-14   8.3921340E-16      0
  2.029447318298958E+03   9.0466161E-14   8.2329390E-16      0
  2.030993548682289E+03   9.0095154E-14   8.1981153E-16      0
  2.032539788133506E+03   8.6898635E-14   8.1271408E-16      0
  2.034086036652770E+03   8.7202008E-14   8.0951119E-16      0
  2.035632294240240E+03   8.8557823E-14   8.0907232E-16      0
  2.037178560896076E+03   8.8634036E-14   8.1543841E-16      0
  2.038724836620436E+03   8.3287462E-14   7.7728259E-16      0
  2.040271121413482E+03   8.0863017E-14   7.7317268E-16      0
  2.041817415275371E+03   7.5828951E-14   7.3751037E-16      0
  2.043363718206265E+03   7.5678687E-14   7.3495297E-16      0
  2.044910030206322E+03   7.6357445E-14   7.3975622E-16      0
  2.046456351275702E+03   7.8817432E-14   7.6594251E-16      0
  2.048002681414564E+03   7.9828986E-14   7.4884589E-16      0
  2.049549020623069E+03   8.0376603E-14   7.5104384E-16      0
  2.051095368901375E+03   7.9435685E-14   7.6476201E-16      0
  2.052641726249644E+03   7.9723500E-14   7.4262248E-16      0
  2.054188092668032E+03   7.8189469E-14   7.4896644E-16      0
  2.055734468156701E+03   7.5194977E-14   7.2336794E-16      0
  2.057280852715811E+03   7.4629423E-14   7.1093985E-16      0
  2.058827246345520E+03   7.1999691E-14   7.0717140E-16      0
  2.060373649045989E+03   6.7430274E-14   6.8737497E-16      0
  2.061920060817376E+03   6.0141270E-14   6.3596938E-16      0
  2.063466481659843E+03   5.4556240E-14   6.0923522E-16      0
  2.065012911573547E+03   5.2973867E-14   5.9655106E-16      0
  2.066559350558650E+03   5.3018432E-14   5.8971858E-16      0
  2.068105798615309E+03   5.4101092E-14   6.0371246E-16      0
  2.069652255743687E+03   5.9458725E-14   6.1823400E-16      0
  2.071198721943941E+03   6.1082663E-14   6.4221217E-16      0
  2.072745197216231E+03   5.9704012E-14   6.2565268E-16      0
  2.074291681560718E+03   6.0786344E-14   6.3554708E-16      0
  2.075838174977561E+03   6.9174131E-14   6.7964981E-16      0
  2.077384677466919E+03   7.7786756E-14   7.0636042E-16      0
  2.078931189028952E+03   7.7711851E-14   7.2220427E-16      0
  2.080477709663819E+03   7.2781787E-14   6.8030293E-16      0
  2.082024239371682E+03   6.7331882E-14   6.5900794E-16      0
  2.083570778152698E+03   6.0951644E-14   6.3245547E-16      0
  2.085117326007029E+03   6.1687282E-14   6.2658987E-16      0
  2.086663882934834E+03   6.9469055E-14   6.7596686E-16      0
  2.088210448936271E+03   7.3649196E-14   6.8341403E-16      0
  2.089757024011501E+03   7.0020216E-14   6.6767515E-16      0
  2.091303608160685E+03   6.7056569E-14   6.4786088E-16      0
  2.092850201383981E+03   6.7482051E-14   6.4591000E-16      0
  2.094396803681549E+03   6.7148910E-14   6.5477198E-16      0
  2.095943415053548E+03   6.7503166E-14   6.3971465E-16      0
  2.097490035500140E+03   7.1259703E-14   6.6421449E-16      0
  2.099036665021482E+03   7.4526607E-14   6.7659388E-16      0
  2.100583303617736E+03   7.4728709E-14   6.7101246E-16      0
  2.102129951289061E+03   6.8991884E-14   6.5680343E-16      0
  2.103676608035616E+03   7.0809346E-14   6.4999609E-16      0
  2.105223273857562E+03   7.6326112E-14   6.8172171E-16      0
  2.106769948755057E+03   8.1160691E-14   6.9999332E-16      0
  2.108316632728262E+03   8.1417390E-14   6.9856078E-16      0
  2.109863325777338E+03   8.4494125E-14   7.1993984E-16      0
  2.111410027902442E+03   8.5822944E-14   7.0774071E-16      0
  2.112956739103736E+03   9.1338151E-14   7.4436361E-16      0
  2.114503459381379E+03   9.5410354E-14   7.5714999E-16      0
  2.116050188735530E+03   1.0042693E-13   7.7627944E-16      0
  2.117596927166350E+03   1.0068629E-13   7.8577674E-16      0
  2.119143674673998E+03   9.5361619E-14   7.5200702E-16      0
  2.120690431258634E+03   9.5051896E-14   7.4150111E-16      0
  2.122237196920419E+03   9.8139087E-14   7.5478693E-16      0
  2.123783971659511E+03   9.9712691E-14   7.7181420E-16      0
  2.125330755476071E+03   1.0196886E-13   7.7275869E-16      0
  2.126877548370258E+03   1.0720559E-13   7.9153217E-16      0
  2.128424350342232E+03   1.0662915E-13   7.9122163E-16      0
  2.129971161392153E+03   1.1021883E-13   8.2954278E-16      0
  2.131517981520181E+03   1.1034230E-13   7.9810732E-16      0
  2.133064810726476E+03   1.1147936E-13   8.1626781E-16      0
  2.134611649011197E+03   1.1016249E-13   8.0211818E-16      0
  2.136158496374505E+03   1.0961613E-13   7.9348061E-16      0
  2.137705352816559E+03   1.0596337E-13   7.9551688E-16      0
  2.139252218337519E+03   1.0315950E-13   7.6696197E-16      0
  2.140799092937545E+03   1.0200970E-13   7.6712486E-16      0
  2.142345976616797E+03   9.9878154E-14   7.5619322E-16      0
  2.143892869375434E+03   1.0058513E-13   7.5215414E-16      0
  2.145439771213617E+03   9.9957016E-14   7.6321528E-16      0
  2.146986682131506E+03   9.8524325E-14   7.4172341E-16      0
  2.148533602129260E+03   9.6900129E-14   7.4492392E-16      0
  2.150080531207039E+03   9.5496256E-14   7.3949714E-16      0
  2.151627469365003E+03   9.8819471E-14   7.4592675E-16      0
  2.153174416603313E+03   1.0163753E-13   7.5633547E-16      0
  2.154721372922127E+03   1.0459765E-13   7.6060133E-16      0
  2.156268338321606E+03   1.0537669E-13   7.7042003E-16      0
  2.157815312801909E+03   1.0583939E-13   7.6939719E-16      0
  2.159362296363198E+03   1.0754932E-13   7.8242752E-16      0
  2.160909289005631E+03   1.0749781E-13   7.7803825E-16      0
  2.162456290729368E+03   1.0679988E-13   7.7070231E-16      0
  2.164003301534570E+03   1.0604474E-13   7.5828639E-16      0
  2.165550321421397E+03   1.0523030E-13   7.6693640E-16      0
  2.167097350390007E+03   1.0639123E-13   7.6430186E-16      0
  2.168644388440562E+03   1.0630137E-13   7.5656485E-16      0
  2.170191435573221E+03   1.0468566E-13   7.6598651E-16      0
  2.171738491788145E+03   1.0237029E-13   7.3700840E-16      0
  2.173285557085492E+03   1.0229168E-13   7.4093582E-16      0
  2.174832631465424E+03   1.0062364E-13   7.3795437E-16      0
  2.176379714928099E+03   1.0141805E-13   7.3050461E-16      0
  2.177926807473679E+03   9.9260410E-14   7.2347493E-16      0
  2.179473909102323E+03   1.0157036E-13   7.3766199E-16      0
  2.181021019814190E+03   1.0088458E-13   7.2258226E-16      0
  2.182568139609442E+03   1.0572600E-13   7.5589464E-16      0
  2.184115268488237E+03   1.0502440E-13   7.4489067E-16      0
  2.185662406450737E+03   1.0592166E-13   7.4638886E-16      0
  2.187209553497100E+03   1.0581579E-13   7.5425023E-16      0
  2.188756709627488E+03   1.0760115E-13   7.5228887E-16      0
  2.190303874842059E+03   1.0830560E-13   7.5640286E-16      0
  2.191851049140975E+03   1.0908308E-13   7.6378501E-16      0
  2.193398232524395E+03   1.1062556E-13   7.6092326E-16      0
  2.194945424992479E+03   1.1018767E-13   7.6271029E-16      0
  2.196492626545386E+03   1.1054222E-13   7.5741067E-16      0
  2.198039837183278E+03   1.1020342E-13   7.5908605E-16      0
  2.199587056906314E+03   1.1176443E-13   7.6654544E-16      0
  2.201134285714655E+03   1.1222731E-13   7.6393970E-16      0
  2.202681523608459E+03   1.0842718E-13   7.5831906E-16      0
  2.204228770587888E+03   1.0881491E-13   7.4652227E-16      0
  2.205776026653101E+03   1.1004012E-13   7.6320411E-16      0
  2.207323291804259E+03   1.0886452E-13   7.4700296E-16      0
  2.208870566041521E+03   1.0809355E-13   7.5092144E-16      0
  2.210417849365048E+03   1.0975008E-13   7.4513218E-16      0
  2.211965141774999E+03   1.0790570E-13   7.3731608E-16      0
  2.213512443271535E+03   1.0733685E-13   7.4030748E-16      0
  2.215059753854816E+03   1.0731449E-13   7.3410307E-16      0
  2.216607073525002E+03   1.0838206E-13   7.4474022E-16      0
  2.218154402282253E+03   1.0527221E-13   7.2989978E-16      0
  2.219701740126729E+03   1.0517500E-13   7.2401973E-16      0
  2.221249087058591E+03   1.0660503E-13   7.2782550E-16      0
  2.222796443077997E+03   1.0608635E-13   7.3466587E-16      0
  2.224343808185109E+03   1.0559761E-13   7.1652672E-16      0
  2.225891182380086E+03   1.0497949E-13   7.1784174E-16      0
  2.227438565663089E+03   1.0507737E-13   7.1509735E-16      0
  2.228985958034279E+03   1.0531611E-13   7.2769294E-16      0
  2.230533359493814E+03   1.0397232E-13   7.0987719E-16      0
  2.232080770041855E+03   1.0286702E-13   7.0679235E-16      0
  2.233628189678562E+03   1.0309851E-13   7.1049754E-16      0
  2.235175618404096E+03   1.0647775E-13   7.2552327E-16      0
  2.236723056218616E+03   1.0698483E-13   7.1938783E-16      0
  2.238270503122283E+03   1.0280701E-13   7.0773028E-16      0
  2.239817959115257E+03   1.0447670E-13   7.0693507E-16      0
  2.241365424197697E+03   1.0401666E-13   7.0103814E-16      0
  2.242912898369766E+03   1.0486651E-13   7.1420246E-16      0
  2.244460381631621E+03   1.0718986E-13   7.1697961E-16      0
  2.246007873983424E+03   1.0656527E-13   7.1338571E-16      0
  2.247555375425335E+03   1.0680495E-13   7.1674059E-16      0
  2.249102885957513E+03   1.0601225E-13   7.1438192E-16      0
  2.250650405580120E+03   1.0533076E-13   7.0341359E-16      0
  2.252197934293315E+03   1.0625431E-13   7.1128009E-16      0
  2.253745472097258E+03   1.0852044E-13   7.1658950E-16      0
  2.255293018992110E+03   1.0548634E-13   7.0170814E-16      0
  2.256840574978031E+03   1.0199772E-13   6.9813297E-16      0
  2.258388140055181E+03   1.0321432E-13   6.9952089E-16      0
  2.259935714223721E+03   1.0216671E-13   6.8532049E-16      0
  2.261483297483811E+03   1.0055496E-13   6.9271890E-16      0
  2.263030889835610E+03   1.0218427E-13   6.8501863E-16      0
  2.264578491279280E+03   1.0355533E-13   6.9648650E-16      0
  2.266126101814979E+03   1.0461633E-13   7.0677350E-16      0
  2.267673721442869E+03   1.0296190E-13   6.7253521E-16      0
  2.269221350163110E+03   1.0482761E-13   7.0261664E-16      0
  2.270768987975862E+03   1.0733836E-13   7.0441880E-16      0
  2.272316634881285E+03   1.0655959E-13   7.0341327E-16      0
  2.273864290879540E+03   1.0637303E-13   7.0907505E-16      0
  2.275411955970787E+03   1.0735126E-13   7.0297027E-16      0
  2.276959630155186E+03   1.0488549E-13   6.9273467E-16      0
  2.278507313432898E+03   1.0526336E-13   6.9799019E-16      0
  2.280055005804082E+03   1.0307181E-13   6.7769799E-16      0
  2.281602707268899E+03   1.0197078E-13   6.8589652E-16      0
  2.283150417827510E+03   1.0297832E-13   6.8578133E-16      0
  2.284698137480073E+03   1.0370602E-13   6.9062535E-16      0
  2.286245866226751E+03   1.0285188E-13   6.8443354E-16      0
  2.287793604067703E+03   1.0136676E-13   6.7933562E-16      0
  2.289341351003090E+03   1.0005661E-13   6.6998676E-16      0
  2.290889107033071E+03   9.7277133E-14   6.6250756E-16      0
  2.292436872157808E+03   9.3500240E-14   6.4576828E-16      0
  2.293984646377461E+03   9.1415529E-14   6.3954709E-16      0
  2.295532429692188E+03   8.7258746E-14   6.2580017E-16      0
  2.297080222102152E+03   8.2623585E-14   6.0493161E-16      0
  2.298628023607513E+03   7.7080066E-14   5.7354909E-16      0
  2.300175834208430E+03   7.2146634E-14   5.6561366E-16      0
  2.301723653905065E+03   6.8897233E-14   5.4348673E-16      0
  2.303271482697577E+03   7.1493850E-14   5.5597326E-16      0
  2.304819320585952E+03   8.8489132E-14   6.2387592E-16      0
  2.306367167570715E+03   1.0927742E-13   6.9781957E-16      0
  2.307915023651836E+03   1.1360711E-13   7.2169589E-16      0
  2.309462888829475E+03   1.1627908E-13   7.2230306E-16      0
  2.311010763103792E+03   1.1646687E-13   7.2391226E-16      0
  2.312558646474949E+03   1.1529365E-13   7.2377753E-16      0
  2.314106538943104E+03   1.1301057E-13   7.0844957E-16      0
  2.315654440508420E+03   1.1281324E-13   7.0762948E-16      0
  2.317202351171055E+03   1.1301217E-13   7.2161802E-16      0
  2.318750270931172E+03   1.1176337E-13   6.9677158E-16      0
  2.320298199788929E+03   1.1006675E-13   6.9916116E-16      0
  2.321846137744488E+03   1.1075152E-13   7.0388374E-16      0
  2.323394084798010E+03   1.0893849E-13   6.9230073E-16      0
  2.324942040949653E+03   1.0952625E-13   7.0190005E-16      0
  2.326490006199580E+03   1.0983847E-13   6.8934882E-16      0
  2.328037980547950E+03   1.1041069E-13   7.0962319E-16      0
  2.329585963994923E+03   1.0993706E-13   6.8113043E-16      0
  2.331133956540661E+03   1.1033038E-13   7.0574399E-16      0
  2.332681958185324E+03   1.1288966E-13   7.0136557E-16      0
  2.334229968929072E+03   1.1159318E-13   7.0309547E-16      0
  2.335777988772066E+03   1.1074889E-13   6.9269576E-16      0
  2.337326017714466E+03   1.1100794E-13   6.9268094E-16      0
  2.338874055756433E+03   1.1114457E-13   7.0575039E-16      0
  2.340422102898126E+03   1.0998766E-13   6.9385382E-16      0
  2.341970159139708E+03   1.0917467E-13   6.8485541E-16      0
  2.343518224481338E+03   1.0261841E-13   6.6922665E-16      0
  2.345066298923176E+03   9.0993090E-14   6.2067234E-16      0
  2.346614382465385E+03   9.6310851E-14   6.3626950E-16      0
  2.348162475108122E+03   1.0536938E-13   6.8525982E-16      0
  2.349710576851550E+03   1.0613160E-13   6.7272040E-16      0
  2.351258687695828E+03   9.7344774E-14   6.4519204E-16      0
  2.352806807641118E+03   8.9055879E-14   6.0996865E-16      0
  2.354354936687580E+03   1.0365312E-13   6.5957513E-16      0
  2.355903074835373E+03   1.1110685E-13   6.9650640E-16      0
  2.357451222084660E+03   1.1224477E-13   6.9638030E-16      0
  2.358999378435600E+03   1.1432821E-13   7.0256073E-16      0
  2.360547543888354E+03   1.1423653E-13   7.0646264E-16      0
  2.362095718443083E+03   1.1436548E-13   7.0240657E-16      0
  2.363643902099946E+03   1.1394152E-13   6.9450561E-16      0
  2.365192094859106E+03   1.1566095E-13   7.0846625E-16      0
  2.366740296720720E+03   1.1340248E-13   6.8892969E-16      0
  2.368288507684952E+03   1.1455154E-13   7.0903275E-16      0
  2.369836727751962E+03   1.1358799E-13   6.9604228E-16      0
  2.371384956921909E+03   1.1293738E-13   7.0783701E-16      0
  2.372933195194954E+03   1.0931387E-13   6.7865243E-16      0
  2.374481442571258E+03   1.0563828E-13   6.5671301E-16      0
  2.376029699050983E+03   9.8980787E-14   6.4750301E-16      0
  2.377577964634287E+03   1.0393436E-13   6.5625715E-16      0
  2.379126239321331E+03   1.0574353E-13   6.6461503E-16      0
  2.380674523112277E+03   1.0120719E-13   6.6627903E-16      0
  2.382222816007286E+03   8.6467082E-14   5.9026227E-16      0
  2.383771118006516E+03   7.4180462E-14   5.5479546E-16      0
  2.385319429110129E+03   8.8861562E-14   5.9826059E-16      0
  2.386867749318287E+03   1.0568046E-13   6.7175901E-16      0
  2.388416078631148E+03   1.0463815E-13   6.6502431E-16      0
  2.389964417048875E+03   9.5236908E-14   6.2675033E-16      0
  2.391512764571627E+03   8.4967054E-14   5.8848636E-16      0
  2.393061121199565E+03   1.0052072E-13   6.4100674E-16      0
  2.394609486932850E+03   1.1016094E-13   6.8122455E-16      0
  2.396157861771642E+03   1.1412743E-13   6.8994402E-16      0
  2.397706245716102E+03   1.1718306E-13   7.0226755E-16      0
  2.399254638766392E+03   1.1699998E-13   7.0849976E-16      0
  2.400803040922670E+03   1.1831660E-13   7.0342301E-16      0
  2.402351452185098E+03   1.2008638E-13   7.1686659E-16      0
  2.403899872553837E+03   1.1960304E-13   7.0214606E-16      0
  2.405448302029047E+03   1.2013151E-13   7.1450956E-16      0
  2.406996740610890E+03   1.1898188E-13   7.1095785E-16      0
  2.408545188299524E+03   1.1912563E-13   7.0006283E-16      0
  2.410093645095112E+03   1.1869566E-13   7.1133848E-16      0
  2.411642110997813E+03   1.1913222E-13   7.0484020E-16      0
  2.413190586007790E+03   1.2071628E-13   7.1322408E-16      0
  2.414739070125201E+03   1.2008438E-13   7.1683858E-16      0
  2.416287563350209E+03   1.2255415E-13   7.2191686E-16      0
  2.417836065682972E+03   1.2190094E-13   7.1632952E-16      0
  2.419384577123653E+03   1.2142018E-13   7.1151668E-16      0
  2.420933097672413E+03   1.2228330E-13   7.2289524E-16      0
  2.422481627329410E+03   1.2010433E-13   7.1975561E-16      0
  2.424030166094808E+03   1.2081694E-13   7.0815538E-16      0
  2.425578713968765E+03   1.2128882E-13   7.1850263E-16      0
  2.427127270951442E+03   1.2535104E-13   7.3433198E-16      0
  2.428675837043002E+03   1.2653870E-13   7.3056502E-16      0
  2.430224412243604E+03   1.2684406E-13   7.4611882E-16      0
  2.431772996553408E+03   1.2721021E-13   7.3656265E-16      0
  2.433321589972576E+03   1.2696741E-13   7.4397074E-16      0
  2.434870192501268E+03   1.2393459E-13   7.1686908E-16      0
  2.436418804139645E+03   1.2470993E-13   7.2307513E-16      0
  2.437967424887868E+03   1.2393664E-13   7.2422106E-16      0
  2.439516054746098E+03   1.2450693E-13   7.2400215E-16      0
  2.441064693714494E+03   1.2353680E-13   7.1433200E-16      0
  2.442613341793220E+03   1.2564383E-13   7.2418141E-16      0
  2.444161998982433E+03   1.2260993E-13   7.1844689E-16      0
  2.445710665282295E+03   1.2498445E-13   7.3102427E-16      0
  2.447259340692969E+03   1.2625861E-13   7.2984033E-16      0
  2.448808025214807E+03   1.2569740E-13   7.2247601E-16      0
  2.450356718847599E+03   1.2825380E-13   7.3488155E-16      0
  2.451905421591685E+03   1.2730188E-13   7.2194672E-16      0
  2.453454133447226E+03   1.2650831E-13   7.2841387E-16      0
  2.455002854414382E+03   1.2633898E-13   7.3046650E-16      0
  2.456551584493314E+03   1.2480654E-13   7.1994894E-16      0
  2.458100323684183E+03   1.2678469E-13   7.3154985E-16      0
  2.459649071987150E+03   1.2788943E-13   7.3377077E-16      0
  2.461197829402375E+03   1.2500762E-13   7.1835742E-16      0
  2.462746595930019E+03   1.2343369E-13   7.1687712E-16      0
  2.464295371570244E+03   1.2564423E-13   7.1465790E-16      0
  2.465844156323210E+03   1.2507409E-13   7.1250887E-16      0
  2.467392950189078E+03   1.2456964E-13   7.2274733E-16      0
  2.468941753168008E+03   1.2428474E-13   7.1153610E-16      0
  2.470490565260162E+03   1.2573739E-13   7.2112716E-16      0
  2.472039386465701E+03   1.2577439E-13   7.2731913E-16      0
  2.473588216784785E+03   1.2490704E-13   7.1274281E-16      0
  2.475137056217576E+03   1.2486862E-13   7.1370901E-16      0
  2.476685904764233E+03   1.2382935E-13   7.2339869E-16      0
  2.478234762424919E+03   1.2288559E-13   6.9171702E-16      0
  2.479783629199793E+03   1.2246064E-13   7.0723101E-16      0
  2.481332505089018E+03   1.2379179E-13   7.1463169E-16      0
  2.482881390092753E+03   1.2446810E-13   7.1233364E-16      0
  2.484430284211160E+03   1.2144804E-13   7.0795755E-16      0
  2.485979187444399E+03   1.2322337E-13   7.1143663E-16      0
  2.487528099792632E+03   1.2251907E-13   7.0647371E-16      0
  2.489077021256019E+03   1.2020573E-13   6.9666538E-16      0
  2.490625951834721E+03   1.2203529E-13   7.0324185E-16      0
  2.492174891528900E+03   1.2095945E-13   7.0007617E-16      0
  2.493723840338716E+03   1.2050925E-13   6.9702209E-16      0
  2.495272798264331E+03   1.2064514E-13   7.0283983E-16      0
  2.496821765305904E+03   1.2115466E-13   6.9706301E-16      0
  2.498370741463597E+03   1.2198627E-13   7.1034263E-16      0
  2.499919726737572E+03   1.2135604E-13   7.0155996E-16      0
  2.501468721127987E+03   1.2090494E-13   6.9182591E-16      0
  2.503017724635007E+03   1.2099264E-13   7.1144616E-16      0
  2.504566737258790E+03   1.2041111E-13   6.9403910E-16      0
  2.506115758999498E+03   1.1939074E-13   6.9772523E-16      0
  2.507664789857291E+03   1.2103216E-13   6.9821566E-16      0
  2.509213829832332E+03   1.2021247E-13   6.9237823E-16      0
  2.510762878924780E+03   1.2060738E-13   7.0502131E-16      0
  2.512311937134798E+03   1.2081304E-13   6.9432662E-16      0
  2.513861004462544E+03   1.2138351E-13   7.1268733E-16      0
  2.515410080908181E+03   1.1829447E-13   6.9529848E-16      0
  2.516959166471871E+03   1.1720997E-13   6.6826299E-16      0
  2.518508261153774E+03   1.1663020E-13   6.8908301E-16      0
  2.520057364954050E+03   1.1574196E-13   6.7755087E-16      0
  2.521606477872861E+03   1.1612693E-13   6.8336374E-16      0
  2.523155599910368E+03   1.1674372E-13   6.8055656E-16      0
  2.524704731066731E+03   1.1687437E-13   6.7544138E-16      0
  2.526253871342113E+03   1.1711983E-13   6.8717999E-16      0
  2.527803020736674E+03   1.1750163E-13   6.7562784E-16      0
  2.529352179250574E+03   1.1665259E-13   6.7854528E-16      0
  2.530901346883977E+03   1.1790339E-13   6.9056013E-16      0
  2.532450523637041E+03   1.1582703E-13   6.7580645E-16      0
  2.533999709509928E+03   1.1458259E-13   6.7483867E-16      0
  2.535548904502799E+03   1.1449550E-13   6.7120029E-16      0
  2.537098108615816E+03   1.1371293E-13   6.6187499E-16      0
  2.538647321849139E+03   1.1446418E-13   6.8644535E-16      0
  2.540196544202930E+03   1.1220599E-13   6.5108755E-16      0
  2.541745775677349E+03   1.0886166E-13   6.5525622E-16      0
  2.543295016272558E+03   1.0449933E-13   6.3723898E-16      0
  2.544844265988717E+03   9.9674704E-14   6.1671172E-16      0
  2.546393524825989E+03   9.6001596E-14   6.1167854E-16      0
  2.547942792784534E+03   9.5226337E-14   5.8973732E-16      0
  2.549492069864511E+03   9.9914800E-14   6.2906453E-16      0
  2.551041356066085E+03   1.1331184E-13   6.6259385E-16      0
  2.552590651389415E+03   1.1917915E-13   6.7544138E-16      0
  2.554139955834662E+03   1.1149395E-13   6.6285294E-16      0
  2.555689269401988E+03   1.1094364E-13   6.4600656E-16      0
  2.557238592091554E+03   1.1924625E-13   6.8039377E-16      0
  2.558787923903520E+03   1.2270942E-13   7.0286958E-16      0
  2.560337264838048E+03   1.2059926E-13   6.8066504E-16      0
  2.561886614895299E+03   1.2017613E-13   6.8980219E-16      0
  2.563435974075434E+03   1.2187838E-13   6.9259571E-16      0
  2.564985342378615E+03   1.2092219E-13   6.8059309E-16      0
  2.566534719805003E+03   1.2017914E-13   6.9291001E-16      0
  2.568084106354758E+03   1.2034080E-13   6.8384485E-16      0
  2.569633502028042E+03   1.2090628E-13   6.9597796E-16      0
  2.571182906825015E+03   1.2134792E-13   6.9029575E-16      0
  2.572732320745841E+03   1.2004621E-13   6.8675541E-16      0
  2.574281743790678E+03   1.2237821E-13   6.8593665E-16      0
  2.575831175959690E+03   1.2132655E-13   6.9499043E-16      0
  2.577380617253036E+03   1.1780388E-13   6.6870228E-16      0
  2.578930067670877E+03   1.1707954E-13   6.8219684E-16      0
  2.580479527213377E+03   1.1959396E-13   6.8748254E-16      0
  2.582028995880694E+03   1.1907352E-13   6.9236992E-16      0
  2.583578473672991E+03   1.1407990E-13   6.5620887E-16      0
  2.585127960590429E+03   1.0819346E-13   6.4584462E-16      0
  2.586677456633169E+03   9.9484616E-14   6.1476915E-16      0
  2.588226961801372E+03   9.6572523E-14   6.0533427E-16      0
  2.589776476095200E+03   1.1048029E-13   6.5654561E-16      0
  2.591325999514813E+03   1.1607276E-13   6.8040388E-16      0
  2.592875532060373E+03   1.1317201E-13   6.5991829E-16      0
  2.594425073732042E+03   1.0432984E-13   6.3442990E-16      0
  2.595974624529980E+03   9.2161162E-14   5.8268212E-16      0
  2.597524184454348E+03   1.0494632E-13   6.3811693E-16      0
  2.599073753505309E+03   1.0744828E-13   6.5270432E-16      0
  2.600623331683023E+03   9.1845151E-14   5.9000249E-16      0
  2.602172918987651E+03   8.7314453E-14   5.6692291E-16      0
  2.603722515419355E+03   1.0404078E-13   6.3990068E-16      0
  2.605272120978296E+03   1.1338231E-13   6.7316906E-16      0
  2.606821735664636E+03   1.0901557E-13   6.4597538E-16      0
  2.608371359478534E+03   9.2300658E-14   5.9208148E-16      0
  2.609920992420155E+03   9.3208915E-14   6.0413529E-16      0
  2.611470634489657E+03   1.1304843E-13   6.6378383E-16      0
  2.613020285687203E+03   1.2062511E-13   6.9521849E-16      0
  2.614569946012953E+03   1.1824961E-13   6.8903912E-16      0
  2.616119615467070E+03   1.1916661E-13   6.7439847E-16      0
  2.617669294049714E+03   1.2680619E-13   7.0855587E-16      0
  2.619218981761047E+03   1.2768615E-13   7.1579795E-16      0
  2.620768678601230E+03   1.2757784E-13   7.1617906E-16      0
  2.622318384570424E+03   1.2702656E-13   7.0755611E-16      0
  2.623868099668791E+03   1.2875298E-13   7.1949414E-16      0
  2.625417823896492E+03   1.2849567E-13   7.1651518E-16      0
  2.626967557253688E+03   1.2839453E-13   7.1321106E-16      0
  2.628517299740542E+03   1.3027529E-13   7.2428813E-16      0
  2.630067051357214E+03   1.2885861E-13   7.1411569E-16      0
  2.631616812103865E+03   1.3001129E-13   7.2093870E-16      0
  2.633166581980656E+03   1.3044500E-13   7.1716178E-16      0
  2.634716360987750E+03   1.2968877E-13   7.2052085E-16      0
  2.636266149125308E+03   1.3165825E-13   7.2862642E-16      0
  2.637815946393490E+03   1.3251699E-13   7.3151793E-16      0
  2.639365752792459E+03   1.3128875E-13   7.2167535E-16      0
  2.640915568322376E+03   1.3239519E-13   7.3237449E-16      0
  2.642465392983402E+03   1.3216075E-13   7.2476628E-16      0
  2.644015226775698E+03   1.3191909E-13   7.3793044E-16      0
  2.645565069699427E+03   1.3095854E-13   7.2003301E-16      0
  2.647114921754748E+03   1.2963564E-13   7.1443635E-16      0
  2.648664782941825E+03   1.3041892E-13   7.2138101E-16      0
  2.650214653260817E+03   1.2961229E-13   7.2074791E-16      0
  2.651764532711887E+03   1.2928074E-13   7.0928755E-16      0
  2.653314421295196E+03   1.3123950E-13   7.2319287E-16      0
  2.654864319010906E+03   1.2981323E-13   7.3006151E-16      0
  2.656414225859177E+03   1.3179670E-13   7.2890414E-16      0
  2.657964141840172E+03   1.3065933E-13   7.3070843E-16      0
  2.659514066954051E+03   1.3056211E-13   7.1655906E-16      0
  2.661064001200977E+03   1.2938271E-13   7.1668580E-16      0
  2.662613944581110E+03   1.3168192E-13   7.2786727E-16      0
  2.664163897094612E+03   1.3015491E-13   7.1946142E-16      0
  2.665713858741646E+03   1.3162918E-13   7.4553696E-16      0
  2.667263829522371E+03   1.2857543E-13   7.0911613E-16      0
  2.668813809436949E+03   1.3031830E-13   7.3171052E-16      0
  2.670363798485542E+03   1.2931076E-13   7.2034001E-16      0
  2.671913796668312E+03   1.2899337E-13   7.1046275E-16      0
  2.673463803985420E+03   1.2918873E-13   7.1987636E-16      0
  2.675013820437028E+03   1.3014293E-13   7.1867066E-16      0
  2.676563846023295E+03   1.2954465E-13   7.1941965E-16      0
  2.678113880744387E+03   1.3097521E-13   7.4284985E-16      0
  2.679663924600462E+03   1.2903894E-13   7.1562733E-16      0
  2.681213977591681E+03   1.3025253E-13   7.3885900E-16      0
  2.682764039718209E+03   1.3016117E-13   7.2511404E-16      0
  2.684314110980204E+03   1.2950216E-13   7.3152709E-16      0
  2.685864191377830E+03   1.2937101E-13   7.2828719E-16      0
  2.687414280911247E+03   1.2762867E-13   7.3145324E-16      0
  2.688964379580617E+03   1.2755172E-13   7.1236408E-16      0
  2.690514487386102E+03   1.2880254E-13   7.1765560E-16      0
  2.692064604327863E+03   1.2822970E-13   7.3314010E-16      0
  2.693614730406062E+03   1.2807856E-13   7.1633984E-16      0
  2.695164865620860E+03   1.2773399E-13   7.2137339E-16      0
  2.696715009972419E+03   1.2813591E-13   7.3224182E-16      0
  2.698265163460901E+03   1.2612116E-13   7.1009816E-16      0
  2.699815326086466E+03   1.2891577E-13   7.3292898E-16      0
  2.701365497849277E+03   1.2752234E-13   7.1552690E-16      0
  2.702915678749494E+03   1.2776085E-13   7.2400099E-16      0
  2.704465868787281E+03   1.2673074E-13   7.2347069E-16      0
  2.706016067962798E+03   1.2600992E-13   7.1262862E-16      0
  2.707566276276207E+03   1.2736126E-13   7.1968843E-16      0
  2.709116493727669E+03   1.2703559E-13   7.1961240E-16      0
  2.710666720317346E+03   1.2667116E-13   7.1442173E-16      0
  2.712216956045400E+03   1.2843471E-13   7.2784906E-16      0
  2.713767200911992E+03   1.2701788E-13   7.3495461E-16      0
  2.715317454917285E+03   1.2683370E-13   7.1699618E-16      0
  2.716867718061438E+03   1.2630799E-13   7.1580647E-16      0
  2.718417990344615E+03   1.2510216E-13   7.1634900E-16      0
  2.719968271766976E+03   1.2693867E-13   7.1922033E-16      0
  2.721518562328684E+03   1.2544387E-13   7.1753347E-16      0
  2.723068862029901E+03   1.2868400E-13   7.2296268E-16      0
  2.724619170870786E+03   1.2548702E-13   7.1548137E-16      0
  2.726169488851503E+03   1.2627895E-13   7.2204471E-16      0
  2.727719815972212E+03   1.2365185E-13   7.0562906E-16      0
  2.729270152233078E+03   1.2449524E-13   7.2510801E-16      0
  2.730820497634259E+03   1.2706696E-13   7.2164571E-16      0
  2.732370852175918E+03   1.2423801E-13   7.1740043E-16      0
  2.733921215858216E+03   1.2493512E-13   7.1507887E-16      0
  2.735471588681316E+03   1.2430471E-13   7.1882742E-16      0
  2.737021970645379E+03   1.2480300E-13   7.2140568E-16      0
  2.738572361750566E+03   1.2619974E-13   7.1584364E-16      0
  2.740122761997040E+03   1.2394201E-13   7.1608388E-16      0
  2.741673171384962E+03   1.2404985E-13   7.2153453E-16      0
  2.743223589914494E+03   1.2305180E-13   7.1785248E-16      0
  2.744774017585798E+03   1.2198810E-13   7.1726538E-16      0
  2.746324454399034E+03   1.2208854E-13   7.1075985E-16      0
  2.747874900354365E+03   1.2313132E-13   7.1964687E-16      0
  2.749425355451953E+03   1.2246298E-13   7.2223016E-16      0
  2.750975819691960E+03   1.2214928E-13   7.0321872E-16      0
  2.752526293074546E+03   1.2141712E-13   7.1731631E-16      0
  2.754076775599875E+03   1.2194285E-13   7.1680528E-16      0
  2.755627267268107E+03   1.2323649E-13   7.2456739E-16      0
  2.757177768079404E+03   1.2116121E-13   7.1510280E-16      0
  2.758728278033928E+03   1.2206332E-13   7.1185787E-16      0
  2.760278797131842E+03   1.2337618E-13   7.2854574E-16      0
  2.761829325373305E+03   1.2159844E-13   7.2345444E-16      0
  2.763379862758481E+03   1.2166997E-13   7.0528336E-16      0
  2.764930409287531E+03   1.2395236E-13   7.4552182E-16      0
  2.766480964960617E+03   1.2086557E-13   7.0423648E-16      0
  2.768031529777901E+03   1.2078332E-13   7.1303615E-16      0
  2.769582103739544E+03   1.1839657E-13   7.1814413E-16      0
  2.771132686845708E+03   1.1895386E-13   6.9956086E-16      0
  2.772683279096555E+03   1.1970843E-13   7.1140476E-16      0
  2.774233880492247E+03   1.2110668E-13   7.2071117E-16      0
  2.775784491032946E+03   1.1848271E-13   6.9163120E-16      0
  2.777335110718813E+03   1.2034402E-13   7.2832012E-16      0
  2.778885739550010E+03   1.2109758E-13   7.1517305E-16      0
  2.780436377526699E+03   1.2216015E-13   7.3134032E-16      0
  2.781987024649043E+03   1.2166678E-13   7.2252350E-16      0
  2.783537680917201E+03   1.2137901E-13   7.3887907E-16      0
  2.785088346331338E+03   1.1929195E-13   7.1595031E-16      0
  2.786639020891613E+03   1.1920402E-13   7.2046828E-16      0
  2.788189704598190E+03   1.1799309E-13   7.1579350E-16      0
  2.789740397451230E+03   1.1720679E-13   7.1658574E-16      0
  2.791291099450895E+03   1.1563019E-13   7.1215184E-16      0
  2.792841810597346E+03   1.0915861E-13   6.9226891E-16      0
  2.794392530890746E+03   1.0152363E-13   6.4805077E-16      0
  2.795943260331257E+03   8.3884770E-14   5.8944642E-16      0
  2.797493998919040E+03   6.4901162E-14   5.1618288E-16      0
  2.799044746654257E+03   7.6125162E-14   5.6067917E-16      0
  2.800595503537070E+03   8.3516303E-14   5.9561880E-16      0
  2.802146269567641E+03   7.4969456E-14   5.5836396E-16      0
  2.803697044746133E+03   5.6114422E-14   4.7318447E-16      0
  2.805247829072705E+03   4.4636149E-14   4.1750881E-16      0
  2.806798622547521E+03   6.9244124E-14   5.3163531E-16      0
  2.808349425170743E+03   9.5237478E-14   6.4396786E-16      0
  2.809900236942532E+03   9.6436544E-14   6.4454972E-16      0
  2.811451057863051E+03   8.7570806E-14   6.1783266E-16      0
  2.813001887932461E+03   7.8292895E-14   5.7738154E-16      0
  2.814552727150924E+03   1.0681869E-13   6.7675423E-16      0
  2.816103575518602E+03   1.2301045E-13   7.3942551E-16      0
  2.817654433035657E+03   1.2663780E-13   7.5240004E-16      0
  2.819205299702252E+03   1.2757067E-13   7.6154954E-16      0
  2.820756175518547E+03   1.2822020E-13   7.5666681E-16      0
  2.822307060484705E+03   1.3009144E-13   7.6067354E-16      0
  2.823857954600887E+03   1.2703276E-13   7.6392160E-16      0
  2.825408857867257E+03   1.2843269E-13   7.5055245E-16      0
  2.826959770283976E+03   1.2685767E-13   7.5112928E-16      0
  2.828510691851204E+03   1.2778511E-13   7.5835601E-16      0
  2.830061622569106E+03   1.2687994E-13   7.4857813E-16      0
  2.831612562437841E+03   1.2685605E-13   7.6549231E-16      0
  2.833163511457575E+03   1.2634007E-13   7.4777334E-16      0
  2.834714469628466E+03   1.2639329E-13   7.5507296E-16      0
  2.836265436950678E+03   1.2691494E-13   7.5861282E-16      0
  2.837816413424372E+03   1.2694031E-13   7.5180421E-16      0
  2.839367399049711E+03   1.2609002E-13   7.6168051E-16      0
  2.840918393826857E+03   1.2805204E-13   7.6127817E-16      0
  2.842469397755971E+03   1.2745619E-13   7.5998120E-16      0
  2.844020410837216E+03   1.2594217E-13   7.6353562E-16      0
  2.845571433070753E+03   1.2822344E-13   7.5733698E-16      0
  2.847122464456746E+03   1.2489943E-13   7.6020810E-16      0
  2.848673504995354E+03   1.2537829E-13   7.5520669E-16      0
  2.850224554686742E+03   1.2381690E-13   7.4260284E-16      0
  2.851775613531069E+03   1.2131958E-13   7.5688895E-16      0
  2.853326681528500E+03   1.1369321E-13   7.1397778E-16      0
  2.854877758679195E+03   1.1386003E-13   7.2880028E-16      0
  2.856428844983318E+03   1.2124384E-13   7.3819583E-16      0
  2.857979940441030E+03   1.2261156E-13   7.4527602E-16      0
  2.859531045052492E+03   1.2227549E-13   7.5749691E-16      0
  2.861082158817867E+03   1.1302678E-13   7.1335119E-16      0
  2.862633281737317E+03   1.0399942E-13   6.7958390E-16      0
  2.864184413811005E+03   1.1685839E-13   7.3425575E-16      0
  2.865735555039091E+03   1.2195788E-13   7.5732723E-16      0
  2.867286705421739E+03   1.2536412E-13   7.7482413E-16      0
  2.868837864959111E+03   1.2577934E-13   7.6717240E-16      0
  2.870389033651368E+03   1.2676439E-13   7.7146877E-16      0
  2.871940211498672E+03   1.2544787E-13   7.5768754E-16      0
  2.873491398501187E+03   1.2760953E-13   7.7411432E-16      0
  2.875042594659073E+03   1.2607955E-13   7.6837593E-16      0
  2.876593799972493E+03   1.2653100E-13   7.8334142E-16      0
  2.878145014441609E+03   1.2492570E-13   7.6927972E-16      0
  2.879696238066583E+03   1.2483581E-13   7.7191706E-16      0
  2.881247470847577E+03   1.2591320E-13   7.7263884E-16      0
  2.882798712784754E+03   1.2598847E-13   7.7645784E-16      0
  2.884349963878276E+03   1.2714536E-13   7.8842954E-16      0
  2.885901224128304E+03   1.2668489E-13   7.8711654E-16      0
  2.887452493535001E+03   1.2608744E-13   7.8895407E-16      0
  2.889003772098529E+03   1.2648873E-13   7.8230147E-16      0
  2.890555059819049E+03   1.2599770E-13   7.7882027E-16      0
  2.892106356696726E+03   1.2476908E-13   7.7600161E-16      0
  2.893657662731720E+03   1.2280998E-13   7.6001201E-16      0
  2.895208977924193E+03   1.2344085E-13   7.8198770E-16      0
  2.896760302274309E+03   1.2369142E-13   7.7349365E-16      0
  2.898311635782227E+03   1.2450621E-13   7.9156584E-16      0
  2.899862978448113E+03   1.2340167E-13   7.6720168E-16      0
  2.901414330272127E+03   1.2070244E-13   7.5776171E-16      0
  2.902965691254431E+03   1.2250156E-13   7.8959347E-16      0
  2.904517061395188E+03   1.2180610E-13   7.6382827E-16      0
  2.906068440694560E+03   1.2193262E-13   7.8266035E-16      0
  2.907619829152709E+03   1.2355949E-13   7.8800211E-16      0
  2.909171226769798E+03   1.2097372E-13   7.6745971E-16      0
  2.910722633545989E+03   1.2315888E-13   7.9239980E-16      0
  2.912274049481442E+03   1.2162598E-13   7.8289635E-16      0
  2.913825474576322E+03   1.2246794E-13   7.8028882E-16      0
  2.915376908830790E+03   1.2260024E-13   7.8849815E-16      0
  2.916928352245009E+03   1.2272438E-13   8.0138507E-16      0
  2.918479804819141E+03   1.2428329E-13   7.9121141E-16      0
  2.920031266553347E+03   1.2429559E-13   7.9986941E-16      0
  2.921582737447790E+03   1.2408362E-13   7.9764918E-16      0
  2.923134217502634E+03   1.2510227E-13   8.0253449E-16      0
  2.924685706718039E+03   1.2465841E-13   8.0985191E-16      0
  2.926237205094167E+03   1.2578961E-13   8.1241535E-16      0
  2.927788712631183E+03   1.2481615E-13   8.1197960E-16      0
  2.929340229329247E+03   1.2578685E-13   8.1881251E-16      0
  2.930891755188521E+03   1.2394468E-13   8.1492701E-16      0
  2.932443290209169E+03   1.2240259E-13   8.1081191E-16      0
  2.933994834391352E+03   1.2339096E-13   8.0413708E-16      0
  2.935546387735233E+03   1.2335327E-13   8.0699915E-16      0
  2.937097950240974E+03   1.2236012E-13   8.0875484E-16      0
  2.938649521908737E+03   1.2388034E-13   8.0798722E-16      0
  2.940201102738685E+03   1.2232153E-13   8.2011758E-16      0
  2.941752692730980E+03   1.2250914E-13   8.1044419E-16      0
  2.943304291885784E+03   1.2127759E-13   8.1847063E-16      0
  2.944855900203260E+03   1.2298964E-13   8.0967684E-16      0
  2.946407517683569E+03   1.2296430E-13   8.2247174E-16      0
  2.947959144326875E+03   1.2380698E-13   8.2737310E-16      0
  2.949510780133339E+03   1.2232302E-13   8.1484628E-16      0
  2.951062425103124E+03   1.2136499E-13   8.2227147E-16      0
  2.952614079236392E+03   1.2027785E-13   8.1451938E-16      0
  2.954165742533306E+03   1.2032089E-13   8.2108769E-16      0
  2.955717414994029E+03   1.2094472E-13   8.1934095E-16      0
  2.957269096618721E+03   1.1962013E-13   8.1607013E-16      0
  2.958820787407547E+03   1.2112184E-13   8.1756483E-16      0
  2.960372487360666E+03   1.2187629E-13   8.4326137E-16      0
  2.961924196478243E+03   1.2225846E-13   8.0876755E-16      0
  2.963475914760440E+03   1.2180973E-13   8.3834456E-16      0
  2.965027642207420E+03   1.2154186E-13   8.3338783E-16      0
  2.966579378819345E+03   1.2072461E-13   8.2768629E-16      0
  2.968131124596376E+03   1.1967303E-13   8.4058269E-16      0
  2.969682879538676E+03   1.2260672E-13   8.2295535E-16      0
  2.971234643646408E+03   1.2187655E-13   8.5202266E-16      0
  2.972786416919735E+03   1.2443565E-13   8.5882677E-16      0
  2.974338199358818E+03   1.2266383E-13   8.3846669E-16      0
  2.975889990963820E+03   1.2344951E-13   8.6421856E-16      0
  2.977441791734903E+03   1.2372698E-13   8.5778206E-16      0
  2.978993601672230E+03   1.2364292E-13   8.5407560E-16      0
  2.980545420775964E+03   1.2338382E-13   8.6405873E-16      0
  2.982097249046267E+03   1.2410480E-13   8.6763247E-16      0
  2.983649086483300E+03   1.2210236E-13   8.5387073E-16      0
  2.985200933087227E+03   1.2181037E-13   8.6875887E-16      0
  2.986752788858211E+03   1.2222401E-13   8.5753208E-16      0
  2.988304653796413E+03   1.2317801E-13   8.7355403E-16      0
  2.989856527901996E+03   1.2196169E-13   8.6555819E-16      0
  2.991408411175122E+03   1.2253868E-13   8.6691059E-16      0
  2.992960303615954E+03   1.2303838E-13   8.8154726E-16      0
  2.994512205224655E+03   1.2416541E-13   8.8711762E-16      0
  2.996064116001387E+03   1.2567776E-13   8.9782443E-16      0
  2.997616035946312E+03   1.2308886E-13   8.7639651E-16      0
  2.999167965059592E+03   1.2102934E-13   8.8651871E-16      0
  3.000719903341392E+03   1.2462224E-13   8.9480169E-16      0
  3.002271850791872E+03   1.2273448E-13   9.0164360E-16      0
  3.003823807411195E+03   1.2475136E-13   9.0756976E-16      0
  3.005375773199524E+03   1.2312976E-13   8.8502375E-16      0
  3.006927748157022E+03   1.2208614E-13   9.0140759E-16      0
  3.008479732283851E+03   1.2095362E-13   8.9512155E-16      0
  3.010031725580173E+03   1.2001238E-13   8.9959844E-16      0
  3.011583728046151E+03   1.2229264E-13   9.1655593E-16      0
  3.013135739681948E+03   1.2250154E-13   9.1781653E-16      0
  3.014687760487725E+03   1.1922002E-13   8.9145972E-16      0
  3.016239790463646E+03   1.2134257E-13   9.2523357E-16      0
  3.017791829609874E+03   1.2177991E-13   9.1276037E-16      0
  3.019343877926569E+03   1.2094182E-13   9.1588084E-16      0
  3.020895935413896E+03   1.2096765E-13   9.1952203E-16      0
  3.022448002072018E+03   1.2052489E-13   9.2241433E-16      0
  3.024000077901095E+03   1.2087998E-13   9.2350372E-16      0
  3.025552162901291E+03   1.2338256E-13   9.1532699E-16      0
  3.027104257072770E+03   1.2213032E-13   9.7262813E-16      0
  3.028656360415691E+03   1.1852687E-13   9.2266378E-16      0
  3.030208472930220E+03   1.2250114E-13   9.4819007E-16      0
  3.031760594616518E+03   1.2129418E-13   9.4879009E-16      0
  3.033312725474748E+03   1.2200839E-13   9.4578873E-16      0
  3.034864865505072E+03   1.2151661E-13   9.6165705E-16      0
  3.036417014707653E+03   1.2280330E-13   9.5003014E-16      0
  3.037969173082654E+03   1.1800787E-13   9.5214370E-16      0
  3.039521340630238E+03   1.2202016E-13   9.5747895E-16      0
  3.041073517350566E+03   1.2062541E-13   9.6170533E-16      0
  3.042625703243802E+03   1.2048099E-13   9.7843709E-16      0
  3.044177898310108E+03   1.2105646E-13   9.6084591E-16      0
  3.045730102549647E+03   1.1952304E-13   9.8921569E-16      0
  3.047282315962580E+03   1.1951014E-13   9.6385732E-16      0
  3.048834538549073E+03   1.1805121E-13   9.6511516E-16      0
  3.050386770309286E+03   1.1663119E-13   9.7571991E-16      0
  3.051939011243383E+03   1.1990242E-13   9.8684272E-16      0
  3.053491261351525E+03   1.1866106E-13   9.8470873E-16      0
  3.055043520633876E+03   1.1815334E-13   9.9005383E-16      0
  3.056595789090599E+03   1.1738127E-13   9.8340515E-16      0
  3.058148066721855E+03   1.1978384E-13   1.0149487E-15      0
  3.059700353527809E+03   1.1800551E-13   9.9726102E-16      0
  3.061252649508622E+03   1.1848985E-13   1.0004732E-15      0
  3.062804954664457E+03   1.1799459E-13   1.0263285E-15      0
  3.064357268995477E+03   1.1852500E-13   1.0025451E-15      0
  3.065909592501844E+03   1.1771480E-13   1.0357118E-15      0
  3.067461925183721E+03   1.1643621E-13   9.9686069E-16      0
  3.069014267041272E+03   1.1898910E-13   1.0231834E-15      0
  3.070566618074658E+03   1.1839229E-13   1.0255988E-15      0
  3.072118978284042E+03   1.1624943E-13   1.0179740E-15      0
  3.073671347669587E+03   1.1550492E-13   1.0180148E-15      0
  3.075223726231456E+03   1.1731443E-13   1.0303770E-15      0
  3.076776113969812E+03   1.1956007E-13   1.0589319E-15      0
  3.078328510884817E+03   1.1791510E-13   1.0568241E-15      0
  3.079880916976633E+03   1.1700768E-13   1.0478708E-15      0
  3.081433332245425E+03   1.1838427E-13   1.0613410E-15      0
  3.082985756691354E+03   1.1782249E-13   1.0564369E-15      0
  3.084538190314583E+03   1.1700109E-13   1.0659030E-15      0
  3.086090633115276E+03   1.1790563E-13   1.0697674E-15      0
  3.087643085093594E+03   1.1724859E-13   1.0757495E-15      0
  3.089195546249700E+03   1.1650003E-13   1.0727617E-15      0
  3.090748016583758E+03   1.2016091E-13   1.1008690E-15      0
  3.092300496095930E+03   1.1795529E-13   1.0838911E-15      0
  3.093852984786379E+03   1.1702386E-13   1.0915233E-15      0
  3.095405482655267E+03   1.1604194E-13   1.0996850E-15      0
  3.096957989702758E+03   1.1640970E-13   1.0969604E-15      0
  3.098510505929014E+03   1.2016020E-13   1.1310325E-15      0
  3.100063031334198E+03   1.1902018E-13   1.1346347E-15      0
  3.101615565918473E+03   1.2083800E-13   1.1301512E-15      0
  3.103168109682002E+03   1.1866572E-13   1.1222884E-15      0
  3.104720662624947E+03   1.1782513E-13   1.1375727E-15      0
  3.106273224747471E+03   1.1946206E-13   1.1477358E-15      0
  3.107825796049738E+03   1.1972225E-13   1.1567671E-15      0
  3.109378376531909E+03   1.1759886E-13   1.1542089E-15      0
  3.110930966194149E+03   1.1841766E-13   1.1572404E-15      0
  3.112483565036618E+03   1.1660772E-13   1.1334945E-15      0
  3.114036173059481E+03   1.1789582E-13   1.1708667E-15      0
  3.115588790262901E+03   1.1839054E-13   1.1681604E-15      0
  3.117141416647040E+03   1.1821651E-13   1.1849798E-15      0
  3.118694052212061E+03   1.1923344E-13   1.2004681E-15      0
  3.120246696958127E+03   1.1948923E-13   1.1828875E-15      0
  3.121799350885401E+03   1.1963900E-13   1.2260600E-15      0
  3.123352013994045E+03   1.2011156E-13   1.1993414E-15      0
  3.124904686284223E+03   1.1763903E-13   1.2181615E-15      0
  3.126457367756097E+03   1.1866707E-13   1.2230207E-15      0
  3.128010058409831E+03   1.1794163E-13   1.2235936E-15      0
  3.129562758245586E+03   1.1869845E-13   1.2378746E-15      0
  3.131115467263528E+03   1.1768215E-13   1.2269073E-15      0
  3.132668185463816E+03   1.1878370E-13   1.2497159E-15      0
  3.134220912846616E+03   1.1414754E-13   1.2017454E-15      0
  3.135773649412090E+03   1.1694885E-13   1.2338490E-15      0
  3.137326395160400E+03   1.1498773E-13   1.2286833E-15      0
  3.138879150091710E+03   1.1795442E-13   1.2662982E-15      0
  3.140431914206183E+03   1.1763554E-13   1.2804401E-15      0
  3.141984687503981E+03   1.1763076E-13   1.2735221E-15      0
  3.143537469985268E+03   1.1743952E-13   1.2665529E-15      0
  3.145090261650206E+03   1.1606983E-13   1.2903903E-15      0
  3.146643062498958E+03   1.1746867E-13   1.2699865E-15      0
  3.148195872531687E+03   1.1693760E-13   1.3030052E-15      0
  3.149748691748558E+03   9.7378838E-14   1.0793563E-15   2560
  3.151301520149731E+03   8.3410865E-14   1.0834356E-15   2564
  3.152854357735370E+03   1.3129518E-13   1.3665640E-15   2564
  3.154407204505639E+03   2.4138916E-13   1.8629984E-15   2564
  3.155960060460699E+03   2.0161889E-15   1.7124718E-16   2564
