  1600. -2.35890714E-15
  1610. -4.08461548E-16
  1620.  5.65346264E-16
  1630.  6.52717395E-16
  1640. -3.54390062E-16
  1650.  1.45051083E-16
  1660. -4.42076223E-17
  1670.  1.2513992E-17
  1680. -1.15620831E-16
  1690.  7.18093622E-17
  1700.  1.54647384E-16
  1710. -5.1515356E-17
  1720. -1.78492507E-17
  1730.  1.34950004E-16
  1740.  3.31126653E-17
  1750.  2.44074211E-16
  1760.  1.04823967E-16
  1770. -4.22222929E-17
  1780.  2.74255967E-17
  1790.  5.72016305E-17
  1800.  1.0570412E-16
  1810.  9.94516868E-17
  1820.  7.69325351E-17
  1830.  4.04195751E-17
  1840.  1.64267191E-16
  1850. -8.24370266E-19
  1860.  6.1630018E-18
  1870.  5.33437726E-17
  1880.  4.43862238E-17
  1890.  6.35950947E-17
  1900.  4.48303272E-18
  1910.  1.16641598E-16
  1920.  4.78902635E-17
  1930.  6.33160371E-17
  1940. -2.61279844E-18
  1950.  2.9126965E-17
  1960.  4.85223982E-17
  1970.  6.54234947E-17
  1980.  4.6264966E-17
  1990.  6.7414095E-17
  2000.  6.11376933E-17
  2010.  1.86153159E-17
  2020.  1.90507318E-16
  2030.  7.03684135E-17
  2040.  4.57419464E-17
  2050.  1.18974658E-16
  2060.  2.29673927E-17
  2070.  8.37752245E-17
  2080.  8.33482273E-17
  2090.  4.96770596E-17
  2100.  6.1118516E-17
  2110.  4.72424123E-17
  2120.  7.88497941E-17
  2130.  5.40756289E-17
  2140.  5.49972769E-17
  2150.  5.6057997E-17
  2160.  1.22091223E-16
  2170.  1.07204904E-16
  2180.  9.71042872E-17
  2190.  9.97365546E-17
  2200.  7.10253935E-17
  2210.  9.95561564E-17
  2220.  6.72185825E-17
  2230.  1.27454053E-16
  2240.  1.02042886E-16
  2250.  1.15888361E-16
  2260.  8.12258671E-17
  2270.  1.48977531E-16
  2280.  1.50215113E-16
  2290.  1.30134873E-16
  2300.  9.81008876E-17
  2310.  1.5127843E-16
  2320.  2.08158611E-16
  2330.  1.59999997E-16
  2340.  1.85442472E-16
  2350.  2.08991827E-16
  2360.  1.6445776E-16
  2370.  1.08171547E-16
  2380.  1.29145671E-16
  2390.  1.89413891E-16
  2400.  1.9035967E-16
  2410.  1.68405714E-16
  2420.  1.00810414E-16
  2430.  9.89585151E-17
  2440.  1.53929881E-16
  2450.  1.38787606E-16
  2460.  8.92901965E-17
  2470.  9.46832421E-17
  2480.  1.08420012E-16
  2490.  1.1493124E-16
  2500.  1.28456782E-16
  2510.  1.51271614E-16
  2520.  1.57440436E-16
  2530.  1.34095308E-16
  2540.  1.30869211E-16
  2550.  1.67906732E-16
  2560.  1.31864528E-16
  2570.  1.67867928E-16
  2580.  1.25739963E-16
  2590.  8.9726478E-17
  2600.  4.7738939E-17
  2610.  9.27769878E-17
  2620.  1.2253982E-16
  2630.  1.4512185E-16
  2640.  1.20577946E-16
  2650.  1.20985025E-16
  2660.  1.40123218E-16
  2670.  1.44004773E-16
  2680.  1.56787612E-16
  2690.  1.58245064E-16
  2700.  1.89543236E-16
  2710.  2.32851501E-16
  2720.  2.28249836E-16
  2730.  2.50844122E-16
  2740.  2.79916278E-16
  2750.  2.44882837E-16
  2760.  2.27875421E-16
  2770.  2.3740028E-16
  2780.  2.78940046E-16
  2790.  2.0043158E-16
  2800.  7.38121186E-17
  2810.  1.91578617E-16
  2820.  2.20234337E-16
  2830.  2.65831841E-16
  2840.  2.77813466E-16
  2850.  2.66279101E-16
  2860.  2.35126632E-16
  2870.  3.10799867E-16
  2880.  3.36432249E-16
  2890.  3.57790873E-16
  2900.  4.53558191E-16
  2910.  4.82489449E-16
  2920.  5.18274367E-16
  2930.  3.8739073E-16
  2940.  4.75754954E-16
  2950.  4.28000004E-16
  2960.  4.56051697E-16
  2970.  4.11889041E-16
  2980.  3.63999995E-16
  2990.  3.17846149E-16
  3000.  3.81848885E-16
  3010.  3.76167464E-16
  3020.  3.88036778E-16
  3030.  3.51956404E-16
  3040.  3.44025846E-16
  3050.  3.39780808E-16
  3060.  3.53067446E-16
  3070.  3.30599739E-16
  3080.  3.61927173E-16
  3090.  3.3448537E-16
  3100.  3.24670296E-16
  3110.  3.73716151E-16
  3120.  3.70438398E-16
  3130.  4.00461163E-16
  3140.  4.66247115E-16
  3150.  5.08948905E-16
  3160.  5.73321344E-16
  3170.  5.00485034E-16
  3180.  5.02297473E-16
  3190.  5.11249129E-16
  3200.  5.34283872E-16
  3210.  5.324159E-16
  3220.  4.42157922E-16
  3230.  4.69567696E-16
  3240.  5.25253389E-16
  3250.  4.88497612E-16
  3260.  4.36746758E-16
  3270.  4.49997265E-16
  3280.  5.84427534E-16
  3290.  5.4251735E-16
  3300.  5.02131401E-16
  3310.  4.81833792E-16
  3320.  6.04287969E-16
  3330.  5.45083066E-16
  3340.  5.32000007E-16
  3350.  5.45686153E-16
  3360.  6.90265466E-16
  3370.  7.03597711E-16
  3380.  7.2471869E-16
  3390.  8.64845521E-16
  3400.  9.49558874E-16
  3410.  9.36357442E-16
  3420.  1.07564333E-15
  3430.  1.02351936E-15
  3440.  1.12315182E-15
  3450.  9.28772474E-16
  3460.  1.00466303E-15
  3470.  9.60985666E-16
  3480.  1.11711173E-15
  3490.  1.1353438E-15
  3500.  1.05960518E-15
  3510.  1.0638053E-15
  3520.  1.141485E-15
  3530.  1.18623555E-15
  3540.  1.21990469E-15
  3550.  1.1174677E-15
  3560.  1.26149771E-15
  3570.  1.16994552E-15
  3580.  1.15228043E-15
  3590.  1.26628747E-15
  3600.  1.1066099E-15
  3610.  1.23004769E-15
  3620.  1.3798911E-15
  3630.  1.21000001E-15
  3640.  1.20881554E-15
  3650.  1.40999995E-15
  3660.  1.34168251E-15
  3670.  1.55130019E-15
  3680.  1.05773313E-15
  3690.  1.37450652E-15
  3700.  1.10624239E-15
  3710.  1.07737922E-15
  3720.  9.16123201E-16
  3730.  8.8487605E-16
  3740.  9.04646011E-16
  3750.  8.01639869E-16
  3760.  7.06394826E-16
  3770.  7.47679371E-16
  3780.  7.27579279E-16
  3790.  9.40892456E-16
  3800.  9.20155396E-16
  3810.  1.03915728E-15
  3820.  1.05142962E-15
  3830.  1.42853536E-15
  3840.  2.13874062E-15
  3850.  2.11660997E-15
  3860.  2.60987072E-15
  3870.  3.02280648E-15
  3880.  3.06652143E-15
  3890.  3.13787612E-15
  3900.  3.64789647E-15
  3910.  3.38031325E-15
  3920.  3.6289585E-15
  3930.  3.78243028E-15
  3940.  3.14784739E-15
  3950.  3.99355325E-15
  3960.  4.28339013E-15
  3970.  4.78603134E-15
  3980.  4.31933906E-15
  3990.  4.85661672E-15
  4000.  4.62080359E-15
  4010.  4.63463225E-15
  4020.  4.92413879E-15
  4030.  4.14401637E-15
  4040.  4.36035409E-15
  4050.  4.05680755E-15
  4060.  3.87894503E-15
  4070.  3.69138864E-15
  4080.  3.50245074E-15
  4090.  3.1454253E-15
  4100.  3.36461223E-15
  4110.  3.21707073E-15
  4120.  3.04965996E-15
  4130.  2.96795644E-15
  4140.  2.57634875E-15
  4150.  2.64755119E-15
  4160.  2.56724802E-15
  4170.  2.51023169E-15
  4180.  2.47820156E-15
  4190.  2.47816323E-15
  4200.  2.30682562E-15
  4210.  2.83295633E-15
  4220.  2.9063674E-15
  4230.  2.73703006E-15
  4240.  2.85452306E-15
  4250.  2.8199999E-15
  4260.  2.81008157E-15
  4270.  3.01771115E-15
  4280.  2.83662123E-15
  4290.  2.80428574E-15
  4300.  3.14846064E-15
  4310.  2.88283386E-15
  4320.  3.04843537E-15
  4330.  2.84588544E-15
  4340.  3.03795905E-15
  4350.  2.85948222E-15
  4360.  2.99980953E-15
  4370.  2.77520435E-15
  4380.  2.90632145E-15
  4390.  2.7899999E-15
  4400.  2.46045008E-15
  4410.  2.36020289E-15
  4420.  2.71668115E-15
  4430.  2.86809761E-15
  4440.  2.82244507E-15
  4450.  3.17734531E-15
  4460.  3.38498506E-15
  4470.  3.62100105E-15
  4480.  3.79999987E-15
  4490.  3.96473719E-15
  4500.  4.25858647E-15
  4510.  4.73708681E-15
  4520.  5.47633185E-15
  4530.  5.11999992E-15
  4540.  5.24116078E-15
  4550.  5.63184287E-15
  4560.  5.89568686E-15
  4570.  6.49418848E-15
  4580.  5.99337517E-15
  4590.  5.94093832E-15
  4600.  6.17474398E-15
  4610.  6.36845999E-15
  4620.  6.2642203E-15
  4630.  5.83506471E-15
  4640.  5.68851996E-15
  4650.  5.45000014E-15
  4660.  5.17100443E-15
  4670.  5.18574323E-15
  4680.  4.86865602E-15
  4690.  4.35782442E-15
  4700.  4.03966699E-15
  4710.  3.97312027E-15
  4720.  3.40160618E-15
  4730.  3.65311927E-15
  4740.  3.73042585E-15
  4750.  3.34210169E-15
  4760.  3.30092445E-15
  4770.  3.16860647E-15
  4780.  3.23999991E-15
  4790.  3.44650358E-15
  4800.  3.10652679E-15
  4810.  3.08056227E-15
  4820.  3.0847771E-15
  4830.  3.35562859E-15
  4840.  3.39730643E-15
  4850.  3.52643512E-15
  4860.  3.59361478E-15
  4870.  3.83639857E-15
  4880.  4.01946441E-15
  4890.  4.23359942E-15
  4900.  4.28244823E-15
  4910.  4.29401235E-15
  4920.  4.27892881E-15
  4930.  4.09809702E-15
  4940.  4.06005973E-15
  4950.  3.7942104E-15
  4960.  3.59629861E-15
  4970.  3.51877624E-15
  4980.  3.33010961E-15
  4990.  3.37391434E-15
  5000.  3.16401513E-15
  5010.  3.42209908E-15
  5020.  3.34527955E-15
  5030.  3.4184598E-15
  5040.  3.4188056E-15
  5050.  3.26757232E-15
  5060.  3.57228819E-15
  5070.  3.63781169E-15
  5080.  3.57465903E-15
  5090.  3.49139019E-15
  5100.  3.57049883E-15
  5110.  3.58594829E-15
  5120.  3.47890873E-15
  5130.  3.77976044E-15
  5140.  3.69894883E-15
  5150.  3.87582837E-15
  5160.  4.09765233E-15
  5170.  4.20967413E-15
  5180.  4.25064511E-15
  5190.  4.56860984E-15
  5200.  4.6593347E-15
  5210.  5.03949071E-15
  5220.  5.04116698E-15
  5230.  5.31085169E-15
  5240.  5.3779439E-15
  5250.  5.8200231E-15
  5260.  5.5166845E-15
  5270.  5.83000326E-15
  5280.  5.66007321E-15
  5290.  5.69934801E-15
  5300.  5.84527103E-15
  5310.  5.89414695E-15
  5320.  6.01454929E-15
  5330.  5.87901894E-15
  5340.  5.714717E-15
  5350.  5.72283665E-15
  5360.  5.71759225E-15
  5370.  5.74906884E-15
  5380.  5.75032245E-15
  5390.  5.67469384E-15
  5400.  5.67421993E-15
  5410.  5.78076143E-15
  5420.  6.00623185E-15
  5430.  6.08440283E-15
  5440.  6.15535751E-15
  5450.  6.27192534E-15
  5460.  6.30212842E-15
  5470.  6.26098421E-15
  5480.  6.1483606E-15
  5490.  6.02424486E-15
  5500.  5.99218212E-15
  5510.  5.77542724E-15
  5520.  5.64249473E-15
  5530.  5.62735614E-15
  5540.  5.54413345E-15
  5550.  5.54370782E-15
  5560.  5.53009304E-15
  5570.  5.58289961E-15
  5580.  5.5560114E-15
  5590.  5.58012981E-15
  5600.  5.51234854E-15
  5610.  5.46500025E-15
  5620.  5.25598809E-15
  5630.  5.05864593E-15
  5640.  4.99175913E-15
  5650.  4.74277337E-15
  5660.  4.51552375E-15
  5670.  4.3303759E-15
  5680.  3.90996338E-15
  5690.  3.80585498E-15
  5700.  4.01197621E-15
  5710.  3.80063175E-15
  5720.  3.98770448E-15
  5730.  4.0883231E-15
  5740.  4.06819421E-15
  5750.  4.32259717E-15
  5760.  4.6113003E-15
  5770.  4.64753553E-15
  5780.  4.68000018E-15
  5790.  4.74998331E-15
  5800.  4.74939802E-15
  5810.  4.79366269E-15
  5820.  4.85790082E-15
  5830.  4.86988718E-15
  5840.  4.71058866E-15
  5850.  4.98000019E-15
  5860.  4.85236122E-15
  5870.  5.00459295E-15
  5880.  4.96611902E-15
  5890.  4.98000019E-15
  5900.  4.94070506E-15
  5910.  4.90258816E-15
  5920.  4.97341324E-15
  5930.  4.94656696E-15
  5940.  4.69115772E-15
  5950.  4.78940169E-15
  5960.  4.6839842E-15
  5970.  4.53330551E-15
  5980.  4.50963433E-15
  5990.  4.49880967E-15
  6000.  4.60624902E-15
  6010.  4.53151997E-15
  6020.  4.42604446E-15
  6030.  4.27553899E-15
  6040.  4.39645844E-15
  6050.  4.32527295E-15
  6060.  4.39337524E-15
  6070.  4.3237377E-15
  6080.  4.38511117E-15
  6090.  4.30474892E-15
  6100.  4.30164285E-15
  6110.  4.15359123E-15
  6120.  4.03970426E-15
  6130.  4.08596793E-15
  6140.  3.97709031E-15
  6150.  3.72000014E-15
  6160.  3.6810379E-15
  6170.  3.61617212E-15
  6180.  3.50391548E-15
  6190.  3.4275923E-15
  6200.  3.62338206E-15
  6210.  3.31028268E-15
  6220.  3.37137345E-15
  6230.  3.35849029E-15
  6240.  3.43230138E-15
  6250.  3.43021599E-15
  6260.  3.60761581E-15
  6270.  3.50927486E-15
  6280.  3.54533602E-15
  6290.  3.66174969E-15
  6300.  3.64798159E-15
  6310.  3.79265482E-15
  6320.  3.88384554E-15
  6330.  3.90484222E-15
  6340.  4.10246093E-15
  6350.  4.29757243E-15
  6360.  4.26618224E-15
  6370.  4.2922213E-15
  6380.  4.42038924E-15
  6390.  4.46819705E-15
  6400.  4.47033242E-15
  6410.  4.56999982E-15
  6420.  4.50560245E-15
  6430.  4.45566012E-15
  6440.  4.65453244E-15
  6450.  4.57725974E-15
  6460.  4.44290295E-15
  6470.  4.30801126E-15
  6480.  4.47010626E-15
  6490.  4.47644715E-15
  6500.  4.38025259E-15
  6510.  4.36542231E-15
  6520.  4.43910189E-15
  6530.  4.43207576E-15
  6540.  4.47071486E-15
  6550.  4.45999989E-15
  6560.  4.43990996E-15
  6570.  4.44632539E-15
  6580.  4.40999996E-15
  6590.  4.43939793E-15
  6600.  4.4927843E-15
  6610.  4.30931146E-15
  6620.  4.3362505E-15
  6630.  4.18320392E-15
  6640.  4.25985066E-15
  6650.  3.99038238E-15
  6660.  4.08134355E-15
  6670.  3.92300938E-15
  6680.  3.81754573E-15
  6690.  3.92285988E-15
  6700.  3.8265535E-15
  6710.  3.76722562E-15
  6720.  3.70984718E-15
  6730.  3.68824319E-15
  6740.  3.54189622E-15
  6750.  3.46362487E-15
  6760.  3.56132038E-15
  6770.  3.46346859E-15
  6780.  3.45371797E-15
  6790.  3.40555695E-15
  6800.  3.32972717E-15
  6810.  3.21413513E-15
  6820.  2.97170668E-15
  6830.  3.09783179E-15
  6840.  2.972332E-15
  6850.  2.92359287E-15
  6860.  3.0314333E-15
  6870.  2.95331568E-15
  6880.  2.87519786E-15
  6890.  2.8070801E-15
  6900.  2.72896228E-15
  6910.  2.79493175E-15
  6920.  2.87908849E-15
  6930.  2.86921844E-15
  6940.  2.87298287E-15
  6950.  2.95675316E-15
  6960.  2.9863686E-15
  6970.  2.8499999E-15
  6980.  2.97988012E-15
  6990.  2.88409361E-15
  7000.  2.82327347E-15
  7010.  2.86769548E-15
  7020.  2.87689383E-15
  7030.  2.84000004E-15
  7040.  2.88404724E-15
  7050.  2.78599936E-15
  7060.  2.85908517E-15
  7070.  2.79157686E-15
  7080.  2.8343048E-15
  7090.  2.89892918E-15
  7100.  2.8903193E-15
  7110.  2.95699265E-15
  7120.  3.02000005E-15
  7130.  2.93226141E-15
  7140.  2.92685056E-15
  7150.  2.96615564E-15
  7160.  3.10954096E-15
  7170.  2.93020947E-15
  7180.  2.94832666E-15
  7190.  2.93644363E-15
  7200.  2.92158689E-15
  7210.  2.93535604E-15
  7220.  2.89840995E-15
  7230.  2.92543729E-15
  7240.  2.8803025E-15
  7250.  2.84088794E-15
  7260.  2.81632843E-15
  7270.  2.88446631E-15
  7280.  2.87049894E-15
  7290.  2.73667324E-15
  7300.  2.76852952E-15
  7310.  2.7568862E-15
  7320.  2.81196939E-15
  7330.  2.9099999E-15
  7340.  2.84179575E-15
  7350.  2.84574652E-15
  7360.  2.74883621E-15
  7370.  2.85301618E-15
  7380.  2.87135021E-15
  7390.  2.89637728E-15
  7400.  2.97836647E-15
  7410.  2.87518621E-15
  7420.  2.88428144E-15
  7430.  2.69369606E-15
  7440.  2.61186569E-15
  7450.  2.48752909E-15
  7460.  2.41193225E-15
  7470.  2.3935817E-15
  7480.  2.28520786E-15
  7490.  2.1399667E-15
  7500.  2.03658675E-15
  7510.  1.93799063E-15
  7520.  1.85E-15
  7530.  1.81269455E-15
  7540.  1.76220895E-15
  7550.  1.86467908E-15
  7560.  1.85642496E-15
  7570.  1.80999993E-15
  7580.  1.80999993E-15
  7590.  1.80999993E-15
  7600.  1.80999993E-15
  7610.  1.80999993E-15
  7620.  1.80999993E-15
  7630.  1.80999993E-15
  7640.  1.80999993E-15
  7650.  1.80999993E-15
  7660.  1.80999993E-15
  7670.  1.80999993E-15
  7680.  1.80999993E-15
  7690.  1.80999993E-15
  7700.  1.80999993E-15
  7710.  1.80999993E-15
  7720.  1.80999993E-15
  7730.  1.80999993E-15
  7740.  1.80999993E-15
  7750.  1.80999993E-15
  7760.  1.80999993E-15
  7770.  1.80999993E-15
  7780.  1.80999993E-15
  7790.  1.80999993E-15
  7800.  1.80999993E-15
  7810.  1.80999993E-15
  7820.  1.80999993E-15
  7830.  1.80999993E-15
  7840.  1.80999993E-15
  7850.  1.80999993E-15
  7860.  1.80999993E-15
  7870.  1.80999993E-15
  7880.  1.80999993E-15
  7890.  1.80999993E-15
  7900.  1.80999993E-15
  7910.  1.80999993E-15
  7920.  1.80999993E-15
  7930.  1.80999993E-15
  7940.  1.80999993E-15
  7950.  1.80999993E-15
  7960.  1.80999993E-15
  7970.  1.80999993E-15
  7980.  1.80999993E-15
  7990.  1.80999993E-15
  8000.  1.80999993E-15
