

  1.121812321688418E+03   0.0000000E+00   0.0000000E+00   2564
  1.122396473462842E+03   0.0000000E+00   0.0000000E+00   2564
  1.122980624695750E+03   0.0000000E+00   0.0000000E+00   2564
  1.123564775387142E+03   0.0000000E+00   0.0000000E+00   2564
  1.124148925537020E+03   0.0000000E+00   0.0000000E+00   2560
  1.124733075145386E+03   0.0000000E+00   0.0000000E+00   2560
  1.125317224212241E+03   0.0000000E+00   0.0000000E+00    512
  1.125901372737586E+03   0.0000000E+00   0.0000000E+00    512
  1.126485520721423E+03   0.0000000E+00   0.0000000E+00    512
  1.127069668163754E+03   0.0000000E+00   0.0000000E+00    512
  1.127653815064580E+03   0.0000000E+00   0.0000000E+00    512
  1.128237961423903E+03   0.0000000E+00   0.0000000E+00    512
  1.128822107241723E+03   0.0000000E+00   0.0000000E+00    512
  1.129406252518043E+03   0.0000000E+00   0.0000000E+00    512
  1.129990397252864E+03   0.0000000E+00   0.0000000E+00    512
  1.130574541446188E+03   0.0000000E+00   0.0000000E+00    512
  1.131158685098016E+03   0.0000000E+00   0.0000000E+00    512
  1.131742828208349E+03   0.0000000E+00   0.0000000E+00    512
  1.132326970777189E+03   0.0000000E+00   0.0000000E+00    512
  1.132911112804539E+03   0.0000000E+00   0.0000000E+00    512
  1.133495254290398E+03   0.0000000E+00   0.0000000E+00    512
  1.134079395234769E+03   0.0000000E+00   0.0000000E+00    512
  1.134663535637653E+03   0.0000000E+00   0.0000000E+00    512
  1.135247675499051E+03   0.0000000E+00   0.0000000E+00    512
  1.135831814818966E+03   0.0000000E+00   0.0000000E+00    512
  1.136415953597398E+03   0.0000000E+00   0.0000000E+00    512
  1.137000091834350E+03   0.0000000E+00   0.0000000E+00    512
  1.137584229529822E+03   5.4060277E-13   1.6295494E-13      0
  1.138168366683816E+03   4.4528614E-14   1.5154212E-14      0
  1.138752503296334E+03   1.9008978E-14   7.1963419E-15      0
  1.139336639367377E+03   3.1864512E-14   7.7370158E-15      0
  1.139920774896947E+03   2.9596432E-14   6.4894180E-15      0
  1.140504909885045E+03   1.4773571E-14   4.0680773E-15      0
  1.141089044331673E+03   2.3672807E-14   4.7104913E-15      0
  1.141673178236831E+03   3.2251122E-14   4.9982559E-15      0
  1.142257311600523E+03   3.0583158E-14   4.4441358E-15      0
  1.142841444422749E+03   2.3858714E-14   3.5858161E-15      0
  1.143425576703510E+03   3.0241468E-14   3.6469749E-15      0
  1.144009708442809E+03   3.1182098E-14   3.5657868E-15      0
  1.144593839640646E+03   3.2030063E-14   3.2779157E-15      0
  1.145177970297024E+03   2.9341628E-14   2.9425018E-15      0
  1.145762100411943E+03   3.2082931E-14   2.9356974E-15      0
  1.146346229985405E+03   3.6466906E-14   2.8942500E-15      0
  1.146930359017413E+03   3.7587982E-14   2.7691866E-15      0
  1.147514487507966E+03   4.8525013E-14   3.0144194E-15      0
  1.148098615457068E+03   4.8365754E-14   2.8117636E-15      0
  1.148682742864718E+03   4.7068859E-14   2.7543116E-15      0
  1.149266869730919E+03   4.5617664E-14   2.5574184E-15      0
  1.149850996055673E+03   5.3827375E-14   2.6625907E-15      0
  1.150435121838980E+03   5.7082526E-14   2.6004265E-15      0
  1.151019247080843E+03   5.4820352E-14   2.4360947E-15      0
  1.151603371781262E+03   5.5042810E-14   2.3637524E-15      0
  1.152187495940240E+03   5.6801552E-14   2.3589561E-15      0
  1.152771619557778E+03   5.7883067E-14   2.2596692E-15      0
  1.153355742633876E+03   5.4662787E-14   2.1912908E-15      0
  1.153939865168538E+03   5.2410048E-14   2.0428224E-15      0
  1.154523987161764E+03   4.9148646E-14   1.9631932E-15      0
  1.155108108613556E+03   5.1699537E-14   1.9520529E-15      0
  1.155692229523915E+03   5.2657951E-14   1.9654091E-15      0
  1.156276349892843E+03   5.1003323E-14   1.8465697E-15      0
  1.156860469720341E+03   5.5490934E-14   1.9345462E-15      0
  1.157444589006411E+03   5.3255885E-14   1.8415487E-15      0
  1.158028707751055E+03   4.8777815E-14   1.7504874E-15      0
  1.158612825954273E+03   5.6458073E-14   1.8344375E-15      0
  1.159196943616067E+03   5.4460776E-14   1.8096819E-15      0
  1.159781060736440E+03   5.5427688E-14   1.7648906E-15      0
  1.160365177315392E+03   5.7442481E-14   1.8232393E-15      0
  1.160949293352925E+03   5.3413230E-14   1.7234392E-15      0
  1.161533408849040E+03   5.3577175E-14   1.6791586E-15      0
  1.162117523803739E+03   5.3114119E-14   1.6485898E-15      0
  1.162701638217023E+03   5.3978384E-14   1.6572644E-15      0
  1.163285752088894E+03   5.4193575E-14   1.6552957E-15      0
  1.163869865419354E+03   5.2862920E-14   1.6272838E-15      0
  1.164453978208404E+03   5.5681927E-14   1.6532208E-15      0
  1.165038090456045E+03   5.0629778E-14   1.5272206E-15      0
  1.165622202162279E+03   5.0514517E-14   1.5746292E-15      0
  1.166206313327107E+03   5.4159507E-14   1.5417705E-15      0
  1.166790423950531E+03   5.4865045E-14   1.5905657E-15      0
  1.167374534032553E+03   4.8298266E-14   1.4480230E-15      0
  1.167958643573174E+03   4.7257303E-14   1.4332315E-15      0
  1.168542752572395E+03   4.5828020E-14   1.4357464E-15      0
  1.169126861030218E+03   4.7380055E-14   1.4454048E-15      0
  1.169710968946645E+03   4.5404557E-14   1.3792002E-15      0
  1.170295076321676E+03   4.2857861E-14   1.3281616E-15      0
  1.170879183155314E+03   4.1913731E-14   1.2939897E-15      0
  1.171463289447560E+03   4.2583511E-14   1.3059674E-15      0
  1.172047395198416E+03   3.8497454E-14   1.2483817E-15      0
  1.172631500407882E+03   3.8934361E-14   1.2374265E-15      0
  1.173215605075961E+03   3.7244845E-14   1.1863768E-15      0
  1.173799709202654E+03   3.2294059E-14   1.1056857E-15      0
  1.174383812787962E+03   3.3346623E-14   1.1162787E-15      0
  1.174967915831888E+03   2.9199472E-14   1.0388209E-15      0
  1.175552018334432E+03   2.8228679E-14   9.9945600E-16      0
  1.176136120295595E+03   2.7533257E-14   1.0000211E-15      0
  1.176720221715381E+03   2.4440473E-14   9.2567053E-16      0
  1.177304322593789E+03   2.2526401E-14   8.7656496E-16      0
  1.177888422930823E+03   2.3295180E-14   8.8448176E-16      0
  1.178472522726482E+03   2.5246339E-14   9.1762552E-16      0
  1.179056621980768E+03   3.1868175E-14   1.0383810E-15      0
  1.179640720693684E+03   3.6024701E-14   1.0807140E-15      0
  1.180224818865230E+03   4.8051325E-14   1.2402763E-15      0
  1.180808916495409E+03   5.9094175E-14   1.3686018E-15      0
  1.181393013584220E+03   5.9403695E-14   1.3935849E-15      0
  1.181977110131667E+03   6.2334205E-14   1.3733680E-15      0
  1.182561206137751E+03   6.1178459E-14   1.3695946E-15      0
  1.183145301602472E+03   5.7661382E-14   1.3020130E-15      0
  1.183729396525833E+03   5.6123251E-14   1.3240468E-15      0
  1.184313490907836E+03   5.6448468E-14   1.2724623E-15      0
  1.184897584748480E+03   5.3126462E-14   1.2631808E-15      0
  1.185481678047769E+03   5.2860209E-14   1.2301015E-15      0
  1.186065770805704E+03   5.0397583E-14   1.1809725E-15      0
  1.186649863022285E+03   5.0045776E-14   1.1936030E-15      0
  1.187233954697516E+03   5.1589616E-14   1.2142399E-15      0
  1.187818045831396E+03   4.9030160E-14   1.1500628E-15      0
  1.188402136423928E+03   4.6159084E-14   1.1350261E-15      0
  1.188986226475113E+03   4.1385037E-14   1.0592988E-15      0
  1.189570315984953E+03   3.8226631E-14   1.0283792E-15      0
  1.190154404953449E+03   3.5249025E-14   9.6225071E-16      0
  1.190738493380603E+03   2.7694945E-14   8.5895875E-16      0
  1.191322581266415E+03   2.3409544E-14   7.7027133E-16      0
  1.191906668610889E+03   2.3872805E-14   7.8520362E-16      0
  1.192490755414024E+03   2.2913522E-14   7.5561289E-16      0
  1.193074841675824E+03   2.2431503E-14   7.6703264E-16      0
  1.193658927396288E+03   1.8935179E-14   6.7452505E-16      0
  1.194243012575419E+03   1.6384001E-14   6.3366175E-16      0
  1.194827097213219E+03   2.0140936E-14   6.9350066E-16      0
  1.195411181309687E+03   2.2283072E-14   7.3504693E-16      0
  1.195995264864828E+03   2.2978320E-14   7.3260070E-16      0
  1.196579347878640E+03   2.2969816E-14   7.4212834E-16      0
  1.197163430351127E+03   2.1630904E-14   7.0595336E-16      0
  1.197747512282290E+03   2.5543846E-14   7.7216900E-16      0
  1.198331593672130E+03   3.2968281E-14   8.5897315E-16      0
  1.198915674520649E+03   3.5518544E-14   9.0400692E-16      0
  1.199499754827848E+03   3.2650359E-14   8.4112505E-16      0
  1.200083834593728E+03   2.3627152E-14   7.2977585E-16      0
  1.200667913818292E+03   2.0452019E-14   6.8477362E-16      0
  1.201251992501541E+03   1.8058825E-14   6.2081046E-16      0
  1.201836070643476E+03   2.0416867E-14   6.6259391E-16      0
  1.202420148244099E+03   1.9635535E-14   6.4598052E-16      0
  1.203004225303410E+03   1.7699218E-14   6.1034235E-16      0
  1.203588301821413E+03   1.6056302E-14   5.7989316E-16      0
  1.204172377798108E+03   1.2893005E-14   5.2758914E-16      0
  1.204756453233497E+03   1.6013554E-14   5.6475609E-16      0
  1.205340528127581E+03   1.8773689E-14   6.3300419E-16      0
  1.205924602480361E+03   2.1303837E-14   6.4976993E-16      0
  1.206508676291840E+03   1.8515359E-14   6.0678253E-16      0
  1.207092749562019E+03   1.3050107E-14   5.0600742E-16      0
  1.207676822290899E+03   1.2784533E-14   4.9640244E-16      0
  1.208260894478482E+03   1.1498376E-14   4.7706600E-16      0
  1.208844966124769E+03   1.1981744E-14   4.8548763E-16      0
  1.209429037229762E+03   1.2152683E-14   4.7929820E-16      0
  1.210013107793463E+03   1.0727719E-14   4.5494875E-16      0
  1.210597177815872E+03   1.2019314E-14   4.7220912E-16      0
  1.211181247296992E+03   1.4199095E-14   5.1680413E-16      0
  1.211765316236823E+03   1.7641970E-14   5.7660603E-16      0
  1.212349384635368E+03   1.5635174E-14   5.4777547E-16      0
  1.212933452492627E+03   1.1543431E-14   4.7617101E-16      0
  1.213517519808603E+03   8.1694134E-15   4.2677392E-16      0
  1.214101586583296E+03   5.1042002E-15   3.6684282E-16      0
  1.214685652816710E+03   2.1591287E-15   2.8188936E-16      0
  1.215269718508843E+03   1.2719370E-15   2.5125342E-16      0
  1.215853783659700E+03   1.0538921E-15   2.3672864E-16      0
  1.216437848269280E+03   1.1961768E-15   2.3258739E-16      0
  1.217021912337586E+03   7.5680975E-16   2.1520692E-16      0
  1.217605975864618E+03   8.4666338E-16   2.0068171E-16      0
  1.218190038850379E+03   3.7413522E-16   1.5577423E-16      0
  1.218774101294870E+03   7.7848945E-16   1.3165314E-16      0
  1.219358163198091E+03   7.6142973E-16   1.2795935E-16      0
  1.219942224560046E+03   1.0653114E-15   1.3472498E-16      0
  1.220526285380736E+03   2.0778620E-15   1.8655692E-16      0
  1.221110345660161E+03   3.3593206E-15   2.3699116E-16      0
  1.221694405398324E+03   5.4301703E-15   2.9569695E-16      0
  1.222278464595225E+03   7.9080148E-15   3.6419277E-16      0
  1.222862523250867E+03   1.3556684E-14   4.4988546E-16      0
  1.223446581365251E+03   1.9354728E-14   5.6238710E-16      0
  1.224030638938378E+03   2.3514082E-14   6.0872452E-16      0
  1.224614695970251E+03   3.0501978E-14   7.0732047E-16      0
  1.225198752460870E+03   3.3620039E-14   7.1971770E-16      0
  1.225782808410236E+03   3.6579596E-14   7.5869853E-16      0
  1.226366863818352E+03   3.8006788E-14   7.5862881E-16      0
  1.226950918685219E+03   4.2868378E-14   8.2748560E-16      0
  1.227534973010839E+03   4.1299212E-14   7.8030173E-16      0
  1.228119026795213E+03   4.3736638E-14   8.4146090E-16      0
  1.228703080038342E+03   4.4539716E-14   8.0789891E-16      0
  1.229287132740228E+03   4.3814785E-14   8.2056952E-16      0
  1.229871184900872E+03   4.5792831E-14   8.3325299E-16      0
  1.230455236520277E+03   4.3825095E-14   8.1310240E-16      0
  1.231039287598443E+03   4.2176854E-14   7.8318143E-16      0
  1.231623338135371E+03   4.2957913E-14   7.9750720E-16      0
  1.232207388131065E+03   3.9105702E-14   7.5395943E-16      0
  1.232791437585524E+03   3.8872924E-14   7.6761069E-16      0
  1.233375486498751E+03   3.9799317E-14   7.6452611E-16     16
  1.233959534870747E+03   4.1872305E-14   7.8621482E-16      0
  1.234543582701514E+03   4.3702543E-14   7.8950427E-16      0
  1.235127629991052E+03   4.1741113E-14   7.8391909E-16      0
  1.235711676739364E+03   3.8606051E-14   7.3559248E-16      0
  1.236295722946451E+03   3.6428122E-14   7.3785585E-16      0
  1.236879768612315E+03   3.5458324E-14   7.0428730E-16      0
  1.237463813736956E+03   3.0935449E-14   6.6282038E-16      0
  1.238047858320378E+03   2.7759440E-14   6.2343504E-16      0
  1.238631902362580E+03   2.3663324E-14   5.7999591E-16      0
  1.239215945863565E+03   2.0328708E-14   5.2884613E-16      0
  1.239799988823333E+03   1.7147594E-14   4.9164270E-16      0
  1.240384031241888E+03   1.5335530E-14   4.6997475E-16      0
  1.240968073119229E+03   1.4060618E-14   4.2883568E-16      0
  1.241552114455359E+03   1.6266411E-14   4.7422087E-16      0
  1.242136155250279E+03   1.9410954E-14   5.0923293E-16      0
  1.242720195503991E+03   2.4777110E-14   5.8139473E-16      0
  1.243304235216496E+03   3.1281005E-14   6.5911122E-16      0
  1.243888274387795E+03   3.1940105E-14   6.6559129E-16      0
  1.244472313017891E+03   3.0404993E-14   6.3830942E-16      0
  1.245056351106784E+03   3.2535000E-14   6.6646972E-16      0
  1.245640388654476E+03   3.7434906E-14   6.9512288E-16      0
  1.246224425660969E+03   4.7369135E-14   7.9780159E-16      0
  1.246808462126264E+03   6.3059645E-14   9.0426506E-16      0
  1.247392498050362E+03   7.8493513E-14   1.0138335E-15      0
  1.247976533433266E+03   7.9392473E-14   1.0380291E-15      0
  1.248560568274976E+03   7.3046061E-14   9.9370422E-16      0
  1.249144602575494E+03   6.8313092E-14   9.4312153E-16      0
  1.249728636334822E+03   6.1927534E-14   9.1228720E-16      0
  1.250312669552962E+03   6.2322848E-14   8.8331820E-16      0
  1.250896702229913E+03   6.5913366E-14   9.3068656E-16      0
  1.251480734365679E+03   7.6113398E-14   1.0066233E-15      0
  1.252064765960261E+03   8.0433605E-14   1.0301705E-15      0
  1.252648797013660E+03   7.8225390E-14   9.8930611E-16      0
  1.253232827525877E+03   7.4397221E-14   9.8930325E-16      0
  1.253816857496915E+03   6.8074398E-14   9.3438089E-16      0
  1.254400886926774E+03   6.3878515E-14   9.0514904E-16      0
  1.254984915815456E+03   6.6248636E-14   9.2663509E-16      0
  1.255568944162964E+03   7.0767922E-14   9.4425666E-16      0
  1.256152971969297E+03   7.2534691E-14   9.5990877E-16      0
  1.256736999234458E+03   7.1555561E-14   9.5207551E-16      0
  1.257321025958448E+03   6.8186877E-14   9.2297326E-16      0
  1.257905052141269E+03   6.3544032E-14   8.9312573E-16      0
  1.258489077782922E+03   6.1074091E-14   8.8394040E-16      0
  1.259073102883409E+03   6.0282224E-14   8.6055138E-16      0
  1.259657127442731E+03   5.3853711E-14   8.2776840E-16      0
  1.260241151460889E+03   4.5908613E-14   7.4297982E-16      0
  1.260825174937886E+03   4.1871532E-14   7.1516681E-16      0
  1.261409197873723E+03   4.9374828E-14   7.8089937E-16      0
  1.261993220268401E+03   5.4666473E-14   8.4051487E-16      0
  1.262577242121921E+03   5.4609153E-14   8.0053724E-16      0
  1.263161263434286E+03   4.9324667E-14   8.0688930E-16      0
  1.263745284205497E+03   4.4190285E-14   7.2175466E-16      0
  1.264329304435555E+03   4.1533491E-14   7.4044047E-16      0
  1.264913324124461E+03   4.6699088E-14   7.6214786E-16      0
  1.265497343272218E+03   5.6757692E-14   8.6141488E-16      0
  1.266081361878827E+03   6.4561170E-14   8.7192121E-16      0
  1.266665379944289E+03   6.6375928E-14   9.0494438E-16      0
  1.267249397468605E+03   6.6357117E-14   8.8963627E-16      0
  1.267833414451778E+03   6.7062228E-14   9.1420573E-16      0
  1.268417430893809E+03   6.8137485E-14   9.0360384E-16      0
  1.269001446794699E+03   7.0109927E-14   9.3655882E-16      0
  1.269585462154449E+03   7.6483335E-14   9.6042197E-16      0
  1.270169476973063E+03   7.8136397E-14   9.7342689E-16      0
  1.270753491250539E+03   7.5337767E-14   9.4502174E-16      0
  1.271337504986881E+03   7.6100787E-14   9.6490076E-16      0
  1.271921518182090E+03   7.4789872E-14   9.4654915E-16      0
  1.272505530836168E+03   7.5247039E-14   9.6440482E-16      0
  1.273089542949115E+03   7.5091009E-14   9.4736495E-16      0
  1.273673554520933E+03   7.2977770E-14   9.4399249E-16      0
  1.274257565551624E+03   7.2127288E-14   9.3329595E-16      0
  1.274841576041189E+03   6.9909071E-14   9.1746945E-16      0
  1.275425585989631E+03   6.9800231E-14   9.1093227E-16      0
  1.276009595396949E+03   6.9300624E-14   9.1932509E-16      0
  1.276593604263147E+03   6.9236500E-14   9.2597356E-16      0
  1.277177612588225E+03   7.0877759E-14   9.2178625E-16      0
  1.277761620372185E+03   7.0971678E-14   9.1433279E-16      0
  1.278345627615027E+03   7.1255041E-14   9.1735352E-16      0
  1.278929634316755E+03   7.0601931E-14   9.1554510E-16      0
  1.279513640477369E+03   6.9987717E-14   9.1759746E-16      0
  1.280097646096871E+03   6.9435824E-14   9.3071779E-16      0
  1.280681651175263E+03   6.8080253E-14   8.8613797E-16      0
  1.281265655712545E+03   6.6710025E-14   8.8153583E-16      0
  1.281849659708720E+03   6.4943534E-14   8.8321756E-16      0
  1.282433663163788E+03   6.8728382E-14   8.8959455E-16      0
  1.283017666077752E+03   6.7398385E-14   8.9461873E-16      0
  1.283601668450613E+03   6.8927164E-14   9.0718489E-16      0
  1.284185670282372E+03   6.5707551E-14   8.6999818E-16      0
  1.284769671573031E+03   6.5526584E-14   8.9127528E-16      0
  1.285353672322591E+03   6.4126052E-14   8.5029498E-16      0
  1.285937672531055E+03   6.3883923E-14   8.7558934E-16      0
  1.286521672198423E+03   6.3669583E-14   8.5847843E-16      0
  1.287105671324696E+03   6.1785287E-14   8.4157938E-16      0
  1.287689669909878E+03   6.1582365E-14   8.5550921E-16      0
  1.288273667953967E+03   6.1983059E-14   8.6349921E-16      0
  1.288857665456968E+03   6.0989259E-14   8.4279889E-16      0
  1.289441662418880E+03   6.0996930E-14   8.5625184E-16      0
  1.290025658839706E+03   5.8575683E-14   8.0985344E-16      0
  1.290609654719447E+03   6.0560789E-14   8.4603334E-16      0
  1.291193650058104E+03   5.9180559E-14   8.3821835E-16      0
  1.291777644855679E+03   5.6475586E-14   8.1803525E-16      0
  1.292361639112173E+03   5.3085642E-14   7.8590676E-16      0
  1.292945632827589E+03   5.0732571E-14   7.6778783E-16      0
  1.293529626001927E+03   4.7350029E-14   7.3954870E-16      0
  1.294113618635189E+03   4.5366028E-14   7.3330565E-16      0
  1.294697610727376E+03   4.2466397E-14   6.9981566E-16      0
  1.295281602278490E+03   3.8569926E-14   6.7572757E-16      0
  1.295865593288533E+03   3.6389471E-14   6.5404274E-16      0
  1.296449583757505E+03   3.3137894E-14   6.1421234E-16      0
  1.297033573685410E+03   3.0184903E-14   6.0300598E-16      0
  1.297617563072247E+03   2.8948923E-14   5.7855363E-16      0
  1.298201551918019E+03   2.9519898E-14   5.8353031E-16      0
  1.298785540222726E+03   3.1953749E-14   6.2043670E-16      0
  1.299369527986372E+03   2.9612563E-14   5.9971081E-16      0
  1.299953515208956E+03   2.6046607E-14   5.4283356E-16      0
  1.300537501890480E+03   2.6538958E-14   5.7420782E-16      0
  1.301121488030947E+03   2.7746211E-14   5.7250539E-16      0
  1.301705473630357E+03   2.4758119E-14   5.4147995E-16      0
  1.302289458688712E+03   2.4191583E-14   5.2390661E-16      0
  1.302873443206014E+03   2.8276299E-14   5.9642459E-16      0
  1.303457427182263E+03   3.2112117E-14   6.1348664E-16      0
  1.304041410617463E+03   2.8617977E-14   5.9312122E-16      0
  1.304625393511613E+03   2.7917649E-14   5.7059130E-16      0
  1.305209375864716E+03   3.2497568E-14   6.2296150E-16      0
  1.305793357676773E+03   3.3913468E-14   6.2044343E-16      0
  1.306377338947785E+03   3.6634470E-14   6.6156407E-16      0
  1.306961319677754E+03   4.8752635E-14   7.5394037E-16      0
  1.307545299866682E+03   6.2109253E-14   8.6197524E-16      0
  1.308129279514570E+03   6.1773666E-14   8.6360954E-16      0
  1.308713258621419E+03   6.0528737E-14   8.5278388E-16      0
  1.309297237187232E+03   6.8977830E-14   8.9892716E-16      0
  1.309881215212009E+03   7.7902833E-14   9.5397986E-16      0
  1.310465192695752E+03   7.8674345E-14   9.5272646E-16      0
  1.311049169638463E+03   7.9387167E-14   9.7438192E-16      0
  1.311633146040143E+03   7.6432973E-14   9.3568744E-16      0
  1.312217121900793E+03   7.3866748E-14   9.4463401E-16      0
  1.312801097220495E+03   7.2574162E-14   9.2482318E-16      0
  1.313385071999089E+03   6.9817097E-14   9.1475863E-16      0
  1.313969046236659E+03   6.5288893E-14   8.7803186E-16      0
  1.314553019933205E+03   6.5562627E-14   8.7584101E-16      0
  1.315136993088729E+03   6.4500353E-14   8.7476264E-16      0
  1.315720965703233E+03   6.5646409E-14   8.7870287E-16      0
  1.316304937776718E+03   6.8882400E-14   9.0692474E-16      0
  1.316888909309186E+03   7.4177813E-14   9.3651308E-16      0
  1.317472880300637E+03   7.2021734E-14   9.2311249E-16      0
  1.318056850751075E+03   7.7233880E-14   9.6571444E-16      0
  1.318640820660499E+03   7.8901356E-14   9.5916963E-16      0
  1.319224790028912E+03   7.9719000E-14   9.9639545E-16      0
  1.319808758856316E+03   7.6946221E-14   9.6239513E-16      0
  1.320392727142711E+03   7.7994360E-14   9.5477077E-16      0
  1.320976694888099E+03   7.7064731E-14   9.5387218E-16      0
  1.321560662092482E+03   7.6551599E-14   9.5523484E-16      0
  1.322144628755860E+03   7.8300017E-14   9.6799910E-16      0
  1.322728594878237E+03   7.7089349E-14   9.5348837E-16      0
  1.323312560459613E+03   7.6683187E-14   9.6647380E-16      0
  1.323896525499989E+03   7.5376080E-14   9.4166696E-16      0
  1.324480489999368E+03   7.6203021E-14   9.6741126E-16      0
  1.325064453957750E+03   7.3520244E-14   9.1524896E-16      0
  1.325648417375138E+03   7.4851488E-14   9.5560182E-16      0
  1.326232380251532E+03   7.3039990E-14   9.3288842E-16      0
  1.326816342586934E+03   7.2415354E-14   9.1390715E-16      0
  1.327400304381346E+03   7.2786734E-14   9.3484697E-16      0
  1.327984265634769E+03   7.0415306E-14   9.3595690E-16      0
  1.328568226347205E+03   7.0679180E-14   9.1594829E-16      0
  1.329152186518655E+03   6.9140155E-14   9.2556910E-16      0
  1.329736146149121E+03   6.8131265E-14   9.0378490E-16      0
  1.330320105238604E+03   6.5246175E-14   8.7635500E-16      0
  1.330904063787106E+03   6.3370004E-14   8.7827285E-16      0
  1.331488021794627E+03   6.2206750E-14   8.7860944E-16      0
  1.332071979261171E+03   5.8449922E-14   8.2424496E-16      0
  1.332655936186738E+03   5.3348175E-14   8.0681127E-16      0
  1.333239892571329E+03   4.9740783E-14   7.8633451E-16      0
  1.333823848414947E+03   4.1272619E-14   7.0214563E-16      0
  1.334407803717593E+03   3.4934776E-14   6.5439664E-16      0
  1.334991758479267E+03   2.6981174E-14   5.6258774E-16      0
  1.335575712699973E+03   2.9197625E-14   5.9155246E-16      0
  1.336159666379711E+03   2.8615443E-14   5.9044565E-16      0
  1.336743619518482E+03   2.8888706E-14   6.0043153E-16      0
  1.337327572116289E+03   2.7683884E-14   5.6602400E-16      0
  1.337911524173132E+03   2.5629311E-14   5.7197880E-16      0
  1.338495475689014E+03   2.6189366E-14   5.5896085E-16      0
  1.339079426663935E+03   3.2856513E-14   6.4730062E-16      0
  1.339663377097898E+03   5.0077570E-14   7.6299950E-16      0
  1.340247326990904E+03   6.8809562E-14   9.7107468E-16      0
  1.340831276342953E+03   8.5279487E-14   1.0233452E-15      0
  1.341415225154049E+03   8.6624135E-14   1.0533353E-15      0
  1.341999173424191E+03   8.7315260E-14   1.0370951E-15      0
  1.342583121153383E+03   8.6837499E-14   1.0757033E-15      0
  1.343167068341625E+03   8.2389241E-14   1.0030088E-15      0
  1.343751014988918E+03   7.9199322E-14   1.0092446E-15      0
  1.344334961095265E+03   7.5497741E-14   9.8525602E-16      0
  1.344918906660667E+03   7.1092241E-14   9.4568095E-16      0
  1.345502851685125E+03   6.8354664E-14   9.2368911E-16      0
  1.346086796168640E+03   6.5784231E-14   9.2537037E-16      0
  1.346670740111215E+03   6.5308232E-14   8.9875659E-16      0
  1.347254683512851E+03   6.5576877E-14   9.3393747E-16      0
  1.347838626373549E+03   7.2662301E-14   9.5831836E-16      0
  1.348422568693311E+03   8.3947464E-14   1.0517695E-15      0
  1.349006510472138E+03   9.4727923E-14   1.1024357E-15      0
  1.349590451710033E+03   9.6855094E-14   1.1105854E-15      0
  1.350174392406995E+03   1.0057315E-13   1.1461969E-15      0
  1.350758332563027E+03   9.9578542E-14   1.1382434E-15      0
  1.351342272178130E+03   9.9413716E-14   1.1281864E-15      0
  1.351926211252307E+03   9.4313724E-14   1.1017966E-15      0
  1.352510149785557E+03   9.6402656E-14   1.1193180E-15      0
  1.353094087777884E+03   9.7605253E-14   1.1120120E-15      0
  1.353678025229288E+03   9.5350289E-14   1.1246488E-15      0
  1.354261962139770E+03   9.4045777E-14   1.0921024E-15      0
  1.354845898509333E+03   9.3722549E-14   1.0890080E-15      0
  1.355429834337978E+03   9.2640515E-14   1.1121813E-15      0
  1.356013769625706E+03   9.5588691E-14   1.1108954E-15      0
  1.356597704372519E+03   9.3203440E-14   1.1116814E-15      0
  1.357181638578418E+03   9.2979437E-14   1.0870523E-15      0
  1.357765572243406E+03   9.3520894E-14   1.1219290E-15      0
  1.358349505367482E+03   9.4050805E-14   1.0946069E-15      0
  1.358933437950649E+03   9.3152835E-14   1.1140923E-15      0
  1.359517369992909E+03   9.2918403E-14   1.1155620E-15      0
  1.360101301494263E+03   9.3852416E-14   1.0921878E-15      0
  1.360685232454712E+03   9.3276935E-14   1.1157531E-15      0
  1.361269162874258E+03   9.6218877E-14   1.1195132E-15      0
  1.361853092752902E+03   9.4418417E-14   1.1214064E-15      0
  1.362437022090646E+03   9.3086454E-14   1.1066785E-15      0
  1.363020950887492E+03   9.2786191E-14   1.1426902E-15      0
  1.363604879143440E+03   9.3273188E-14   1.1110924E-15      0
  1.364188806858493E+03   9.2177974E-14   1.1220273E-15      0
  1.364772734032651E+03   8.9717886E-14   1.0785098E-15      0
  1.365356660665917E+03   9.1096571E-14   1.1381503E-15      0
  1.365940586758292E+03   9.1040863E-14   1.0969695E-15      0
  1.366524512309778E+03   9.0404016E-14   1.0824850E-15      0
  1.367108437320375E+03   9.0589293E-14   1.1197223E-15      0
  1.367692361790086E+03   9.3879853E-14   1.1435234E-15      0
  1.368276285718911E+03   9.2160851E-14   1.1108835E-15      0
  1.368860209106853E+03   8.8075055E-14   1.0956722E-15      0
  1.369444131953913E+03   9.0295643E-14   1.0786618E-15      0
  1.370028054260092E+03   8.6083328E-14   1.0989017E-15      0
  1.370611976025392E+03   8.5110175E-14   1.0852621E-15      0
  1.371195897249815E+03   8.6881233E-14   1.0826323E-15      0
  1.371779817933361E+03   8.7690854E-14   1.0875276E-15      0
  1.372363738076033E+03   8.7327965E-14   1.0874820E-15      0
  1.372947657677832E+03   8.4973098E-14   1.0808799E-15      0
  1.373531576738760E+03   8.5532208E-14   1.0916732E-15      0
  1.374115495258817E+03   8.3482659E-14   1.0717741E-15      0
  1.374699413238005E+03   8.1060382E-14   1.0415861E-15      0
  1.375283330676327E+03   8.2349316E-14   1.0568356E-15      0
  1.375867247573783E+03   8.3733185E-14   1.0527919E-15      0
  1.376451163930375E+03   8.2782719E-14   1.0798376E-15      0
  1.377035079746105E+03   8.1335790E-14   1.0284239E-15      0
  1.377618995020973E+03   7.8116374E-14   1.0566285E-15      0
  1.378202909754982E+03   7.9027198E-14   1.0200061E-15      0
  1.378786823948133E+03   8.1470055E-14   1.0690385E-15      0
  1.379370737600427E+03   7.8979737E-14   1.0275305E-15      0
  1.379954650711866E+03   8.0140593E-14   1.0679754E-15      0
  1.380538563282452E+03   7.7455688E-14   1.0277500E-15      0
  1.381122475312186E+03   7.7939818E-14   1.0469122E-15      0
  1.381706386801069E+03   7.6673904E-14   1.0115013E-15      0
  1.382290297749103E+03   7.6021668E-14   1.0451261E-15      0
  1.382874208156290E+03   7.5239348E-14   1.0217144E-15      0
  1.383458118022631E+03   7.6621611E-14   1.0482562E-15      0
  1.384042027348127E+03   7.5985977E-14   1.0312348E-15      0
  1.384625936132780E+03   7.3318969E-14   1.0187103E-15      0
  1.385209844376591E+03   7.1393398E-14   9.9070763E-16      0
  1.385793752079562E+03   6.9465009E-14   9.9683538E-16      0
  1.386377659241696E+03   6.7173568E-14   9.6389194E-16      0
  1.386961565862992E+03   6.5019963E-14   9.6560644E-16      0
  1.387545471943452E+03   6.3415703E-14   9.4431288E-16      0
  1.388129377483079E+03   6.3305311E-14   9.4766544E-16     16
  1.388713282481873E+03   6.0285524E-14   9.2973248E-16      0
  1.389297186939836E+03   6.0076198E-14   9.1119940E-16      0
  1.389881090856969E+03   5.5377306E-14   8.8329130E-16      0
  1.390464994233275E+03   5.0480968E-14   8.3501366E-16      0
  1.391048897068754E+03   4.7900289E-14   8.2929200E-16      0
  1.391632799363408E+03   4.2692870E-14   7.8203296E-16      0
  1.392216701117239E+03   3.8631225E-14   7.4711599E-16      0
  1.392800602330247E+03   3.3224874E-14   6.9327444E-16      0
  1.393384503002435E+03   2.7897997E-14   6.2899597E-16      0
  1.393968403133805E+03   2.4267458E-14   5.9714806E-16      0
  1.394552302724356E+03   2.0254625E-14   5.2846851E-16      0
  1.395136201774092E+03   1.7415614E-14   5.1075166E-16      0
  1.395720100283013E+03   1.6797759E-14   4.7315483E-16      0
  1.396303998251122E+03   1.6730132E-14   5.0388285E-16      0
  1.396887895678419E+03   1.9831887E-14   5.3032632E-16      0
  1.397471792564906E+03   2.7053460E-14   6.3500435E-16      0
  1.398055688910584E+03   3.9676304E-14   7.5650969E-16      0
  1.398639584715456E+03   5.9724490E-14   9.4318230E-16      0
  1.399223479979522E+03   7.8594886E-14   1.0996094E-15      0
  1.399807374702784E+03   7.7033886E-14   1.0501859E-15      0
  1.400391268885244E+03   7.0219797E-14   1.0519928E-15      0
  1.400975162526902E+03   6.0686075E-14   9.5795276E-16      0
  1.401559055627762E+03   5.4200158E-14   8.9140667E-16      0
  1.402142948187823E+03   4.6931561E-14   8.4052969E-16      0
  1.402726840207088E+03   4.1630816E-14   8.1577478E-16      0
  1.403310731685558E+03   3.6788443E-14   7.3815703E-16      0
  1.403894622623234E+03   3.0890960E-14   6.9186006E-16      0
  1.404478513020119E+03   2.7120316E-14   6.3085918E-16      0
  1.405062402876213E+03   2.3629846E-14   6.0782343E-16      0
  1.405646292191519E+03   2.8793387E-14   6.4740835E-16      0
  1.406230180966036E+03   3.6046188E-14   7.1559149E-16      0
  1.406814069199769E+03   5.3807775E-14   9.0151315E-16      0
  1.407397956892716E+03   8.3805541E-14   1.1334220E-15      0
  1.407981844044881E+03   1.1318787E-13   1.3096998E-15      0
  1.408565730656264E+03   1.2075596E-13   1.3694797E-15      0
  1.409149616726867E+03   1.1804948E-13   1.3410041E-15      0
  1.409733502256693E+03   1.1657133E-13   1.3088310E-15      0
  1.410317387245741E+03   1.1716410E-13   1.3361138E-15      0
  1.410901271694013E+03   1.1764534E-13   1.3621790E-15      0
  1.411485155601512E+03   1.1051630E-13   1.3020461E-15      0
  1.412069038968238E+03   1.0637534E-13   1.2619643E-15      0
  1.412652921794194E+03   1.0288551E-13   1.2624261E-15      0
  1.413236804079380E+03   9.9164993E-14   1.2332187E-15      0
  1.413820685823798E+03   9.8301806E-14   1.2389124E-15      0
  1.414404567027450E+03   9.4870360E-14   1.2046405E-15      0
  1.414988447690337E+03   9.4222461E-14   1.2124435E-15      0
  1.415572327812460E+03   9.1915462E-14   1.1688229E-15      0
  1.416156207393822E+03   9.3117415E-14   1.2032588E-15      0
  1.416740086434424E+03   8.7923402E-14   1.1640484E-15      0
  1.417323964934266E+03   7.9004803E-14   1.1128722E-15      0
  1.417907842893351E+03   7.7291208E-14   1.0776604E-15      0
  1.418491720311680E+03   7.2768086E-14   1.0566311E-15      0
  1.419075597189255E+03   7.0271676E-14   1.0319228E-15      0
  1.419659473526078E+03   6.8853553E-14   1.0392034E-15      0
  1.420243349322148E+03   7.3168475E-14   1.0567046E-15      0
  1.420827224577469E+03   8.1667068E-14   1.1424282E-15      0
  1.421411099292041E+03   9.4073546E-14   1.1900256E-15      0
  1.421994973465867E+03   1.0469747E-13   1.3110847E-15      0
  1.422578847098947E+03   1.0314663E-13   1.2689981E-15      0
  1.423162720191284E+03   1.0486391E-13   1.3037821E-15      0
  1.423746592742878E+03   1.0371739E-13   1.2686586E-15      0
  1.424330464753731E+03   1.0540578E-13   1.2951379E-15      0
  1.424914336223845E+03   1.0329330E-13   1.2913517E-15      0
  1.425498207153221E+03   1.0323315E-13   1.3037775E-15      0
  1.426082077541861E+03   1.0565814E-13   1.3290526E-15      0
  1.426665947389766E+03   1.0357838E-13   1.3128309E-15      0
  1.427249816696937E+03   1.0561714E-13   1.3192242E-15      0
  1.427833685463377E+03   1.0664189E-13   1.3121789E-15      0
  1.428417553689086E+03   1.1247467E-13   1.3798971E-15      0
  1.429001421374067E+03   1.1113937E-13   1.3500492E-15      0
  1.429585288518320E+03   1.1179499E-13   1.3840823E-15      0
  1.430169155121848E+03   1.1169142E-13   1.3711994E-15      0
  1.430753021184651E+03   1.1157299E-13   1.3468943E-15      0
  1.431336886706731E+03   1.0773251E-13   1.3634580E-15      0
  1.431920751688090E+03   1.1023191E-13   1.3480409E-15      0
  1.432504616128729E+03   1.0709416E-13   1.3675687E-15      0
  1.433088480028650E+03   1.0764295E-13   1.3367950E-15      0
  1.433672343387855E+03   1.0667472E-13   1.3494212E-15      0
  1.434256206206343E+03   1.0964520E-13   1.3421361E-15      0
  1.434840068484118E+03   1.1096054E-13   1.3816784E-15      0
  1.435423930221181E+03   1.0963739E-13   1.3674161E-15      0
  1.436007791417533E+03   1.0425940E-13   1.3140819E-15      0
  1.436591652073176E+03   1.1046442E-13   1.3780940E-15      0
  1.437175512188111E+03   1.0544134E-13   1.3612596E-15      0
  1.437759371762339E+03   1.0712510E-13   1.3457242E-15      0
  1.438343230795863E+03   1.0423555E-13   1.3459650E-15      0
  1.438927089288683E+03   1.0695054E-13   1.3650412E-15      0
  1.439510947240802E+03   1.0422674E-13   1.3021484E-15      0
  1.440094804652221E+03   1.0415531E-13   1.3417088E-15      0
  1.440678661522940E+03   1.0372414E-13   1.3378502E-15      0
  1.441262517852963E+03   1.0541820E-13   1.3284024E-15      0
  1.441846373642289E+03   1.0650273E-13   1.3761740E-15      0
  1.442430228890922E+03   1.0891126E-13   1.3659030E-15      0
  1.443014083598861E+03   1.0629273E-13   1.3550169E-15      0
  1.443597937766110E+03   1.0642335E-13   1.3605061E-15      0
  1.444181791392668E+03   1.0707115E-13   1.3292757E-15      0
  1.444765644478538E+03   1.0487520E-13   1.3715549E-15      0
  1.445349497023722E+03   1.0282372E-13   1.3323507E-15      0
  1.445933349028220E+03   1.0608216E-13   1.3375908E-15      0
  1.446517200492035E+03   1.0691629E-13   1.3929733E-15      0
  1.447101051415167E+03   1.0713365E-13   1.3727708E-15      0
  1.447684901797619E+03   1.0634499E-13   1.3532692E-15      0
  1.448268751639391E+03   1.0340510E-13   1.3886714E-15      0
  1.448852600940485E+03   1.0649866E-13   1.3648697E-15      0
  1.449436449700904E+03   1.0590689E-13   1.3643376E-15      0
  1.450020297920647E+03   1.0551498E-13   1.3622255E-15      0
  1.450604145599718E+03   1.0366909E-13   1.3596882E-15      0
  1.451187992738116E+03   1.0759103E-13   1.3869674E-15      0
  1.451771839335845E+03   1.0775570E-13   1.3685815E-15      0
  1.452355685392904E+03   1.0511507E-13   1.3902472E-15      0
  1.452939530909297E+03   1.0429687E-13   1.3562743E-15      0
  1.453523375885023E+03   1.0924450E-13   1.3952626E-15      0
  1.454107220320086E+03   1.0696526E-13   1.4035007E-15      0
  1.454691064214486E+03   1.0347633E-13   1.3752686E-15      0
  1.455274907568224E+03   1.0040374E-13   1.3449591E-15      0
  1.455858750381303E+03   1.0233356E-13   1.3681749E-15      0
  1.456442592653724E+03   1.0269827E-13   1.3483924E-15      0
  1.457026434385487E+03   1.0237206E-13   1.3780414E-15      0
  1.457610275576596E+03   1.0352676E-13   1.3734015E-15      0
  1.458194116227051E+03   1.0317807E-13   1.3922639E-15      0
  1.458777956336853E+03   1.0079309E-13   1.3560553E-15      0
  1.459361795906005E+03   1.0130176E-13   1.3884764E-15      0
  1.459945634934508E+03   1.0588259E-13   1.3879556E-15      0
  1.460529473422363E+03   1.0460378E-13   1.4102951E-15      0
  1.461113311369572E+03   1.0304579E-13   1.3612224E-15      0
  1.461697148776137E+03   1.0712786E-13   1.4209940E-15      0
  1.462280985642057E+03   1.0598618E-13   1.3979417E-15      0
  1.462864821967337E+03   1.0498188E-13   1.4142523E-15      0
  1.463448657751976E+03   1.0599293E-13   1.4167672E-15      0
  1.464032492995976E+03   1.0729511E-13   1.4068062E-15      0
  1.464616327699340E+03   1.0701335E-13   1.4182925E-15      0
  1.465200161862067E+03   1.0675599E-13   1.4102705E-15      0
  1.465783995484160E+03   1.0195738E-13   1.3908815E-15      0
  1.466367828565621E+03   1.0551384E-13   1.4157905E-15      0
  1.466951661106451E+03   1.0568530E-13   1.4227201E-15      0
  1.467535493106651E+03   1.0259635E-13   1.4115206E-15      0
  1.468119324566222E+03   9.9697377E-14   1.3841222E-15      0
  1.468703155485167E+03   9.9589485E-14   1.3672262E-15      0
  1.469286985863487E+03   9.8716167E-14   1.3825304E-15      0
  1.469870815701183E+03   9.6446194E-14   1.3650832E-15      0
  1.470454644998257E+03   9.7995864E-14   1.3577315E-15      0
  1.471038473754711E+03   9.7486079E-14   1.3857507E-15      0
  1.471622301970545E+03   9.7389009E-14   1.3629047E-15      0
  1.472206129645761E+03   9.8888501E-14   1.3817714E-15      0
  1.472789956780361E+03   1.0195483E-13   1.4114431E-15      0
  1.473373783374347E+03   9.9943640E-14   1.4016399E-15      0
  1.473957609427720E+03   1.0280803E-13   1.4152506E-15      0
  1.474541434940480E+03   9.7939730E-14   1.3886702E-15      0
  1.475125259912631E+03   9.9755368E-14   1.4028648E-15      0
  1.475709084344173E+03   1.0061446E-13   1.4239781E-15      0
  1.476292908235108E+03   1.0116639E-13   1.3990209E-15      0
  1.476876731585437E+03   9.8073439E-14   1.3896493E-15      0
  1.477460554395162E+03   1.0047272E-13   1.4170120E-15      0
  1.478044376664285E+03   1.0208119E-13   1.4318731E-15      0
  1.478628198392806E+03   1.0254224E-13   1.4523254E-15      0
  1.479212019580728E+03   1.0198218E-13   1.4220686E-15      0
  1.479795840228051E+03   9.9699356E-14   1.4054109E-15      0
  1.480379660334778E+03   9.7803113E-14   1.3998670E-15      0
  1.480963479900910E+03   1.0366267E-13   1.4389621E-15      0
  1.481547298926448E+03   1.0236482E-13   1.4513555E-15      0
  1.482131117411394E+03   1.0295755E-13   1.4678203E-15      0
  1.482714935355749E+03   9.8537193E-14   1.4046207E-15      0
  1.483298752759516E+03   9.8957030E-14   1.4416545E-15      0
  1.483882569622694E+03   9.8078724E-14   1.3980925E-15      0
  1.484466385945287E+03   9.6415639E-14   1.3949484E-15      0
  1.485050201727295E+03   1.0031547E-13   1.3934868E-15      0
  1.485634016968719E+03   1.0003856E-13   1.4151345E-15      0
  1.486217831669563E+03   1.0221498E-13   1.4695282E-15      0
  1.486801645829825E+03   1.0122162E-13   1.4368596E-15      0
  1.487385459449510E+03   9.9964226E-14   1.4209417E-15      0
  1.487969272528617E+03   1.0201941E-13   1.4494374E-15      0
  1.488553085067149E+03   1.0235942E-13   1.4386740E-15      0
  1.489136897065106E+03   1.0356269E-13   1.4383993E-15      0
  1.489720708522491E+03   1.0709610E-13   1.5078748E-15      0
  1.490304519439305E+03   1.0481264E-13   1.4673697E-15      0
  1.490888329815549E+03   1.0526097E-13   1.4768302E-15      0
  1.491472139651225E+03   1.0207787E-13   1.4466361E-15      0
  1.492055948946335E+03   1.0312799E-13   1.4825414E-15      0
  1.492639757700879E+03   1.0272965E-13   1.4683839E-15      0
  1.493223565914861E+03   9.9243205E-14   1.4339624E-15      0
  1.493807373588279E+03   1.0002376E-13   1.4648127E-15      0
  1.494391180721137E+03   1.0008697E-13   1.4442841E-15      0
  1.494974987313436E+03   9.8148615E-14   1.4624286E-15      0
  1.495558793365178E+03   9.6798227E-14   1.4478290E-15      0
  1.496142598876363E+03   9.4305240E-14   1.3949638E-15      0
  1.496726403846994E+03   9.4686025E-14   1.4520118E-15      0
  1.497310208277072E+03   9.4133990E-14   1.4103239E-15      0
  1.497894012166598E+03   9.3078513E-14   1.4421979E-15      0
  1.498477815515574E+03   9.4657768E-14   1.4106471E-15      0
  1.499061618324001E+03   9.4281089E-14   1.4249233E-15      0
  1.499645420591881E+03   9.6263370E-14   1.4592592E-15      0
  1.500229222319216E+03   9.9112572E-14   1.4853894E-15      0
  1.500813023506007E+03   9.8890744E-14   1.4655735E-15      0
  1.501396824152255E+03   9.6709296E-14   1.4908244E-15      0
  1.501980624257962E+03   9.5777431E-14   1.5241547E-15      0
  1.502564423823130E+03   9.5848507E-14   1.4740381E-15      0
  1.503148222847760E+03   9.3318751E-14   1.4483893E-15      0
  1.503732021331852E+03   9.5407541E-14   1.4386061E-15      0
  1.504315819275410E+03   9.6507424E-14   1.4603353E-15      0
  1.504899616678435E+03   9.7184542E-14   1.4924508E-15      0
  1.505483413540926E+03   9.8459550E-14   1.4666462E-15      0
  1.506067209862888E+03   9.7868104E-14   1.4962272E-15      0
  1.506651005644321E+03   9.9252610E-14   1.4931523E-15      0
  1.507234800885226E+03   1.0367024E-13   1.5415717E-15      0
  1.507818595585605E+03   9.6795713E-14   1.4824165E-15      0
  1.508402389745459E+03   9.8779614E-14   1.4836574E-15      0
  1.508986183364790E+03   9.7399329E-14   1.4816235E-15      0
  1.509569976443600E+03   9.9998568E-14   1.5209774E-15      0
  1.510153768981890E+03   9.9905747E-14   1.4945101E-15      0
  1.510737560979661E+03   1.0246130E-13   1.5523078E-15      0
  1.511321352436916E+03   1.0430477E-13   1.5451572E-15      0
  1.511905143353654E+03   1.0215201E-13   1.5267544E-15      0
  1.512488933729878E+03   9.9359797E-14   1.5184766E-15      0
  1.513072723565590E+03   9.8150017E-14   1.5344746E-15      0
  1.513656512860792E+03   9.9494069E-14   1.4935878E-15      0
  1.514240301615483E+03   9.6693459E-14   1.5090188E-15      0
  1.514824089829666E+03   9.7859892E-14   1.5206036E-15      0
  1.515407877503343E+03   9.7577999E-14   1.5349477E-15      0
  1.515991664636515E+03   9.6624450E-14   1.4941515E-15      0
  1.516575451229183E+03   9.7387064E-14   1.5433477E-15      0
  1.517159237281350E+03   1.0297296E-13   1.5589761E-15      0
  1.517743022793016E+03   1.0067170E-13   1.5598760E-15      0
  1.518326807764182E+03   9.9997220E-14   1.5750195E-15      0
  1.518910592194851E+03   9.7125832E-14   1.5125225E-15      0
  1.519494376085024E+03   9.4200675E-14   1.5236908E-15      0
  1.520078159434703E+03   9.4904038E-14   1.5267685E-15      0
  1.520661942243889E+03   1.0096636E-13   1.5589803E-15      0
  1.521245724512583E+03   1.0403003E-13   1.6598967E-15      0
  1.521829506240787E+03   9.9145491E-14   1.5656687E-15      0
  1.522413287428503E+03   9.4122830E-14   1.5527808E-15      0
  1.522997068075731E+03   9.8143803E-14   1.5692251E-15      0
  1.523580848182474E+03   9.4020223E-14   1.5308558E-15      0
  1.524164627748733E+03   9.3144419E-14   1.5292285E-15      0
  1.524748406774510E+03   9.3256166E-14   1.5301556E-15      0
  1.525332185259805E+03   8.9842616E-14   1.4826339E-15      0
  1.525915963204621E+03   8.4064564E-14   1.4927344E-15      0
  1.526499740608959E+03   6.8996200E-14   1.3267577E-15      0
  1.527083517472821E+03   5.8888414E-14   1.2294824E-15      0
  1.527667293796207E+03   6.5806871E-14   1.2887996E-15      0
  1.528251069579120E+03   7.8592182E-14   1.4140468E-15      0
  1.528834844821561E+03   8.6202028E-14   1.4952369E-15      0
  1.529418619523531E+03   8.0787367E-14   1.4655086E-15      0
  1.530002393685033E+03   7.9718452E-14   1.4419502E-15      0
  1.530586167306067E+03   7.5299792E-14   1.3969885E-15      0
  1.531169940386635E+03   6.5579398E-14   1.3235511E-15      0
  1.531753712926738E+03   5.3669200E-14   1.1818733E-15      0
  1.532337484926379E+03   7.1086468E-14   1.3889749E-15      0
  1.532921256385558E+03   7.9521113E-14   1.4572680E-15      0
  1.533505027304277E+03   8.0184835E-14   1.4718452E-15      0
  1.534088797682537E+03   7.9621117E-14   1.4737409E-15      0
  1.534672567520341E+03   7.7948424E-14   1.4344468E-15      0
  1.535256336817689E+03   7.8576929E-14   1.4623250E-15      0
  1.535840105574583E+03   7.5987197E-14   1.4158335E-15      0
  1.536423873791024E+03   7.3136599E-14   1.4091111E-15      0
  1.537007641467015E+03   7.5986662E-14   1.4438610E-15      0
  1.537591408602476E+03   7.7496976E-14   1.4541993E-15      0
  1.538175175197567E+03   8.0369684E-14   1.4642258E-15      0
  1.538758941252212E+03   8.5442314E-14   1.5382807E-15      0
  1.539342706766412E+03   8.8975356E-14   1.5604895E-15      0
  1.539926471740169E+03   8.9838266E-14   1.5876733E-15      0
  1.540510236173483E+03   7.9155724E-14   1.4850276E-15      0
  1.541094000066357E+03   7.5928474E-14   1.4653144E-15      0
  1.541677763418792E+03   7.8202283E-14   1.4941146E-15      0
  1.542261526230789E+03   7.1091448E-14   1.4363195E-15      0
  1.542845288502351E+03   7.3810241E-14   1.4513903E-15      0
  1.543429050233478E+03   7.1938379E-14   1.4303522E-15      0
  1.544012811424172E+03   6.8364056E-14   1.3965100E-15      0
  1.544596572074434E+03   5.8738509E-14   1.3078957E-15      0
  1.545180332184266E+03   5.7288884E-14   1.2784531E-15      0
  1.545764091753670E+03   5.3956039E-14   1.2577926E-15      0
  1.546347850782647E+03   5.0196799E-14   1.1968582E-15      0
  1.546931609271199E+03   5.2195769E-14   1.2450522E-15      0
  1.547515367219326E+03   5.2110903E-14   1.2417444E-15      0
  1.548099124627031E+03   4.1945139E-14   1.1111385E-15      0
  1.548682881494315E+03   3.0233235E-14   9.3483215E-16      0
  1.549266637821180E+03   2.9933697E-14   9.4342477E-16      0
  1.549850393607626E+03   2.5217433E-14   8.6031178E-16      0
  1.550434148853656E+03   1.9566388E-14   7.7480131E-16      0
  1.551017903559271E+03   1.4178568E-14   6.4586532E-16      0
  1.551601657724473E+03   1.2871191E-14   6.2022140E-16      0
  1.552185411349262E+03   1.1656006E-14   5.9123313E-16      0
  1.552769164433641E+03   1.4115906E-14   6.5750684E-16      0
  1.553352916977611E+03   1.9293093E-14   7.5634510E-16      0
  1.553936668981174E+03   2.7300373E-14   9.2151954E-16      0
  1.554520420444331E+03   3.2066136E-14   9.8623191E-16      0
  1.555104171367083E+03   4.9605851E-14   1.2541101E-15      0
  1.555687921749432E+03   7.9474520E-14   1.5675364E-15      0
  1.556271671591380E+03   1.1067515E-13   1.8548899E-15      0
  1.556855420892927E+03   1.2006104E-13   1.9286299E-15      0
  1.557439169654077E+03   1.2997639E-13   2.0573016E-15      0
  1.558022917874829E+03   1.3286026E-13   2.0786153E-15      0
  1.558606665555186E+03   1.2882066E-13   2.0342168E-15      0
  1.559190412695149E+03   1.1817777E-13   1.9494353E-15      0
  1.559774159294719E+03   1.1544574E-13   1.8990140E-15      0
  1.560357905353898E+03   1.1378986E-13   1.9294708E-15      0
  1.560941650872688E+03   1.1261465E-13   1.9523044E-15      0
  1.561525395851090E+03   1.1245013E-13   1.9236538E-15      0
  1.562109140289106E+03   1.1398666E-13   1.9396371E-15      0
  1.562692884186736E+03   1.1221211E-13   1.9557849E-15      0
  1.563276627543983E+03   1.0647918E-13   1.8787345E-15      0
  1.563860370360848E+03   1.0549055E-13   1.8780677E-15      0
  1.564444112637333E+03   1.0281820E-13   1.8527145E-15      0
  1.565027854373439E+03   9.8628550E-14   1.7874189E-15      0
  1.565611595569167E+03   1.0106941E-13   1.8681098E-15      0
  1.566195336224519E+03   1.0641738E-13   1.9421330E-15      0
  1.566779076339497E+03   1.0543554E-13   1.8921890E-15      0
  1.567362815914101E+03   1.1007493E-13   1.9682007E-15      0
  1.567946554948335E+03   1.1372855E-13   1.9637741E-15      0
  1.568530293442198E+03   1.1646282E-13   1.9978977E-15      0
  1.569114031395693E+03   1.0997007E-13   1.9372874E-15      0
  1.569697768808821E+03   1.0538399E-13   1.9211813E-15      0
  1.570281505681583E+03   1.0321751E-13   1.8884064E-15      0
  1.570865242013982E+03   1.0215655E-13   1.8793764E-15      0
  1.571448977806018E+03   1.0334128E-13   1.9210661E-15      0
  1.572032713057693E+03   1.0127286E-13   1.8880458E-15      0
  1.572616447769009E+03   1.0456715E-13   1.9367021E-15      0
  1.573200181939966E+03   1.0753730E-13   1.9573434E-15      0
  1.573783915570568E+03   1.1686610E-13   2.0349759E-15      0
  1.574367648660814E+03   1.1278253E-13   2.0182570E-15      0
  1.574951381210707E+03   1.0898543E-13   1.9758977E-15      0
  1.575535113220247E+03   1.0512085E-13   1.9395174E-15      0
  1.576118844689438E+03   1.1422372E-13   2.0366111E-15      0
  1.576702575618280E+03   1.0859324E-13   2.0168172E-15      0
  1.577286306006773E+03   1.0256763E-13   1.9138197E-15      0
  1.577870035854921E+03   1.0040865E-13   1.9215230E-15      0
  1.578453765162725E+03   1.0391800E-13   1.9584230E-15      0
  1.579037493930186E+03   1.0516559E-13   1.9739029E-15      0
  1.579621222157305E+03   1.0591921E-13   2.0056296E-15      0
  1.580204949844084E+03   1.0803169E-13   1.9615570E-15      0
  1.580788676990525E+03   1.0562501E-13   2.0296320E-15      0
  1.581372403596629E+03   1.0376933E-13   1.9448304E-15      0
  1.581956129662397E+03   1.0144832E-13   1.9870139E-15      0
  1.582539855187832E+03   1.0060611E-13   1.9382320E-15      0
  1.583123580172933E+03   1.0004685E-13   1.9430811E-15      0
  1.583707304617704E+03   1.0025080E-13   1.9389840E-15      0
  1.584291028522146E+03   1.0105421E-13   1.9848269E-15      0
  1.584874751886260E+03   9.6244783E-14   1.9040697E-15      0
  1.585458474710047E+03   9.4073675E-14   1.9276109E-15      0
  1.586042196993509E+03   9.6282371E-14   1.9377596E-15      0
  1.586625918736648E+03   1.0241313E-13   1.9986916E-15      0
  1.587209639939465E+03   1.0425450E-13   2.0631694E-15      0
  1.587793360601961E+03   1.0255769E-13   2.0079661E-15      0
  1.588377080724139E+03   1.0350386E-13   2.0182385E-15      0
  1.588960800305999E+03   1.0540278E-13   2.0497573E-15      0
  1.589544519347543E+03   1.0377694E-13   2.0671149E-15      0
  1.590128237848772E+03   1.0695876E-13   2.1100355E-15      0
  1.590711955809689E+03   1.0209633E-13   2.0300913E-15      0
  1.591295673230294E+03   1.0293685E-13   2.0651468E-15      0
  1.591879390110590E+03   9.8988858E-14   2.0151149E-15      0
  1.592463106450577E+03   1.0188813E-13   2.0886846E-15      0
  1.593046822250257E+03   1.0159987E-13   2.0448947E-15      0
  1.593630537509631E+03   9.8251932E-14   2.0381787E-15      0
  1.594214252228702E+03   9.8979229E-14   2.0471416E-15      0
  1.594797966407470E+03   9.8450307E-14   2.0524906E-15      0
  1.595381680045937E+03   9.9339008E-14   2.0577954E-15      0
  1.595965393144105E+03   1.0299020E-13   2.1395322E-15      0
  1.596549105701975E+03   9.9670563E-14   2.0660419E-15      0
  1.597132817719548E+03   1.0178416E-13   2.1060049E-15      0
  1.597716529196826E+03   9.9080127E-14   2.1462676E-15      0
  1.598300240133811E+03   9.5643247E-14   2.0640054E-15      0
  1.598883950530504E+03   9.8161469E-14   2.0621375E-15      0
  1.599467660386907E+03   9.5003764E-14   2.0577276E-15      0
  1.600051369703021E+03   9.8038216E-14   2.0747979E-15      0
  1.600635078478847E+03   9.9811767E-14   2.1671486E-15      0
  1.601218786714387E+03   9.2935628E-14   2.0375526E-15      0
  1.601802494409643E+03   9.2597723E-14   2.0646233E-15      0
  1.602386201564616E+03   9.4374324E-14   2.0821042E-15      0
  1.602969908179307E+03   9.0413334E-14   1.9926846E-15      0
  1.603553614253719E+03   8.8400363E-14   2.0451833E-15      0
  1.604137319787852E+03   8.7161771E-14   1.9911335E-15      0
  1.604721024781708E+03   8.3905817E-14   1.9485154E-15      0
  1.605304729235289E+03   8.3725521E-14   1.9839934E-15      0
  1.605888433148596E+03   8.5845522E-14   2.0454910E-15      0
  1.606472136521631E+03   8.3944929E-14   1.9595802E-15      0
  1.607055839354394E+03   7.9389308E-14   1.9778300E-15      0
  1.607639541646888E+03   7.6222943E-14   1.8873154E-15      0
  1.608223243399114E+03   6.5784326E-14   1.7611926E-15      0
  1.608806944611074E+03   6.5583789E-14   1.8060303E-15      0
  1.609390645282768E+03   7.9240583E-14   1.9525698E-15      0
  1.609974345414200E+03   8.7394257E-14   2.0647779E-15      0
  1.610558045005369E+03   8.9471575E-14   2.0751102E-15      0
  1.611141744056278E+03   8.4327321E-14   2.0181043E-15      0
  1.611725442566928E+03   8.1097916E-14   2.0157419E-15      0
  1.612309140537321E+03   7.8130319E-14   1.9444872E-15      0
  1.612892837967457E+03   6.6367281E-14   1.8240732E-15      0
  1.613476534857340E+03   5.7487171E-14   1.6532342E-15      0
  1.614060231206969E+03   7.7208937E-14   1.9803579E-15      0
  1.614643927016347E+03   8.4925698E-14   2.0363769E-15      0
  1.615227622285475E+03   8.7400695E-14   2.1092416E-15      0
  1.615811317014354E+03   9.5841880E-14   2.1872557E-15      0
  1.616395011202987E+03   1.0097754E-13   2.2752542E-15      0
  1.616978704851374E+03   1.0364630E-13   2.2994609E-15      0
  1.617562397959517E+03   1.0375602E-13   2.2686793E-15      0
  1.618146090527418E+03   1.0079481E-13   2.2918950E-15      0
  1.618729782555078E+03   1.0527947E-13   2.2879777E-15      0
  1.619313474042498E+03   1.0356486E-13   2.3357935E-15      0
  1.619897164989681E+03   1.0474398E-13   2.2510324E-15      0
  1.620480855396627E+03   9.7357865E-14   2.2568181E-15      0
  1.621064545263338E+03   9.9261169E-14   2.2260545E-15      0
  1.621648234589815E+03   1.0129586E-13   2.2937714E-15      0
  1.622231923376061E+03   1.0134383E-13   2.2865968E-15      0
  1.622815611622076E+03   1.0248029E-13   2.2763123E-15      0
  1.623399299327863E+03   9.5422388E-14   2.2237611E-15      0
  1.623982986493422E+03   9.6768385E-14   2.2294269E-15      0
  1.624566673118755E+03   9.3173028E-14   2.2043675E-15      0
  1.625150359203863E+03   9.2819612E-14   2.2072217E-15      0
  1.625734044748749E+03   9.5718165E-14   2.2302456E-15      0
  1.626317729753413E+03   1.0990746E-13   2.3876866E-15      0
  1.626901414217858E+03   1.1067152E-13   2.4711587E-15      0
  1.627485098142084E+03   1.0189373E-13   2.3356576E-15      0
  1.628068781526093E+03   1.0245618E-13   2.3218986E-15      0
  1.628652464369886E+03   1.0121413E-13   2.3490619E-15      0
  1.629236146673466E+03   9.5412048E-14   2.2505102E-15      0
  1.629819828436833E+03   9.0782721E-14   2.2355844E-15      0
  1.630403509659989E+03   8.4708065E-14   2.1045688E-15      0
  1.630987190342936E+03   8.8436284E-14   2.2104733E-15      0
  1.631570870485675E+03   1.0083670E-13   2.3414570E-15      0
  1.632154550088207E+03   1.0185291E-13   2.3587348E-15      0
  1.632738229150535E+03   9.4706002E-14   2.2477739E-15      0
  1.633321907672659E+03   8.8668330E-14   2.2494296E-15      0
  1.633905585654581E+03   9.0330575E-14   2.1941916E-15      0
  1.634489263096303E+03   8.7001993E-14   2.1626881E-15      0
  1.635072939997825E+03   8.5872370E-14   2.2056518E-15      0
  1.635656616359151E+03   9.7053333E-14   2.3438120E-15      0
  1.636240292180280E+03   1.0923099E-13   2.4376945E-15      0
  1.636823967461215E+03   1.1710500E-13   2.5862518E-15      0
  1.637407642201958E+03   1.1870123E-13   2.5999079E-15      0
  1.637991316402508E+03   1.2072411E-13   2.5784013E-15      0
  1.638574990062869E+03   1.1872670E-13   2.5754390E-15      0
  1.639158663183041E+03   1.1465316E-13   2.5779035E-15      0
  1.639742335763026E+03   1.1087442E-13   2.4496955E-15      0
  1.640326007802826E+03   1.0557142E-13   2.4693996E-15      0
  1.640909679302442E+03   1.0365336E-13   2.4435666E-15      0
  1.641493350261876E+03   1.0353862E-13   2.4405808E-15      0
  1.642077020681128E+03   1.0190716E-13   2.4365294E-15      0
  1.642660690560201E+03   9.6826457E-14   2.3483722E-15      0
  1.643244359899097E+03   9.2646858E-14   2.3121878E-15      0
  1.643828028697816E+03   9.2894937E-14   2.3231024E-15      0
  1.644411696956359E+03   1.0561583E-13   2.4501379E-15      0
  1.644995364674730E+03   1.1771855E-13   2.6751505E-15      0
  1.645579031852928E+03   1.1791786E-13   2.6718299E-15      0
  1.646162698490956E+03   1.1569250E-13   2.6016645E-15      0
  1.646746364588816E+03   1.1386648E-13   2.6186085E-15      0
  1.647330030146507E+03   1.1494991E-13   2.5945680E-15      0
  1.647913695164033E+03   1.0877786E-13   2.5232732E-15      0
  1.648497359641394E+03   1.0962359E-13   2.5551717E-15      0
  1.649081023578593E+03   9.9759055E-14   2.4646410E-15      0
  1.649664686975630E+03   1.0868125E-13   2.5460182E-15      0
  1.650248349832507E+03   1.0601929E-13   2.5205229E-15      0
  1.650832012149225E+03   9.8106094E-14   2.3780461E-15      0
  1.651415673925787E+03   9.4790298E-14   2.4218870E-15      0
  1.651999335162193E+03   1.1221812E-13   2.5586775E-15      0
  1.652582995858445E+03   1.1123891E-13   2.6267190E-15      0
  1.653166656014545E+03   1.0131387E-13   2.4311146E-15      0
  1.653750315630494E+03   9.7922443E-14   2.4446478E-15      0
  1.654333974706293E+03   9.6629044E-14   2.4216422E-15      0
  1.654917633241945E+03   9.0800346E-14   2.3319457E-15      0
  1.655501291237450E+03   9.1020378E-14   2.3452580E-15      0
  1.656084948692810E+03   9.2835421E-14   2.3609557E-15      0
  1.656668605608027E+03   9.4619787E-14   2.4210719E-15      0
  1.657252261983102E+03   9.1795373E-14   2.3460555E-15      0
  1.657835917818036E+03   1.0105187E-13   2.4759908E-15      0
  1.658419573112831E+03   1.0416260E-13   2.4979292E-15      0
  1.659003227867489E+03   9.8919977E-14   2.4850344E-15      0
  1.659586882082011E+03   9.7521153E-14   2.3868406E-15      0
  1.660170535756399E+03   9.1873069E-14   2.3943209E-15      0
  1.660754188890653E+03   8.9692610E-14   2.3356758E-15      0
  1.661337841484777E+03   9.4567874E-14   2.4100226E-15      0
  1.661921493538770E+03   8.9450901E-14   2.3850220E-15      0
  1.662505145052635E+03   9.5617660E-14   2.4622115E-15      0
  1.663088796026372E+03   1.0267001E-13   2.4975982E-15      0
  1.663672446459985E+03   9.7833186E-14   2.4859136E-15      0
  1.664256096353473E+03   9.7184054E-14   2.4543301E-15      0
  1.664839745706839E+03   1.0150893E-13   2.5789316E-15      0
  1.665423394520084E+03   1.0258938E-13   2.5330827E-15      0
  1.666007042793210E+03   1.0232958E-13   2.5828533E-15      0
  1.666590690526217E+03   1.0801141E-13   2.6285152E-15      0
  1.667174337719109E+03   1.0307022E-13   2.5595379E-15      0
  1.667757984371885E+03   1.1199350E-13   2.6715142E-15      0
  1.668341630484547E+03   1.0467287E-13   2.5749511E-15      0
  1.668925276057098E+03   1.0257624E-13   2.5789568E-15      0
  1.669508921089539E+03   9.6323245E-14   2.5183704E-15      0
  1.670092565581871E+03   8.2664541E-14   2.3052171E-15      0
  1.670676209534094E+03   6.6913197E-14   2.0931328E-15      0
  1.671259852946213E+03   7.7582153E-14   2.2366102E-15      0
  1.671843495818226E+03   9.4557723E-14   2.4547944E-15      0
  1.672427138150137E+03   9.1454974E-14   2.4676602E-15      0
  1.673010779941946E+03   1.0251453E-13   2.5982585E-15      0
  1.673594421193655E+03   9.5008230E-14   2.4770439E-15      0
  1.674178061905266E+03   9.2266438E-14   2.4442866E-15      0
  1.674761702076780E+03   8.7426438E-14   2.3704395E-15      0
  1.675345341708198E+03   7.4407467E-14   2.2456427E-15      0
  1.675928980799522E+03   5.3515799E-14   1.8487036E-15      0
  1.676512619350754E+03   7.6761751E-14   2.2749916E-15      0
  1.677096257361895E+03   9.6994488E-14   2.5462914E-15      0
  1.677679894832947E+03   9.8784079E-14   2.5416503E-15      0
  1.678263531763910E+03   1.1629773E-13   2.7578664E-15      0
  1.678847168154787E+03   1.1747966E-13   2.8175613E-15      0
  1.679430804005580E+03   1.1315014E-13   2.6979545E-15      0
  1.680014439316288E+03   1.0952648E-13   2.7468935E-15      0
  1.680598074086915E+03   1.2250677E-13   2.8743254E-15      0
  1.681181708317461E+03   1.1156520E-13   2.7238130E-15      0
  1.681765342007929E+03   1.1254178E-13   2.7878499E-15      0
  1.682348975158318E+03   1.0942892E-13   2.7280850E-15      0
  1.682932607768632E+03   1.1942537E-13   2.9369557E-15      0
  1.683516239838872E+03   1.0900403E-13   2.7530762E-15      0
  1.684099871369038E+03   1.0999876E-13   2.7276288E-15      0
  1.684683502359133E+03   1.0647033E-13   2.7544031E-15      0
  1.685267132809158E+03   1.0182521E-13   2.7163394E-15      0
  1.685850762719115E+03   1.0292410E-13   2.6802833E-15      0
  1.686434392089004E+03   1.0480316E-13   2.7596261E-15      0
  1.687018020918828E+03   1.0709391E-13   2.7356596E-15      0
  1.687601649208588E+03   1.0235409E-13   2.7039286E-15      0
  1.688185276958286E+03   1.0045125E-13   2.6808470E-15      0
  1.688768904167923E+03   9.1245967E-14   2.5873333E-15      0
  1.689352530837500E+03   8.9818079E-14   2.5048035E-15      0
  1.689936156967020E+03   8.2939759E-14   2.4854348E-15      0
  1.690519782556482E+03   8.7718637E-14   2.5159856E-15      0
  1.691103407605890E+03   8.5208967E-14   2.5151818E-15      0
  1.691687032115244E+03   8.4162529E-14   2.4693782E-15      0
  1.692270656084546E+03   8.4577914E-14   2.4977572E-15      0
  1.692854279513798E+03   9.1504874E-14   2.6025540E-15      0
  1.693437902403001E+03   8.3566942E-14   2.4595573E-15      0
  1.694021524752157E+03   7.9402644E-14   2.4571183E-15      0
  1.694605146561266E+03   7.4199083E-14   2.3417712E-15      0
  1.695188767830331E+03   7.5200873E-14   2.3771467E-15      0
  1.695772388559353E+03   8.0042086E-14   2.4922130E-15      0
  1.696356008748333E+03   7.8539477E-14   2.4319855E-15      0
  1.696939628397274E+03   8.3708295E-14   2.5492397E-15      0
  1.697523247506176E+03   9.0700925E-14   2.6438772E-15      0
  1.698106866075041E+03   9.5384319E-14   2.7207416E-15      0
  1.698690484103871E+03   9.5854612E-14   2.7215272E-15      0
  1.699274101592666E+03   1.0011974E-13   2.7756241E-15      0
  1.699857718541429E+03   9.8652206E-14   2.8033902E-15      0
  1.700441334950161E+03   1.0479469E-13   2.8601802E-15      0
  1.701024950818864E+03   1.0622032E-13   2.8819623E-15      0
  1.701608566147539E+03   1.0005430E-13   2.8309042E-15      0
  1.702192180936187E+03   9.7337428E-14   2.7628353E-15      0
  1.702775795184810E+03   9.4486871E-14   2.7037404E-15      0
  1.703359408893410E+03   9.9656306E-14   2.8254630E-15      0
  1.703943022061987E+03   1.0316600E-13   2.8084343E-15      0
  1.704526634690544E+03   1.0090241E-13   2.8484721E-15      0
  1.705110246779082E+03   9.2463092E-14   2.6811864E-15      0
  1.705693858327603E+03   9.1493490E-14   2.6860304E-15      0
  1.706277469336108E+03   9.2909702E-14   2.7440367E-15      0
  1.706861079804598E+03   9.0977525E-14   2.6994906E-15      0
  1.707444689733075E+03   8.9832696E-14   2.6812377E-15      0
  1.708028299121541E+03   8.3380060E-14   2.6187891E-15      0
  1.708611907969997E+03   7.9726339E-14   2.5177222E-15      0
  1.709195516278444E+03   8.3870302E-14   2.6466281E-15      0
  1.709779124046883E+03   7.6567828E-14   2.5264162E-15      0
  1.710362731275318E+03   7.7324852E-14   2.5449192E-15      0
  1.710946337963749E+03   6.9932334E-14   2.3908799E-15      0
  1.711529944112177E+03   7.1178381E-14   2.4485302E-15      0
  1.712113549720604E+03   7.2728587E-14   2.4422124E-15      0
  1.712697154789032E+03   7.1031404E-14   2.4960771E-15      0
  1.713280759317461E+03   7.6529379E-14   2.5150373E-15      0
  1.713864363305894E+03   7.1853093E-14   2.4898652E-15      0
  1.714447966754332E+03   7.1725740E-14   2.4212854E-15      0
  1.715031569662777E+03   8.0295606E-14   2.6896320E-15      0
  1.715615172031230E+03   8.5882053E-14   2.6874585E-15      0
  1.716198773859692E+03   8.4660069E-14   2.7466481E-15   2048
  1.716782375148165E+03   6.7711278E-14   2.2177101E-15   2560
  1.717365975896650E+03   6.1313767E-14   2.2970299E-15   2564
  1.717949576105150E+03   8.4083599E-14   2.6957910E-15   2564
  1.718533175773665E+03   1.4885285E-13   3.5942369E-15   2564
  1.719116774902197E+03   1.2055101E-15   3.2608018E-16   2564
