# based on SN1998S
# The UV spectra are from HST (Frannson et al. 2005) March 16, 1998
# The optical spectrum is from Fassia et al. (2000) March 16, 1998
      900.000  4.54951e-15
      910.000  4.76559e-15
      920.000  5.20666e-15
      930.000  5.67445e-15
      940.000  6.16946e-15
      950.000  6.69214e-15
      960.000  7.24286e-15
      970.000  7.82197e-15
      980.000  8.42973e-15
      990.000  9.06634e-15
      1000.00  9.73197e-15
      1010.00  1.04267e-14
      1020.00  1.11505e-14
      1030.00  1.19034e-14
      1040.00  1.26853e-14
      1050.00  1.34961e-14
      1060.00  1.43355e-14
      1070.00  1.52032e-14
      1080.00  1.60990e-14
      1090.00  1.70225e-14
      1100.00  1.79733e-14
      1110.00  1.89509e-14
      1120.00  1.99547e-14
      1130.00  2.04610e-14
      1140.00  4.36635e-14
      1150.00  4.90040e-14
      1160.00  5.00419e-14
      1170.00  4.28424e-14
      1180.00  4.00791e-14
      1190.00  3.21428e-14
      1200.00  1.84815e-14
      1210.00  9.20041e-15
      1220.00  2.17078e-14
      1230.00  3.38172e-14
      1240.00  4.47087e-14
      1250.00  6.00362e-14
      1260.00  6.31916e-14
      1270.00  6.85309e-14
      1280.00  6.45442e-14
      1290.00  4.56480e-14
      1300.00  4.48882e-14
      1310.00  6.62377e-14
      1320.00  6.97931e-14
      1330.00  5.88919e-14
      1340.00  6.85457e-14
      1350.00  8.92876e-14
      1360.00  9.13463e-14
      1370.00  8.40415e-14
      1380.00  6.69241e-14
      1390.00  4.78938e-14
      1400.00  6.43612e-14
      1410.00  8.73351e-14
      1420.00  9.81913e-14
      1430.00  1.07226e-13
      1440.00  1.06234e-13
      1450.00  1.04857e-13
      1460.00  1.02513e-13
      1470.00  1.00798e-13
      1480.00  1.01122e-13
      1490.00  9.88713e-14
      1500.00  9.76428e-14
      1510.00  9.86713e-14
      1520.00  8.68827e-14
      1530.00  7.63458e-14
      1540.00  5.50032e-14
      1550.00  7.08548e-14
      1560.00  1.08349e-13
      1570.00  1.05725e-13
      1580.00  1.02822e-13
      1590.00  9.82278e-14
      1600.00  8.69688e-14
      1610.00  8.88016e-14
      1620.00  9.79566e-14
      1630.00  1.00971e-13
      1640.00  1.06046e-13
      1650.00  1.01381e-13
      1660.00  9.57141e-14
      1670.00  9.94063e-14
      1680.00  9.74016e-14
      1690.00  9.29005e-14
      1700.00  8.71040e-14
      1710.00  7.91012e-14
      1720.00  7.62442e-14
      1730.00  1.08957e-16
      1740.00  1.08957e-16
      1750.00  9.55661e-14
      1760.00  8.90042e-14
      1770.00  8.52593e-14
      1780.00  9.19350e-14
      1790.00  9.90844e-14
      1800.00  1.01047e-13
      1810.00  9.63479e-14
      1820.00  9.17860e-14
      1830.00  9.11951e-14
      1840.00  7.85963e-14
      1850.00  5.61092e-14
      1860.00  5.45736e-14
      1870.00  7.28824e-14
      1880.00  7.11186e-14
      1890.00  5.88224e-14
      1900.00  6.38136e-14
      1910.00  6.25955e-14
      1920.00  5.19826e-14
      1930.00  5.73611e-14
      1940.00  6.55436e-14
      1950.00  6.27270e-14
      1960.00  7.12595e-14
      1970.00  8.24220e-14
      1980.00  7.11271e-14
      1990.00  6.06195e-14
      2000.00  7.18611e-14
      2010.00  8.83569e-14
      2020.00  9.32576e-14
      2030.00  8.56526e-14
      2040.00  7.94012e-14
      2050.00  7.17921e-14
      2060.00  6.14659e-14
      2070.00  6.42751e-14
      2080.00  6.92754e-14
      2090.00  7.06901e-14
      2100.00  8.12856e-14
      2110.00  9.31532e-14
      2120.00  1.04352e-13
      2130.00  1.05939e-13
      2140.00  1.00993e-13
      2150.00  1.03101e-13
      2160.00  1.04849e-13
      2170.00  1.03267e-13
      2180.00  1.06196e-13
      2190.00  1.09511e-13
      2200.00  1.09229e-13
      2210.00  1.07028e-13
      2220.00  1.05301e-13
      2230.00  1.04901e-13
      2240.00  1.05794e-13
      2250.00  1.04361e-13
      2260.00  1.04131e-13
      2270.00  1.04626e-13
      2280.00  9.96617e-14
      2290.00  8.77602e-14
      2300.00  9.67291e-14
      2310.00  1.12413e-13
      2320.00  1.10754e-13
      2330.00  1.07473e-13
      2340.00  1.03377e-13
      2350.00  1.08526e-13
      2360.00  1.11784e-13
      2370.00  1.01622e-13
      2380.00  9.81328e-14
      2390.00  1.10843e-13
      2400.00  1.19355e-13
      2410.00  1.21036e-13
      2420.00  1.23798e-13
      2430.00  1.25206e-13
      2440.00  1.25414e-13
      2450.00  1.26062e-13
      2460.00  1.25216e-13
      2470.00  1.24019e-13
      2480.00  1.22024e-13
      2490.00  1.21005e-13
      2500.00  1.20353e-13
      2510.00  1.18368e-13
      2520.00  1.16147e-13
      2530.00  1.11260e-13
      2540.00  1.08079e-13
      2550.00  1.15060e-13
      2560.00  1.20816e-13
      2570.00  1.17050e-13
      2580.00  1.08865e-13
      2590.00  1.03906e-13
      2600.00  1.07419e-13
      2610.00  1.19334e-13
      2620.00  1.29338e-13
      2630.00  1.30909e-13
      2640.00  1.30877e-13
      2650.00  1.30370e-13
      2660.00  1.30011e-13
      2670.00  1.29571e-13
      2680.00  1.28882e-13
      2690.00  1.27612e-13
      2700.00  1.27133e-13
      2710.00  1.26453e-13
      2720.00  1.25495e-13
      2730.00  1.24176e-13
      2740.00  1.22832e-13
      2750.00  1.22052e-13
      2760.00  1.20869e-13
      2770.00  1.19983e-13
      2780.00  1.10392e-13
      2790.00  8.40114e-14
      2800.00  8.60469e-14
      2810.00  1.15581e-13
      2820.00  1.27409e-13
      2830.00  1.26829e-13
      2840.00  1.23276e-13
      2850.00  1.18877e-13
      2860.00  1.22048e-13
      2870.00  1.26138e-13
      2880.00  1.25258e-13
      2890.00  1.23508e-13
      2900.00  1.22441e-13
      2910.00  1.23583e-13
      2920.00  1.24143e-13
      2930.00  1.23153e-13
      2940.00  1.21727e-13
      2950.00  1.21066e-13
      2960.00  1.22136e-13
      2970.00  1.23016e-13
      2980.00  1.23147e-13
      2990.00  1.23060e-13
      3000.00  1.22035e-13
      3010.00  1.21116e-13
      3020.00  1.21191e-13
      3030.00  1.20723e-13
      3040.00  1.19368e-13
      3050.00  1.18205e-13
      3060.00  1.17776e-13
      3070.00  1.17447e-13
      3080.00  1.17663e-13
      3090.00  1.18607e-13
      3100.00  1.18916e-13
      3110.00  1.16681e-13
      3120.00  1.16481e-13
      3130.00  1.16081e-13
      3140.00  1.15678e-13
      3150.00  1.15275e-13
      3160.00  1.14869e-13
      3170.00  1.14463e-13
      3180.00  1.14055e-13
      3190.00  1.13646e-13
      3200.00  1.13236e-13
      3210.00  1.12824e-13
      3220.00  1.12412e-13
      3230.00  1.11999e-13
      3240.00  1.11584e-13
      3250.00  1.11169e-13
      3260.00  1.10754e-13
      3270.00  1.10337e-13
      3280.00  1.09920e-13
      3290.00  1.09502e-13
      3300.00  1.09084e-13
      3310.00  1.08665e-13
      3320.00  1.08245e-13
      3330.00  1.07826e-13
      3340.00  1.07406e-13
      3350.00  1.06985e-13
      3360.00  1.06565e-13
      3370.00  1.06144e-13
      3380.00  1.05723e-13
      3390.00  1.05302e-13
      3400.00  1.04881e-13
      3410.00  1.04460e-13
      3420.00  1.04039e-13
      3430.00  1.03618e-13
      3440.00  1.03197e-13
      3450.00  1.02776e-13
      3460.00  1.02356e-13
      3470.00  1.01935e-13
      3480.00  1.01515e-13
      3490.00  1.01095e-13
      3500.00  1.00676e-13
      3510.00  1.00257e-13
      3520.00  9.98381e-14
      3530.00  9.94199e-14
      3540.00  9.90021e-14
      3550.00  9.85848e-14
      3560.00  9.81681e-14
      3570.00  9.77519e-14
      3580.00  9.73362e-14
      3590.00  9.69213e-14
      3600.00  9.65069e-14
      3610.00  9.60932e-14
      3620.00  9.56802e-14
      3630.00  9.52680e-14
      3640.00  9.48564e-14
      3650.00  9.44457e-14
      3660.00  9.40358e-14
      3670.00  9.36266e-14
      3680.00  9.32183e-14
      3690.00  9.28109e-14
      3700.00  9.24044e-14
      3710.00  9.19987e-14
      3720.00  9.15940e-14
      3730.00  9.11903e-14
      3740.00  9.07875e-14
      3750.00  9.03857e-14
      3760.00  8.99848e-14
      3770.00  8.95850e-14
      3780.00  8.91863e-14
      3790.00  8.87885e-14
      3800.00  8.83919e-14
      3810.00  8.79963e-14
      3820.00  8.76019e-14
      3830.00  8.72085e-14
      3840.00  8.68163e-14
      3850.00  8.64252e-14
      3860.00  8.60352e-14
      3870.00  8.56465e-14
      3880.00  8.52589e-14
      3890.00  8.48725e-14
      3900.00  8.44873e-14
      3910.00  8.41033e-14
      3920.00  8.37205e-14
      3930.00  8.33390e-14
      3940.00  8.29587e-14
      3950.00  8.25796e-14
      3960.00  8.22018e-14
      3970.00  8.18253e-14
      3980.00  8.14501e-14
      3990.00  8.12627e-14
      4000.00  8.18470e-14
      4010.00  8.10991e-14
      4020.00  7.95827e-14
      4030.00  7.86081e-14
      4040.00  7.79511e-14
      4050.00  7.75767e-14
      4060.00  7.73897e-14
      4070.00  7.73238e-14
      4080.00  7.71457e-14
      4090.00  7.63307e-14
      4100.00  7.60034e-14
      4110.00  7.75669e-14
      4120.00  7.81986e-14
      4130.00  7.73871e-14
      4140.00  7.72541e-14
      4150.00  7.73380e-14
      4160.00  7.66851e-14
      4170.00  7.53724e-14
      4180.00  7.47298e-14
      4190.00  7.41621e-14
      4200.00  7.33947e-14
      4210.00  7.31201e-14
      4220.00  7.29797e-14
      4230.00  7.23700e-14
      4240.00  7.17525e-14
      4250.00  7.11486e-14
      4260.00  7.03020e-14
      4270.00  6.97716e-14
      4280.00  6.95197e-14
      4290.00  6.93117e-14
      4300.00  6.91578e-14
      4310.00  6.91185e-14
      4320.00  6.91972e-14
      4330.00  6.89252e-14
      4340.00  6.86656e-14
      4350.00  7.04823e-14
      4360.00  7.16667e-14
      4370.00  7.10130e-14
      4380.00  7.02171e-14
      4390.00  6.94161e-14
      4400.00  6.88391e-14
      4410.00  6.82865e-14
      4420.00  6.78714e-14
      4430.00  6.74538e-14
      4440.00  6.71734e-14
      4450.00  6.71989e-14
      4460.00  6.68498e-14
      4470.00  6.62001e-14
      4480.00  6.62234e-14
      4490.00  6.62510e-14
      4500.00  6.56289e-14
      4510.00  6.51763e-14
      4520.00  6.49696e-14
      4530.00  6.46442e-14
      4540.00  6.41683e-14
      4550.00  6.36628e-14
      4560.00  6.33511e-14
      4570.00  6.32463e-14
      4580.00  6.30806e-14
      4590.00  6.28101e-14
      4600.00  6.28681e-14
      4610.00  6.28819e-14
      4620.00  6.27999e-14
      4630.00  6.26571e-14
      4640.00  6.23228e-14
      4650.00  6.22724e-14
      4660.00  6.24031e-14
      4670.00  6.23505e-14
      4680.00  6.21599e-14
      4690.00  6.20626e-14
      4700.00  6.19205e-14
      4710.00  6.15949e-14
      4720.00  6.13118e-14
      4730.00  6.07918e-14
      4740.00  5.99954e-14
      4750.00  5.91474e-14
      4760.00  5.83390e-14
      4770.00  5.73502e-14
      4780.00  5.62601e-14
      4790.00  5.56336e-14
      4800.00  5.52679e-14
      4810.00  5.47556e-14
      4820.00  5.44402e-14
      4830.00  5.43318e-14
      4840.00  5.42886e-14
      4850.00  5.41763e-14
      4860.00  5.37784e-14
      4870.00  5.58788e-14
      4880.00  5.73152e-14
      4890.00  5.62014e-14
      4900.00  5.50941e-14
      4910.00  5.40890e-14
      4920.00  5.35472e-14
      4930.00  5.35309e-14
      4940.00  5.33337e-14
      4950.00  5.32159e-14
      4960.00  5.30005e-14
      4970.00  5.25339e-14
      4980.00  5.24688e-14
      4990.00  5.23723e-14
      5000.00  5.23458e-14
      5010.00  5.26926e-14
      5020.00  5.28110e-14
      5030.00  5.28435e-14
      5040.00  5.28023e-14
      5050.00  5.24927e-14
      5060.00  5.22833e-14
      5070.00  5.19821e-14
      5080.00  5.16668e-14
      5090.00  5.16067e-14
      5100.00  5.15687e-14
      5110.00  5.14833e-14
      5120.00  5.13120e-14
      5130.00  5.09209e-14
      5140.00  5.10933e-14
      5150.00  5.11669e-14
      5160.00  5.05437e-14
      5170.00  5.03917e-14
      5180.00  5.04732e-14
      5190.00  5.01833e-14
      5200.00  5.00099e-14
      5210.00  4.97704e-14
      5220.00  4.91986e-14
      5230.00  4.87208e-14
      5240.00  4.83709e-14
      5250.00  4.80821e-14
      5260.00  4.74027e-14
      5270.00  4.69525e-14
      5280.00  4.67295e-14
      5290.00  4.64775e-14
      5300.00  4.64376e-14
      5310.00  4.61134e-14
      5320.00  4.58045e-14
      5330.00  4.56120e-14
      5340.00  4.51590e-14
      5350.00  4.48959e-14
      5360.00  4.46635e-14
      5370.00  4.43053e-14
      5380.00  4.40316e-14
      5390.00  4.38716e-14
      5400.00  4.37060e-14
      5410.00  4.36007e-14
      5420.00  4.34034e-14
      5430.00  4.33123e-14
      5440.00  4.33143e-14
      5450.00  4.32598e-14
      5460.00  4.31881e-14
      5470.00  4.29348e-14
      5480.00  4.28654e-14
      5490.00  4.27973e-14
      5500.00  4.26435e-14
      5510.00  4.25021e-14
      5520.00  4.26265e-14
      5530.00  4.23616e-14
      5540.00  4.19302e-14
      5550.00  4.19908e-14
      5560.00  4.16997e-14
      5570.00  4.15927e-14
      5580.00  4.16760e-14
      5590.00  4.13760e-14
      5600.00  4.11967e-14
      5610.00  4.10495e-14
      5620.00  4.10333e-14
      5630.00  4.09280e-14
      5640.00  4.08091e-14
      5650.00  4.07505e-14
      5660.00  4.04510e-14
      5670.00  4.02246e-14
      5680.00  4.01589e-14
      5690.00  4.01535e-14
      5700.00  4.03015e-14
      5710.00  4.02302e-14
      5720.00  4.00525e-14
      5730.00  3.98213e-14
      5740.00  3.93643e-14
      5750.00  3.89719e-14
      5760.00  3.86965e-14
      5770.00  3.84245e-14
      5780.00  3.80056e-14
      5790.00  3.76245e-14
      5800.00  3.74225e-14
      5810.00  3.73114e-14
      5820.00  3.72438e-14
      5830.00  3.71206e-14
      5840.00  3.68751e-14
      5850.00  3.67973e-14
      5860.00  3.65961e-14
      5870.00  3.62296e-14
      5880.00  3.57048e-14
      5890.00  3.66305e-14
      5900.00  3.69344e-14
      5910.00  3.58781e-14
      5920.00  3.63696e-14
      5930.00  3.69251e-14
      5940.00  3.65143e-14
      5950.00  3.61093e-14
      5960.00  3.61867e-14
      5970.00  3.61499e-14
      5980.00  3.59614e-14
      5990.00  3.58483e-14
      6000.00  3.56796e-14
      6010.00  3.55425e-14
      6020.00  3.54345e-14
      6030.00  3.50830e-14
      6040.00  3.50246e-14
      6050.00  3.49281e-14
      6060.00  3.47109e-14
      6070.00  3.46857e-14
      6080.00  3.44738e-14
      6090.00  3.41093e-14
      6100.00  3.39123e-14
      6110.00  3.36914e-14
      6120.00  3.35015e-14
      6130.00  3.34881e-14
      6140.00  3.34079e-14
      6150.00  3.33648e-14
      6160.00  3.32716e-14
      6170.00  3.29802e-14
      6180.00  3.27371e-14
      6190.00  3.26288e-14
      6200.00  3.23363e-14
      6210.00  3.19338e-14
      6220.00  3.17039e-14
      6230.00  3.15305e-14
      6240.00  3.11925e-14
      6250.00  3.08778e-14
      6260.00  3.05513e-14
      6270.00  2.99491e-14
      6280.00  2.94916e-14
      6290.00  2.94107e-14
      6300.00  2.93164e-14
      6310.00  2.92407e-14
      6320.00  2.93993e-14
      6330.00  2.93814e-14
      6340.00  2.93563e-14
      6350.00  2.93456e-14
      6360.00  2.92807e-14
      6370.00  2.90938e-14
      6380.00  2.89119e-14
      6390.00  2.87469e-14
      6400.00  2.84642e-14
      6410.00  2.81945e-14
      6420.00  2.77866e-14
      6430.00  2.74391e-14
      6440.00  2.70719e-14
      6450.00  2.65837e-14
      6460.00  2.61500e-14
      6470.00  2.57947e-14
      6480.00  2.55095e-14
      6490.00  2.52244e-14
      6500.00  2.50786e-14
      6510.00  2.48762e-14
      6520.00  2.46834e-14
      6530.00  2.46990e-14
      6540.00  2.44605e-14
      6550.00  2.39797e-14
      6560.00  2.34575e-14
      6570.00  2.34859e-14
      6580.00  2.65204e-14
      6590.00  2.73560e-14
      6600.00  2.52999e-14
      6610.00  2.45622e-14
      6620.00  2.40117e-14
      6630.00  2.35710e-14
      6640.00  2.37112e-14
      6650.00  2.42273e-14
      6660.00  2.44313e-14
      6670.00  2.43752e-14
      6680.00  2.42915e-14
      6690.00  2.45978e-14
      6700.00  2.49327e-14
      6710.00  2.49292e-14
      6720.00  2.48185e-14
      6730.00  2.46448e-14
      6740.00  2.46096e-14
      6750.00  2.46823e-14
      6760.00  2.46750e-14
      6770.00  2.45213e-14
      6780.00  2.43789e-14
      6790.00  2.43994e-14
      6800.00  2.44465e-14
      6810.00  2.43150e-14
      6820.00  2.42243e-14
      6830.00  2.41279e-14
      6840.00  2.40156e-14
      6850.00  2.39964e-14
      6860.00  2.27168e-14
      6870.00  2.04526e-14
      6880.00  2.04422e-14
      6890.00  2.13416e-14
      6900.00  2.12592e-14
      6910.00  2.18830e-14
      6920.00  2.24935e-14
      6930.00  2.28812e-14
      6940.00  2.28332e-14
      6950.00  2.25667e-14
      6960.00  2.24242e-14
      6970.00  2.25671e-14
      6980.00  2.24337e-14
      6990.00  2.21331e-14
      7000.00  2.22638e-14
      7010.00  2.23515e-14
      7020.00  2.21243e-14
      7030.00  2.21692e-14
      7040.00  2.23872e-14
      7050.00  2.23212e-14
      7060.00  2.22505e-14
      7070.00  2.23528e-14
      7080.00  2.27914e-14
      7090.00  2.27344e-14
      7100.00  2.20663e-14
      7110.00  2.19832e-14
      7120.00  2.19577e-14
      7130.00  2.17150e-14
      7140.00  2.14814e-14
      7150.00  2.13155e-14
      7160.00  2.11645e-14
      7170.00  2.07952e-14
      7180.00  2.01413e-14
      7190.00  1.97532e-14
      7200.00  1.99115e-14
      7210.00  2.03228e-14
      7220.00  2.05550e-14
      7230.00  2.00999e-14
      7240.00  1.99284e-14
      7250.00  2.01389e-14
      7260.00  1.99759e-14
      7270.00  1.96053e-14
      7280.00  1.95646e-14
      7290.00  1.98650e-14
      7300.00  1.98729e-14
      7310.00  1.97696e-14
      7320.00  1.99421e-14
      7330.00  2.00115e-14
      7340.00  1.97529e-14
      7350.00  1.96126e-14
      7360.00  1.95041e-14
      7370.00  1.94763e-14
      7380.00  1.95237e-14
      7390.00  1.95167e-14
      7400.00  1.94831e-14
      7410.00  1.92292e-14
      7420.00  1.91371e-14
      7430.00  1.92484e-14
      7440.00  1.93540e-14
      7450.00  1.92339e-14
      7460.00  1.90135e-14
      7470.00  1.90418e-14
      7480.00  1.91164e-14
      7490.00  1.90586e-14
      7500.00  1.90042e-14
      7510.00  1.92227e-14
      7520.00  1.92498e-14
      7530.00  1.89146e-14
      7540.00  1.89781e-14
      7550.00  1.92236e-14
      7560.00  1.90604e-14
      7570.00  1.83883e-14
      7580.00  1.82638e-14
      7590.00  1.55754e-14
      7600.00  9.51967e-15
      7610.00  8.37253e-15
      7620.00  1.11128e-14
      7630.00  1.11230e-14
      7640.00  1.16948e-14
      7650.00  1.35901e-14
      7660.00  1.55825e-14
      7670.00  1.69079e-14
      7680.00  1.76801e-14
      7690.00  1.81990e-14
      7700.00  1.85577e-14
      7710.00  1.84079e-14
      7720.00  1.82991e-14
      7730.00  1.82357e-14
      7740.00  1.81120e-14
      7750.00  1.82683e-14
      7760.00  1.84154e-14
      7770.00  1.83801e-14
      7780.00  1.81088e-14
      7790.00  1.78839e-14
      7800.00  1.79693e-14
      7810.00  1.81663e-14
      7820.00  1.81367e-14
      7830.00  1.78121e-14
      7840.00  1.77033e-14
      7850.00  1.76670e-14
      7860.00  1.77209e-14
      7870.00  1.78969e-14
      7880.00  1.75332e-14
      7890.00  1.71148e-14
      7900.00  1.70534e-14
      7910.00  1.72264e-14
      7920.00  1.72767e-14
      7930.00  1.69782e-14
      7940.00  1.67608e-14
      7950.00  1.67631e-14
      7960.00  1.67850e-14
      7970.00  1.66304e-14
      7980.00  1.63894e-14
      7990.00  1.59523e-14
      8000.00  1.60507e-14
      8010.00  1.66645e-14
      8020.00  1.64879e-14
      8030.00  1.61447e-14
      8040.00  1.61837e-14
      8050.00  1.62604e-14
      8060.00  1.61773e-14
      8070.00  1.58638e-14
      8080.00  1.57426e-14
      8090.00  1.59311e-14
      8100.00  1.60373e-14
      8110.00  1.58172e-14
      8120.00  1.55387e-14
      8130.00  1.52364e-14
      8140.00  1.51656e-14
      8150.00  1.54214e-14
      8160.00  1.52704e-14
      8170.00  1.48797e-14
      8180.00  1.46401e-14
      8190.00  1.48975e-14
      8200.00  1.55277e-14
      8210.00  1.59195e-14
      8220.00  1.54212e-14
      8230.00  1.47690e-14
      8240.00  1.51810e-14
      8250.00  1.56178e-14
      8260.00  1.58808e-14
      8270.00  1.58391e-14
      8280.00  1.53837e-14
      8290.00  1.52728e-14
      8300.00  1.54288e-14
      8310.00  1.56157e-14
      8320.00  1.59548e-14
      8330.00  1.59447e-14
      8340.00  1.53510e-14
      8350.00  1.52436e-14
      8360.00  1.56222e-14
      8370.00  1.60048e-14
      8380.00  1.59099e-14
      8390.00  1.53749e-14
      8400.00  1.55474e-14
      8410.00  1.58163e-14
      8420.00  1.59593e-14
      8430.00  1.59650e-14
      8440.00  1.57501e-14
      8450.00  1.57198e-14
      8460.00  1.57946e-14
      8470.00  1.59731e-14
      8480.00  1.58718e-14
      8490.00  1.56584e-14
      8500.00  1.56089e-14
      8510.00  1.56747e-14
      8520.00  1.57699e-14
      8530.00  1.58438e-14
      8540.00  1.59846e-14
      8550.00  1.58243e-14
      8560.00  1.56357e-14
      8570.00  1.55623e-14
      8580.00  1.53867e-14
      8590.00  1.53541e-14
      8600.00  1.53074e-14
      8610.00  1.53571e-14
      8620.00  1.55179e-14
      8630.00  1.57951e-14
      8640.00  1.56219e-14
      8650.00  1.52875e-14
      8660.00  1.51177e-14
      8670.00  1.51069e-14
      8680.00  1.52518e-14
      8690.00  1.53743e-14
      8700.00  1.55438e-14
      8710.00  1.49840e-14
      8720.00  1.47831e-14
      8730.00  1.49961e-14
      8740.00  1.47664e-14
      8750.00  1.46636e-14
      8760.00  1.47493e-14
      8770.00  1.47004e-14
      8780.00  1.45535e-14
      8790.00  1.46516e-14
      8800.00  1.49562e-14
      8810.00  1.52734e-14
      8820.00  1.52258e-14
      8830.00  1.48609e-14
      8840.00  1.45868e-14
      8850.00  1.47095e-14
      8860.00  1.48188e-14
      8870.00  1.48595e-14
      8880.00  1.49966e-14
      8890.00  1.44333e-14
      8900.00  1.43147e-14
      8910.00  1.43172e-14
      8920.00  1.42622e-14
      8930.00  1.41875e-14
      8940.00  1.40158e-14
      8950.00  1.43078e-14
      8960.00  1.43162e-14
      8970.00  1.41463e-14
      8980.00  1.40632e-14
      8990.00  1.43543e-14
      9000.00  1.46463e-14
      9010.00  1.40999e-14
      9020.00  1.40750e-14
      9030.00  1.40253e-14
      9040.00  1.39758e-14
      9050.00  1.39266e-14
      9060.00  1.38775e-14
      9070.00  1.38287e-14
      9080.00  1.37800e-14
      9090.00  1.37316e-14
      9100.00  1.36834e-14
      9110.00  1.36354e-14
      9120.00  1.35875e-14
      9130.00  1.35399e-14
      9140.00  1.34925e-14
      9150.00  1.34453e-14
      9160.00  1.33983e-14
      9170.00  1.33515e-14
      9180.00  1.33049e-14
      9190.00  1.32585e-14
      9200.00  1.32123e-14
      9210.00  1.31663e-14
      9220.00  1.31205e-14
      9230.00  1.30749e-14
      9240.00  1.30295e-14
      9250.00  1.29843e-14
      9260.00  1.29392e-14
      9270.00  1.28944e-14
      9280.00  1.28497e-14
      9290.00  1.28053e-14
      9300.00  1.27610e-14
      9310.00  1.27169e-14
      9320.00  1.26730e-14
      9330.00  1.26293e-14
      9340.00  1.25857e-14
      9350.00  1.25424e-14
      9360.00  1.24992e-14
      9370.00  1.24562e-14
      9380.00  1.24134e-14
      9390.00  1.23708e-14
      9400.00  1.23283e-14
      9410.00  1.22861e-14
      9420.00  1.22440e-14
      9430.00  1.22021e-14
      9440.00  1.21603e-14
      9450.00  1.21187e-14
      9460.00  1.20774e-14
      9470.00  1.20361e-14
      9480.00  1.19951e-14
      9490.00  1.19542e-14
      9500.00  1.19135e-14
      9510.00  1.18730e-14
      9520.00  1.18326e-14
      9530.00  1.17924e-14
      9540.00  1.17524e-14
      9550.00  1.17125e-14
      9560.00  1.16728e-14
      9570.00  1.16333e-14
      9580.00  1.15939e-14
      9590.00  1.15547e-14
      9600.00  1.15156e-14
      9610.00  1.14767e-14
      9620.00  1.14380e-14
      9630.00  1.13995e-14
      9640.00  1.13611e-14
      9650.00  1.13228e-14
      9660.00  1.12847e-14
      9670.00  1.12468e-14
      9680.00  1.12090e-14
      9690.00  1.11714e-14
      9700.00  1.11339e-14
      9710.00  1.10966e-14
      9720.00  1.10595e-14
      9730.00  1.10224e-14
      9740.00  1.09856e-14
      9750.00  1.09489e-14
      9760.00  1.09123e-14
      9770.00  1.08759e-14
      9780.00  1.08397e-14
      9790.00  1.08036e-14
      9800.00  1.07676e-14
      9810.00  1.07318e-14
      9820.00  1.06961e-14
      9830.00  1.06606e-14
      9840.00  1.06252e-14
      9850.00  1.05900e-14
      9860.00  1.05549e-14
      9870.00  1.05200e-14
      9880.00  1.04852e-14
      9890.00  1.04505e-14
      9900.00  1.04160e-14
      9910.00  1.03816e-14
      9920.00  1.03473e-14
      9930.00  1.03132e-14
      9940.00  1.02793e-14
      9950.00  1.02454e-14
      9960.00  1.02117e-14
      9970.00  1.01782e-14
      9980.00  1.01448e-14
      9990.00  1.01115e-14
      10000.0  1.00783e-14
      10010.0  1.00453e-14
      10020.0  1.00124e-14
      10030.0  9.97964e-15
      10040.0  9.94702e-15
      10050.0  9.91452e-15
      10060.0  9.88216e-15
      10070.0  9.84993e-15
      10080.0  9.81782e-15
      10090.0  9.78584e-15
      10100.0  9.75399e-15
      10110.0  9.72227e-15
      10120.0  9.69068e-15
      10130.0  9.65921e-15
      10140.0  9.62786e-15
      10150.0  9.59664e-15
      10160.0  9.56555e-15
      10170.0  9.53458e-15
      10180.0  9.50373e-15
      10190.0  9.47301e-15
      10200.0  9.44240e-15
      10210.0  9.41192e-15
      10220.0  9.38156e-15
      10230.0  9.35132e-15
      10240.0  9.32120e-15
      10250.0  9.29120e-15
      10260.0  9.26131e-15
      10270.0  9.23155e-15
      10280.0  9.20190e-15
      10290.0  9.17237e-15
      10300.0  9.14295e-15
      10310.0  9.11366e-15
      10320.0  9.08447e-15
      10330.0  9.05540e-15
      10340.0  9.02645e-15
      10350.0  8.99761e-15
      10360.0  8.96888e-15
      10370.0  8.94027e-15
      10380.0  8.91177e-15
      10390.0  8.88338e-15
      10400.0  8.85510e-15
      10410.0  8.82693e-15
      10420.0  8.79887e-15
      10430.0  8.77092e-15
      10440.0  8.74308e-15
      10450.0  8.71535e-15
      10460.0  8.68773e-15
      10470.0  8.66021e-15
      10480.0  8.63280e-15
      10490.0  8.60550e-15
      10500.0  8.57830e-15
      10510.0  8.55121e-15
      10520.0  8.52423e-15
      10530.0  8.49735e-15
      10540.0  8.47057e-15
      10550.0  8.44390e-15
      10560.0  8.41733e-15
      10570.0  8.39087e-15
      10580.0  8.36450e-15
      10590.0  8.33824e-15
      10600.0  8.31208e-15
      10610.0  8.28602e-15
      10620.0  8.26006e-15
      10630.0  8.23420e-15
      10640.0  8.20844e-15
      10650.0  8.18278e-15
      10660.0  8.15722e-15
      10670.0  8.13176e-15
      10680.0  8.10639e-15
      10690.0  8.08113e-15
      10700.0  8.05595e-15
      10710.0  8.03088e-15
      10720.0  8.00590e-15
      10730.0  7.98102e-15
      10740.0  7.95623e-15
      10750.0  7.93154e-15
      10760.0  7.90694e-15
      10770.0  7.88243e-15
      10780.0  7.85802e-15
      10790.0  7.83370e-15
      10800.0  7.80948e-15
      10810.0  7.78534e-15
      10820.0  7.76130e-15
      10830.0  7.73735e-15
      10840.0  7.71349e-15
      10850.0  7.68972e-15
      10860.0  7.66604e-15
      10870.0  7.64245e-15
      10880.0  7.61895e-15
      10890.0  7.59554e-15
      10900.0  7.57222e-15
      10910.0  7.54899e-15
      10920.0  7.52584e-15
      10930.0  7.50278e-15
      10940.0  7.47981e-15
      10950.0  7.45692e-15
      10960.0  7.43413e-15
      10970.0  7.41141e-15
      10980.0  7.38879e-15
      10990.0  7.36624e-15
      11000.0  7.34378e-15
      11010.0  7.32141e-15
      11020.0  7.29912e-15
      11030.0  7.27692e-15
      11040.0  7.25479e-15
      11050.0  7.23275e-15
      11060.0  7.21080e-15
      11070.0  7.18892e-15
      11080.0  7.16713e-15
      11090.0  7.14541e-15
      11100.0  7.12378e-15
      11110.0  7.10223e-15
      11120.0  7.08076e-15
      11130.0  7.05937e-15
      11140.0  7.03806e-15
      11150.0  7.01683e-15
      11160.0  6.99568e-15
      11170.0  6.97461e-15
      11180.0  6.95361e-15
      11190.0  6.93269e-15
      11200.0  6.91185e-15
      11210.0  6.89109e-15
      11220.0  6.87040e-15
      11230.0  6.84979e-15
      11240.0  6.82926e-15
      11250.0  6.80880e-15
      11260.0  6.78842e-15
      11270.0  6.76811e-15
      11280.0  6.74788e-15
      11290.0  6.72773e-15
      11300.0  6.70764e-15
      11310.0  6.68763e-15
      11320.0  6.66770e-15
      11330.0  6.64784e-15
      11340.0  6.62805e-15
      11350.0  6.60833e-15
      11360.0  6.58869e-15
      11370.0  6.56911e-15
      11380.0  6.54961e-15
      11390.0  6.53018e-15
      11400.0  6.51083e-15
      11410.0  6.49154e-15
      11420.0  6.47232e-15
      11430.0  6.45317e-15
      11440.0  6.43410e-15
      11450.0  6.41509e-15
      11460.0  6.39615e-15
      11470.0  6.37728e-15
      11480.0  6.35848e-15
      11490.0  6.33975e-15
      11500.0  6.32109e-15
      11510.0  6.30249e-15
      11520.0  6.28396e-15
      11530.0  6.26550e-15
      11540.0  6.24710e-15
      11550.0  6.22878e-15
      11560.0  6.21052e-15
      11570.0  6.19232e-15
      11580.0  6.17419e-15
      11590.0  6.15612e-15
      11600.0  6.13813e-15
      11610.0  6.12019e-15
      11620.0  6.10232e-15
      11630.0  6.08452e-15
      11640.0  6.06678e-15
      11650.0  6.04910e-15
      11660.0  6.03148e-15
      11670.0  6.01393e-15
      11680.0  5.99645e-15
      11690.0  5.97902e-15
      11700.0  5.96166e-15
      11710.0  5.94436e-15
      11720.0  5.92712e-15
      11730.0  5.90995e-15
      11740.0  5.89283e-15
      11750.0  5.87578e-15
      11760.0  5.85879e-15
      11770.0  5.84185e-15
      11780.0  5.82498e-15
      11790.0  5.80817e-15
      11800.0  5.79142e-15
      11810.0  5.77473e-15
      11820.0  5.75809e-15
      11830.0  5.74152e-15
      11840.0  5.72501e-15
      11850.0  5.70855e-15
      11860.0  5.69215e-15
      11870.0  5.67581e-15
      11880.0  5.65953e-15
      11890.0  5.64331e-15
      11900.0  5.62714e-15
      11910.0  5.61103e-15
      11920.0  5.59498e-15
      11930.0  5.57899e-15
      11940.0  5.56305e-15
      11950.0  5.54716e-15
      11960.0  5.53134e-15
      11970.0  5.51557e-15
      11980.0  5.49985e-15
      11990.0  5.48419e-15
      12000.0  5.46859e-15
      12010.0  5.45304e-15
      12020.0  5.43754e-15
      12030.0  5.42210e-15
      12040.0  5.40671e-15
      12050.0  5.39138e-15
      12060.0  5.37610e-15
      12070.0  5.36087e-15
      12080.0  5.34570e-15
      12090.0  5.33058e-15
      12100.0  5.31551e-15
      12110.0  5.30050e-15
      12120.0  5.28554e-15
      12130.0  5.27063e-15
      12140.0  5.25577e-15
      12150.0  5.24097e-15
      12160.0  5.22621e-15
      12170.0  5.21151e-15
      12180.0  5.19686e-15
      12190.0  5.18226e-15
      12200.0  5.16770e-15
      12210.0  5.15320e-15
      12220.0  5.13876e-15
      12230.0  5.12436e-15
      12240.0  5.11001e-15
      12250.0  5.09571e-15
      12260.0  5.08146e-15
      12270.0  5.06725e-15
      12280.0  5.05310e-15
      12290.0  5.03900e-15
      12300.0  5.02494e-15
      12310.0  5.01094e-15
      12320.0  4.99698e-15
      12330.0  4.98307e-15
      12340.0  4.96921e-15
      12350.0  4.95539e-15
      12360.0  4.94163e-15
      12370.0  4.92791e-15
      12380.0  4.91424e-15
      12390.0  4.90061e-15
      12400.0  4.88703e-15
      12410.0  4.87350e-15
      12420.0  4.86001e-15
      12430.0  4.84657e-15
      12440.0  4.83318e-15
      12450.0  4.81983e-15
      12460.0  4.80653e-15
      12470.0  4.79327e-15
      12480.0  4.78006e-15
      12490.0  4.76689e-15
      12500.0  4.75377e-15
      12510.0  4.74069e-15
      12520.0  4.72766e-15
      12530.0  4.71467e-15
      12540.0  4.70172e-15
      12550.0  4.68882e-15
      12560.0  4.67597e-15
      12570.0  4.66315e-15
      12580.0  4.65038e-15
      12590.0  4.63766e-15
      12600.0  4.62497e-15
      12610.0  4.61233e-15
      12620.0  4.59973e-15
      12630.0  4.58718e-15
      12640.0  4.57467e-15
      12650.0  4.56220e-15
      12660.0  4.54977e-15
      12670.0  4.53738e-15
      12680.0  4.52504e-15
      12690.0  4.51273e-15
      12700.0  4.50047e-15
      12710.0  4.48825e-15
      12720.0  4.47607e-15
      12730.0  4.46393e-15
      12740.0  4.45183e-15
      12750.0  4.43977e-15
      12760.0  4.42776e-15
      12770.0  4.41578e-15
      12780.0  4.40384e-15
      12790.0  4.39195e-15
      12800.0  4.38009e-15
      12810.0  4.36827e-15
      12820.0  4.35649e-15
      12830.0  4.34475e-15
      12840.0  4.33305e-15
      12850.0  4.32139e-15
      12860.0  4.30977e-15
      12870.0  4.29819e-15
      12880.0  4.28664e-15
      12890.0  4.27514e-15
      12900.0  4.26367e-15
      12910.0  4.25224e-15
      12920.0  4.24085e-15
      12930.0  4.22949e-15
      12940.0  4.21817e-15
      12950.0  4.20689e-15
      12960.0  4.19565e-15
      12970.0  4.18445e-15
      12980.0  4.17328e-15
      12990.0  4.16215e-15
      13000.0  4.15105e-15
      13010.0  4.14000e-15
      13020.0  4.12898e-15
      13030.0  4.11799e-15
      13040.0  4.10704e-15
      13050.0  4.09613e-15
      13060.0  4.08525e-15
      13070.0  4.07441e-15
      13080.0  4.06361e-15
      13090.0  4.05284e-15
      13100.0  4.04210e-15
      13110.0  4.03140e-15
      13120.0  4.02074e-15
      13130.0  4.01011e-15
      13140.0  3.99951e-15
      13150.0  3.98895e-15
      13160.0  3.97843e-15
      13170.0  3.96794e-15
      13180.0  3.95748e-15
      13190.0  3.94706e-15
      13200.0  3.93667e-15
      13210.0  3.92632e-15
      13220.0  3.91599e-15
      13230.0  3.90571e-15
      13240.0  3.89545e-15
      13250.0  3.88523e-15
      13260.0  3.87504e-15
      13270.0  3.86489e-15
      13280.0  3.85477e-15
      13290.0  3.84468e-15
      13300.0  3.83462e-15
      13310.0  3.82460e-15
      13320.0  3.81461e-15
      13330.0  3.80465e-15
      13340.0  3.79472e-15
      13350.0  3.78483e-15
      13360.0  3.77497e-15
      13370.0  3.76514e-15
      13380.0  3.75534e-15
      13390.0  3.74557e-15
      13400.0  3.73584e-15
      13410.0  3.72613e-15
      13420.0  3.71646e-15
      13430.0  3.70682e-15
      13440.0  3.69720e-15
      13450.0  3.68762e-15
      13460.0  3.67807e-15
      13470.0  3.66856e-15
      13480.0  3.65907e-15
      13490.0  3.64961e-15
      13500.0  3.64018e-15
      13510.0  3.63078e-15
      13520.0  3.62142e-15
      13530.0  3.61208e-15
      13540.0  3.60277e-15
      13550.0  3.59349e-15
      13560.0  3.58424e-15
      13570.0  3.57502e-15
      13580.0  3.56584e-15
      13590.0  3.55668e-15
      13600.0  3.54754e-15
      13610.0  3.53844e-15
      13620.0  3.52937e-15
      13630.0  3.52032e-15
      13640.0  3.51131e-15
      13650.0  3.50232e-15
      13660.0  3.49336e-15
      13670.0  3.48443e-15
      13680.0  3.47553e-15
      13690.0  3.46666e-15
      13700.0  3.45781e-15
      13710.0  3.44899e-15
      13720.0  3.44020e-15
      13730.0  3.43144e-15
      13740.0  3.42271e-15
      13750.0  3.41400e-15
      13760.0  3.40532e-15
      13770.0  3.39667e-15
      13780.0  3.38804e-15
      13790.0  3.37945e-15
      13800.0  3.37088e-15
      13810.0  3.36233e-15
      13820.0  3.35382e-15
      13830.0  3.34533e-15
      13840.0  3.33686e-15
      13850.0  3.32843e-15
      13860.0  3.32002e-15
      13870.0  3.31163e-15
      13880.0  3.30327e-15
      13890.0  3.29494e-15
      13900.0  3.28664e-15
      13910.0  3.27836e-15
      13920.0  3.27010e-15
      13930.0  3.26187e-15
      13940.0  3.25367e-15
      13950.0  3.24549e-15
      13960.0  3.23734e-15
      13970.0  3.22922e-15
      13980.0  3.22112e-15
      13990.0  3.21304e-15
      14000.0  3.20499e-15
      14010.0  3.19696e-15
      14020.0  3.18896e-15
      14030.0  3.18099e-15
      14040.0  3.17304e-15
      14050.0  3.16511e-15
      14060.0  3.15721e-15
      14070.0  3.14933e-15
      14080.0  3.14148e-15
      14090.0  3.13365e-15
      14100.0  3.12585e-15
      14110.0  3.11806e-15
      14120.0  3.11031e-15
      14130.0  3.10258e-15
      14140.0  3.09487e-15
      14150.0  3.08718e-15
      14160.0  3.07952e-15
      14170.0  3.07188e-15
      14180.0  3.06427e-15
      14190.0  3.05668e-15
      14200.0  3.04911e-15
      14210.0  3.04157e-15
      14220.0  3.03404e-15
      14230.0  3.02655e-15
      14240.0  3.01907e-15
      14250.0  3.01162e-15
      14260.0  3.00419e-15
      14270.0  2.99678e-15
      14280.0  2.98940e-15
      14290.0  2.98204e-15
      14300.0  2.97470e-15
      14310.0  2.96738e-15
      14320.0  2.96009e-15
      14330.0  2.95282e-15
      14340.0  2.94557e-15
      14350.0  2.93834e-15
      14360.0  2.93113e-15
      14370.0  2.92395e-15
      14380.0  2.91679e-15
      14390.0  2.90965e-15
      14400.0  2.90253e-15
      14410.0  2.89543e-15
      14420.0  2.88836e-15
      14430.0  2.88130e-15
      14440.0  2.87427e-15
      14450.0  2.86726e-15
      14460.0  2.86027e-15
      14470.0  2.85330e-15
      14480.0  2.84635e-15
      14490.0  2.83942e-15
      14500.0  2.83252e-15
      14510.0  2.82563e-15
      14520.0  2.81877e-15
      14530.0  2.81192e-15
      14540.0  2.80510e-15
      14550.0  2.79830e-15
      14560.0  2.79152e-15
      14570.0  2.78475e-15
      14580.0  2.77801e-15
      14590.0  2.77129e-15
      14600.0  2.76459e-15
      14610.0  2.75791e-15
      14620.0  2.75125e-15
      14630.0  2.74461e-15
      14640.0  2.73799e-15
      14650.0  2.73138e-15
      14660.0  2.72480e-15
      14670.0  2.71824e-15
      14680.0  2.71170e-15
      14690.0  2.70518e-15
      14700.0  2.69867e-15
      14710.0  2.69219e-15
      14720.0  2.68572e-15
      14730.0  2.67928e-15
      14740.0  2.67285e-15
      14750.0  2.66645e-15
      14760.0  2.66006e-15
      14770.0  2.65369e-15
      14780.0  2.64734e-15
      14790.0  2.64101e-15
      14800.0  2.63470e-15
      14810.0  2.62840e-15
      14820.0  2.62213e-15
      14830.0  2.61587e-15
      14840.0  2.60963e-15
      14850.0  2.60341e-15
      14860.0  2.59721e-15
      14870.0  2.59103e-15
      14880.0  2.58487e-15
      14890.0  2.57872e-15
      14900.0  2.57259e-15
      14910.0  2.56648e-15
      14920.0  2.56039e-15
      14930.0  2.55432e-15
      14940.0  2.54826e-15
      14950.0  2.54222e-15
      14960.0  2.53620e-15
      14970.0  2.53020e-15
      14980.0  2.52421e-15
      14990.0  2.51824e-15
      15000.0  2.51229e-15
      15010.0  2.50636e-15
      15020.0  2.50045e-15
      15030.0  2.49455e-15
      15040.0  2.48867e-15
      15050.0  2.48280e-15
      15060.0  2.47696e-15
      15070.0  2.47113e-15
      15080.0  2.46532e-15
      15090.0  2.45952e-15
      15100.0  2.45374e-15
      15110.0  2.44798e-15
      15120.0  2.44224e-15
      15130.0  2.43651e-15
      15140.0  2.43080e-15
      15150.0  2.42510e-15
      15160.0  2.41942e-15
      15170.0  2.41376e-15
      15180.0  2.40812e-15
      15190.0  2.40249e-15
      15200.0  2.39688e-15
      15210.0  2.39128e-15
      15220.0  2.38570e-15
      15230.0  2.38014e-15
      15240.0  2.37459e-15
      15250.0  2.36906e-15
      15260.0  2.36354e-15
      15270.0  2.35804e-15
      15280.0  2.35256e-15
      15290.0  2.34709e-15
      15300.0  2.34164e-15
      15310.0  2.33620e-15
      15320.0  2.33078e-15
      15330.0  2.32537e-15
      15340.0  2.31998e-15
      15350.0  2.31461e-15
      15360.0  2.30925e-15
      15370.0  2.30391e-15
      15380.0  2.29858e-15
      15390.0  2.29327e-15
      15400.0  2.28797e-15
      15410.0  2.28269e-15
      15420.0  2.27742e-15
      15430.0  2.27217e-15
      15440.0  2.26693e-15
      15450.0  2.26171e-15
      15460.0  2.25650e-15
      15470.0  2.25131e-15
      15480.0  2.24613e-15
      15490.0  2.24097e-15
      15500.0  2.23582e-15
      15510.0  2.23069e-15
      15520.0  2.22557e-15
      15530.0  2.22047e-15
      15540.0  2.21538e-15
      15550.0  2.21030e-15
      15560.0  2.20524e-15
      15570.0  2.20020e-15
      15580.0  2.19517e-15
      15590.0  2.19015e-15
      15600.0  2.18515e-15
      15610.0  2.18016e-15
      15620.0  2.17518e-15
      15630.0  2.17022e-15
      15640.0  2.16527e-15
      15650.0  2.16034e-15
      15660.0  2.15542e-15
      15670.0  2.15052e-15
      15680.0  2.14563e-15
      15690.0  2.14075e-15
      15700.0  2.13589e-15
      15710.0  2.13104e-15
      15720.0  2.12620e-15
      15730.0  2.12138e-15
      15740.0  2.11657e-15
      15750.0  2.11178e-15
      15760.0  2.10699e-15
      15770.0  2.10223e-15
      15780.0  2.09747e-15
      15790.0  2.09273e-15
      15800.0  2.08800e-15
      15810.0  2.08329e-15
      15820.0  2.07858e-15
      15830.0  2.07390e-15
      15840.0  2.06922e-15
      15850.0  2.06456e-15
      15860.0  2.05991e-15
      15870.0  2.05527e-15
      15880.0  2.05065e-15
      15890.0  2.04604e-15
      15900.0  2.04144e-15
      15910.0  2.03686e-15
      15920.0  2.03228e-15
      15930.0  2.02773e-15
      15940.0  2.02318e-15
      15950.0  2.01865e-15
      15960.0  2.01412e-15
      15970.0  2.00962e-15
      15980.0  2.00512e-15
      15990.0  2.00064e-15
      16000.0  1.99617e-15
      16010.0  1.99171e-15
      16020.0  1.98726e-15
      16030.0  1.98283e-15
      16040.0  1.97840e-15
      16050.0  1.97400e-15
      16060.0  1.96960e-15
      16070.0  1.96521e-15
      16080.0  1.96084e-15
      16090.0  1.95648e-15
      16100.0  1.95213e-15
      16110.0  1.94779e-15
      16120.0  1.94347e-15
      16130.0  1.93916e-15
      16140.0  1.93486e-15
      16150.0  1.93057e-15
      16160.0  1.92629e-15
      16170.0  1.92202e-15
      16180.0  1.91777e-15
      16190.0  1.91353e-15
      16200.0  1.90930e-15
      16210.0  1.90508e-15
      16220.0  1.90087e-15
      16230.0  1.89668e-15
      16240.0  1.89249e-15
      16250.0  1.88832e-15
      16260.0  1.88416e-15
      16270.0  1.88001e-15
      16280.0  1.87587e-15
      16290.0  1.87174e-15
      16300.0  1.86763e-15
      16310.0  1.86352e-15
      16320.0  1.85943e-15
      16330.0  1.85535e-15
      16340.0  1.85127e-15
      16350.0  1.84721e-15
      16360.0  1.84317e-15
      16370.0  1.83913e-15
      16380.0  1.83510e-15
      16390.0  1.83108e-15
      16400.0  1.82708e-15
      16410.0  1.82309e-15
      16420.0  1.81910e-15
      16430.0  1.81513e-15
      16440.0  1.81117e-15
      16450.0  1.80722e-15
      16460.0  1.80328e-15
      16470.0  1.79935e-15
      16480.0  1.79543e-15
      16490.0  1.79152e-15
      16500.0  1.78762e-15
      16510.0  1.78373e-15
      16520.0  1.77986e-15
      16530.0  1.77599e-15
      16540.0  1.77214e-15
      16550.0  1.76829e-15
      16560.0  1.76446e-15
      16570.0  1.76063e-15
      16580.0  1.75682e-15
      16590.0  1.75301e-15
      16600.0  1.74922e-15
      16610.0  1.74543e-15
      16620.0  1.74166e-15
      16630.0  1.73790e-15
      16640.0  1.73414e-15
      16650.0  1.73040e-15
      16660.0  1.72667e-15
      16670.0  1.72294e-15
      16680.0  1.71923e-15
      16690.0  1.71553e-15
      16700.0  1.71183e-15
      16710.0  1.70815e-15
      16720.0  1.70448e-15
      16730.0  1.70081e-15
      16740.0  1.69716e-15
      16750.0  1.69352e-15
      16760.0  1.68988e-15
      16770.0  1.68626e-15
      16780.0  1.68264e-15
      16790.0  1.67904e-15
      16800.0  1.67544e-15
      16810.0  1.67185e-15
      16820.0  1.66828e-15
      16830.0  1.66471e-15
      16840.0  1.66115e-15
      16850.0  1.65760e-15
      16860.0  1.65406e-15
      16870.0  1.65054e-15
      16880.0  1.64702e-15
      16890.0  1.64350e-15
      16900.0  1.64000e-15
      16910.0  1.63651e-15
      16920.0  1.63303e-15
      16930.0  1.62955e-15
      16940.0  1.62609e-15
      16950.0  1.62263e-15
      16960.0  1.61919e-15
      16970.0  1.61575e-15
      16980.0  1.61232e-15
      16990.0  1.60890e-15
      17000.0  1.60549e-15
      17010.0  1.60209e-15
      17020.0  1.59870e-15
      17030.0  1.59532e-15
      17040.0  1.59194e-15
      17050.0  1.58858e-15
      17060.0  1.58522e-15
      17070.0  1.58187e-15
      17080.0  1.57853e-15
      17090.0  1.57520e-15
      17100.0  1.57188e-15
      17110.0  1.56857e-15
      17120.0  1.56527e-15
      17130.0  1.56197e-15
      17140.0  1.55868e-15
      17150.0  1.55540e-15
      17160.0  1.55214e-15
      17170.0  1.54887e-15
      17180.0  1.54562e-15
      17190.0  1.54238e-15
      17200.0  1.53914e-15
      17210.0  1.53591e-15
      17220.0  1.53270e-15
      17230.0  1.52949e-15
      17240.0  1.52628e-15
      17250.0  1.52309e-15
      17260.0  1.51990e-15
      17270.0  1.51673e-15
      17280.0  1.51356e-15
      17290.0  1.51040e-15
      17300.0  1.50725e-15
      17310.0  1.50410e-15
      17320.0  1.50097e-15
      17330.0  1.49784e-15
      17340.0  1.49472e-15
      17350.0  1.49161e-15
      17360.0  1.48850e-15
      17370.0  1.48541e-15
      17380.0  1.48232e-15
      17390.0  1.47924e-15
      17400.0  1.47617e-15
      17410.0  1.47310e-15
      17420.0  1.47005e-15
      17430.0  1.46700e-15
      17440.0  1.46396e-15
      17450.0  1.46093e-15
      17460.0  1.45790e-15
      17470.0  1.45489e-15
      17480.0  1.45188e-15
      17490.0  1.44888e-15
      17500.0  1.44588e-15
      17510.0  1.44290e-15
      17520.0  1.43992e-15
      17530.0  1.43695e-15
      17540.0  1.43399e-15
      17550.0  1.43103e-15
      17560.0  1.42808e-15
      17570.0  1.42514e-15
      17580.0  1.42221e-15
      17590.0  1.41929e-15
      17600.0  1.41637e-15
      17610.0  1.41346e-15
      17620.0  1.41055e-15
      17630.0  1.40766e-15
      17640.0  1.40477e-15
      17650.0  1.40189e-15
      17660.0  1.39902e-15
      17670.0  1.39615e-15
      17680.0  1.39329e-15
      17690.0  1.39044e-15
      17700.0  1.38760e-15
      17710.0  1.38476e-15
      17720.0  1.38193e-15
      17730.0  1.37911e-15
      17740.0  1.37629e-15
      17750.0  1.37349e-15
      17760.0  1.37069e-15
      17770.0  1.36789e-15
      17780.0  1.36510e-15
      17790.0  1.36233e-15
      17800.0  1.35955e-15
      17810.0  1.35679e-15
      17820.0  1.35403e-15
      17830.0  1.35128e-15
      17840.0  1.34853e-15
      17850.0  1.34579e-15
      17860.0  1.34306e-15
      17870.0  1.34034e-15
      17880.0  1.33762e-15
      17890.0  1.33491e-15
      17900.0  1.33221e-15
      17910.0  1.32951e-15
      17920.0  1.32682e-15
      17930.0  1.32414e-15
      17940.0  1.32146e-15
      17950.0  1.31879e-15
      17960.0  1.31613e-15
      17970.0  1.31347e-15
      17980.0  1.31083e-15
      17990.0  1.30818e-15
      18000.0  1.30555e-15
      18010.0  1.30292e-15
      18020.0  1.30029e-15
      18030.0  1.29768e-15
      18040.0  1.29507e-15
      18050.0  1.29246e-15
      18060.0  1.28987e-15
      18070.0  1.28728e-15
      18080.0  1.28469e-15
      18090.0  1.28212e-15
      18100.0  1.27954e-15
      18110.0  1.27698e-15
      18120.0  1.27442e-15
      18130.0  1.27187e-15
      18140.0  1.26932e-15
      18150.0  1.26679e-15
      18160.0  1.26425e-15
      18170.0  1.26173e-15
      18180.0  1.25921e-15
      18190.0  1.25669e-15
      18200.0  1.25418e-15
      18210.0  1.25168e-15
      18220.0  1.24919e-15
      18230.0  1.24670e-15
      18240.0  1.24422e-15
      18250.0  1.24174e-15
      18260.0  1.23927e-15
      18270.0  1.23680e-15
      18280.0  1.23435e-15
      18290.0  1.23189e-15
      18300.0  1.22945e-15
      18310.0  1.22701e-15
      18320.0  1.22457e-15
      18330.0  1.22214e-15
      18340.0  1.21972e-15
      18350.0  1.21731e-15
      18360.0  1.21490e-15
      18370.0  1.21249e-15
      18380.0  1.21009e-15
      18390.0  1.20770e-15
      18400.0  1.20531e-15
      18410.0  1.20293e-15
      18420.0  1.20056e-15
      18430.0  1.19819e-15
      18440.0  1.19583e-15
      18450.0  1.19347e-15
      18460.0  1.19112e-15
      18470.0  1.18877e-15
      18480.0  1.18643e-15
      18490.0  1.18410e-15
      18500.0  1.18177e-15
      18510.0  1.17944e-15
      18520.0  1.17713e-15
      18530.0  1.17482e-15
      18540.0  1.17251e-15
      18550.0  1.17021e-15
      18560.0  1.16791e-15
      18570.0  1.16563e-15
      18580.0  1.16334e-15
      18590.0  1.16106e-15
      18600.0  1.15879e-15
      18610.0  1.15652e-15
      18620.0  1.15426e-15
      18630.0  1.15201e-15
      18640.0  1.14976e-15
      18650.0  1.14751e-15
      18660.0  1.14527e-15
      18670.0  1.14304e-15
      18680.0  1.14081e-15
      18690.0  1.13859e-15
      18700.0  1.13637e-15
      18710.0  1.13416e-15
      18720.0  1.13195e-15
      18730.0  1.12975e-15
      18740.0  1.12755e-15
      18750.0  1.12536e-15
      18760.0  1.12317e-15
      18770.0  1.12099e-15
      18780.0  1.11882e-15
      18790.0  1.11665e-15
      18800.0  1.11448e-15
      18810.0  1.11232e-15
      18820.0  1.11017e-15
      18830.0  1.10802e-15
      18840.0  1.10588e-15
      18850.0  1.10374e-15
      18860.0  1.10160e-15
      18870.0  1.09948e-15
      18880.0  1.09735e-15
      18890.0  1.09523e-15
      18900.0  1.09312e-15
      18910.0  1.09101e-15
      18920.0  1.08891e-15
      18930.0  1.08681e-15
      18940.0  1.08472e-15
      18950.0  1.08263e-15
      18960.0  1.08055e-15
      18970.0  1.07847e-15
      18980.0  1.07640e-15
      18990.0  1.07433e-15
      19000.0  1.07227e-15
      19010.0  1.07021e-15
      19020.0  1.06815e-15
      19030.0  1.06611e-15
      19040.0  1.06406e-15
      19050.0  1.06202e-15
      19060.0  1.05999e-15
      19070.0  1.05796e-15
      19080.0  1.05594e-15
      19090.0  1.05392e-15
      19100.0  1.05190e-15
      19110.0  1.04989e-15
      19120.0  1.04789e-15
      19130.0  1.04589e-15
      19140.0  1.04389e-15
      19150.0  1.04190e-15
      19160.0  1.03992e-15
      19170.0  1.03794e-15
      19180.0  1.03596e-15
      19190.0  1.03399e-15
      19200.0  1.03202e-15
      19210.0  1.03006e-15
      19220.0  1.02810e-15
      19230.0  1.02615e-15
      19240.0  1.02420e-15
      19250.0  1.02225e-15
      19260.0  1.02032e-15
      19270.0  1.01838e-15
      19280.0  1.01645e-15
      19290.0  1.01452e-15
      19300.0  1.01260e-15
      19310.0  1.01069e-15
      19320.0  1.00877e-15
      19330.0  1.00687e-15
      19340.0  1.00496e-15
      19350.0  1.00307e-15
      19360.0  1.00117e-15
      19370.0  9.99282e-16
      19380.0  9.97397e-16
      19390.0  9.95516e-16
      19400.0  9.93639e-16
      19410.0  9.91767e-16
      19420.0  9.89900e-16
      19430.0  9.88037e-16
      19440.0  9.86178e-16
      19450.0  9.84323e-16
      19460.0  9.82473e-16
      19470.0  9.80627e-16
      19480.0  9.78786e-16
      19490.0  9.76949e-16
      19500.0  9.75116e-16
      19510.0  9.73287e-16
      19520.0  9.71463e-16
      19530.0  9.69643e-16
      19540.0  9.67827e-16
      19550.0  9.66015e-16
      19560.0  9.64208e-16
      19570.0  9.62405e-16
      19580.0  9.60606e-16
      19590.0  9.58811e-16
      19600.0  9.57020e-16
      19610.0  9.55234e-16
      19620.0  9.53452e-16
      19630.0  9.51673e-16
      19640.0  9.49899e-16
      19650.0  9.48129e-16
      19660.0  9.46364e-16
      19670.0  9.44602e-16
      19680.0  9.42844e-16
      19690.0  9.41091e-16
      19700.0  9.39341e-16
      19710.0  9.37596e-16
      19720.0  9.35854e-16
      19730.0  9.34117e-16
      19740.0  9.32383e-16
      19750.0  9.30654e-16
      19760.0  9.28929e-16
      19770.0  9.27207e-16
      19780.0  9.25490e-16
      19790.0  9.23776e-16
      19800.0  9.22067e-16
      19810.0  9.20361e-16
      19820.0  9.18660e-16
      19830.0  9.16962e-16
      19840.0  9.15268e-16
      19850.0  9.13578e-16
      19860.0  9.11892e-16
      19870.0  9.10210e-16
      19880.0  9.08532e-16
      19890.0  9.06857e-16
      19900.0  9.05187e-16
      19910.0  9.03520e-16
      19920.0  9.01857e-16
      19930.0  9.00198e-16
      19940.0  8.98543e-16
      19950.0  8.96891e-16
      19960.0  8.95243e-16
      19970.0  8.93599e-16
      19980.0  8.91959e-16
      19990.0  8.90323e-16
      20000.0  8.88690e-16
      20010.0  8.87061e-16
      20020.0  8.85435e-16
      20030.0  8.83814e-16
      20040.0  8.82196e-16
      20050.0  8.80582e-16
      20060.0  8.78971e-16
      20070.0  8.77364e-16
      20080.0  8.75761e-16
      20090.0  8.74162e-16
      20100.0  8.72566e-16
      20110.0  8.70973e-16
      20120.0  8.69385e-16
      20130.0  8.67800e-16
      20140.0  8.66218e-16
      20150.0  8.64640e-16
      20160.0  8.63066e-16
      20170.0  8.61495e-16
      20180.0  8.59928e-16
      20190.0  8.58365e-16
      20200.0  8.56804e-16
      20210.0  8.55248e-16
      20220.0  8.53695e-16
      20230.0  8.52145e-16
      20240.0  8.50599e-16
      20250.0  8.49057e-16
      20260.0  8.47518e-16
      20270.0  8.45982e-16
      20280.0  8.44450e-16
      20290.0  8.42922e-16
      20300.0  8.41396e-16
      20310.0  8.39875e-16
      20320.0  8.38356e-16
      20330.0  8.36841e-16
      20340.0  8.35330e-16
      20350.0  8.33822e-16
      20360.0  8.32317e-16
      20370.0  8.30816e-16
      20380.0  8.29318e-16
      20390.0  8.27823e-16
      20400.0  8.26332e-16
      20410.0  8.24844e-16
      20420.0  8.23359e-16
      20430.0  8.21878e-16
      20440.0  8.20400e-16
      20450.0  8.18926e-16
      20460.0  8.17454e-16
      20470.0  8.15986e-16
      20480.0  8.14522e-16
      20490.0  8.13060e-16
      20500.0  8.11602e-16
      20510.0  8.10147e-16
      20520.0  8.08695e-16
      20530.0  8.07247e-16
      20540.0  8.05802e-16
      20550.0  8.04360e-16
      20560.0  8.02921e-16
      20570.0  8.01485e-16
      20580.0  8.00053e-16
      20590.0  7.98624e-16
      20600.0  7.97198e-16
      20610.0  7.95775e-16
      20620.0  7.94355e-16
      20630.0  7.92939e-16
      20640.0  7.91526e-16
      20650.0  7.90115e-16
      20660.0  7.88708e-16
      20670.0  7.87304e-16
      20680.0  7.85903e-16
      20690.0  7.84506e-16
      20700.0  7.83111e-16
      20710.0  7.81720e-16
      20720.0  7.80331e-16
      20730.0  7.78946e-16
      20740.0  7.77563e-16
      20750.0  7.76184e-16
      20760.0  7.74808e-16
      20770.0  7.73434e-16
      20780.0  7.72064e-16
      20790.0  7.70697e-16
      20800.0  7.69333e-16
      20810.0  7.67972e-16
      20820.0  7.66614e-16
      20830.0  7.65259e-16
      20840.0  7.63906e-16
      20850.0  7.62557e-16
      20860.0  7.61211e-16
      20870.0  7.59868e-16
      20880.0  7.58527e-16
      20890.0  7.57190e-16
      20900.0  7.55856e-16
      20910.0  7.54524e-16
      20920.0  7.53196e-16
      20930.0  7.51870e-16
      20940.0  7.50547e-16
      20950.0  7.49227e-16
      20960.0  7.47910e-16
      20970.0  7.46596e-16
      20980.0  7.45285e-16
      20990.0  7.43977e-16
      21000.0  7.42671e-16
      21010.0  7.41369e-16
      21020.0  7.40069e-16
      21030.0  7.38772e-16
      21040.0  7.37478e-16
      21050.0  7.36187e-16
      21060.0  7.34898e-16
      21070.0  7.33613e-16
      21080.0  7.32330e-16
      21090.0  7.31050e-16
      21100.0  7.29772e-16
      21110.0  7.28498e-16
      21120.0  7.27226e-16
      21130.0  7.25957e-16
      21140.0  7.24691e-16
      21150.0  7.23428e-16
      21160.0  7.22167e-16
      21170.0  7.20909e-16
      21180.0  7.19654e-16
      21190.0  7.18401e-16
      21200.0  7.17151e-16
      21210.0  7.15904e-16
      21220.0  7.14660e-16
      21230.0  7.13418e-16
      21240.0  7.12179e-16
      21250.0  7.10943e-16
      21260.0  7.09709e-16
      21270.0  7.08478e-16
      21280.0  7.07250e-16
      21290.0  7.06024e-16
      21300.0  7.04801e-16
      21310.0  7.03581e-16
      21320.0  7.02363e-16
      21330.0  7.01148e-16
      21340.0  6.99936e-16
      21350.0  6.98726e-16
      21360.0  6.97518e-16
      21370.0  6.96314e-16
      21380.0  6.95112e-16
      21390.0  6.93912e-16
      21400.0  6.92715e-16
      21410.0  6.91521e-16
      21420.0  6.90329e-16
      21430.0  6.89140e-16
      21440.0  6.87953e-16
      21450.0  6.86769e-16
      21460.0  6.85587e-16
      21470.0  6.84408e-16
      21480.0  6.83232e-16
      21490.0  6.82058e-16
      21500.0  6.80886e-16
      21510.0  6.79717e-16
      21520.0  6.78551e-16
      21530.0  6.77387e-16
      21540.0  6.76225e-16
      21550.0  6.75066e-16
      21560.0  6.73910e-16
      21570.0  6.72756e-16
      21580.0  6.71604e-16
      21590.0  6.70455e-16
      21600.0  6.69308e-16
      21610.0  6.68164e-16
      21620.0  6.67022e-16
      21630.0  6.65883e-16
      21640.0  6.64746e-16
      21650.0  6.63611e-16
      21660.0  6.62479e-16
      21670.0  6.61349e-16
      21680.0  6.60222e-16
      21690.0  6.59097e-16
      21700.0  6.57974e-16
      21710.0  6.56854e-16
      21720.0  6.55736e-16
      21730.0  6.54621e-16
      21740.0  6.53508e-16
      21750.0  6.52397e-16
      21760.0  6.51289e-16
      21770.0  6.50183e-16
      21780.0  6.49079e-16
      21790.0  6.47978e-16
      21800.0  6.46879e-16
      21810.0  6.45782e-16
      21820.0  6.44688e-16
      21830.0  6.43596e-16
      21840.0  6.42506e-16
      21850.0  6.41418e-16
      21860.0  6.40333e-16
      21870.0  6.39250e-16
      21880.0  6.38170e-16
      21890.0  6.37092e-16
      21900.0  6.36015e-16
      21910.0  6.34942e-16
      21920.0  6.33870e-16
      21930.0  6.32801e-16
      21940.0  6.31734e-16
      21950.0  6.30669e-16
      21960.0  6.29607e-16
      21970.0  6.28546e-16
      21980.0  6.27488e-16
      21990.0  6.26432e-16
      22000.0  6.25379e-16
      22010.0  6.24327e-16
      22020.0  6.23278e-16
      22030.0  6.22231e-16
      22040.0  6.21186e-16
      22050.0  6.20143e-16
      22060.0  6.19103e-16
      22070.0  6.18065e-16
      22080.0  6.17028e-16
      22090.0  6.15994e-16
      22100.0  6.14963e-16
      22110.0  6.13933e-16
      22120.0  6.12906e-16
      22130.0  6.11880e-16
      22140.0  6.10857e-16
      22150.0  6.09836e-16
      22160.0  6.08817e-16
      22170.0  6.07800e-16
      22180.0  6.06785e-16
      22190.0  6.05773e-16
      22200.0  6.04762e-16
      22210.0  6.03754e-16
      22220.0  6.02747e-16
      22230.0  6.01743e-16
      22240.0  6.00741e-16
      22250.0  5.99741e-16
      22260.0  5.98743e-16
      22270.0  5.97747e-16
      22280.0  5.96753e-16
      22290.0  5.95761e-16
      22300.0  5.94772e-16
      22310.0  5.93784e-16
      22320.0  5.92798e-16
      22330.0  5.91815e-16
      22340.0  5.90833e-16
      22350.0  5.89854e-16
      22360.0  5.88876e-16
      22370.0  5.87900e-16
      22380.0  5.86927e-16
      22390.0  5.85955e-16
      22400.0  5.84986e-16
      22410.0  5.84019e-16
      22420.0  5.83053e-16
      22430.0  5.82090e-16
      22440.0  5.81128e-16
      22450.0  5.80168e-16
      22460.0  5.79211e-16
      22470.0  5.78255e-16
      22480.0  5.77302e-16
      22490.0  5.76350e-16
      22500.0  5.75400e-16
      22510.0  5.74453e-16
      22520.0  5.73507e-16
      22530.0  5.72563e-16
      22540.0  5.71621e-16
      22550.0  5.70681e-16
      22560.0  5.69743e-16
      22570.0  5.68807e-16
      22580.0  5.67872e-16
      22590.0  5.66940e-16
      22600.0  5.66010e-16
      22610.0  5.65081e-16
      22620.0  5.64155e-16
      22630.0  5.63230e-16
      22640.0  5.62307e-16
      22650.0  5.61386e-16
      22660.0  5.60467e-16
      22670.0  5.59550e-16
      22680.0  5.58634e-16
      22690.0  5.57721e-16
      22700.0  5.56809e-16
      22710.0  5.55900e-16
      22720.0  5.54992e-16
      22730.0  5.54086e-16
      22740.0  5.53182e-16
      22750.0  5.52279e-16
      22760.0  5.51379e-16
      22770.0  5.50480e-16
      22780.0  5.49583e-16
      22790.0  5.48688e-16
      22800.0  5.47795e-16
      22810.0  5.46903e-16
      22820.0  5.46014e-16
      22830.0  5.45126e-16
      22840.0  5.44240e-16
      22850.0  5.43356e-16
      22860.0  5.42473e-16
      22870.0  5.41593e-16
      22880.0  5.40714e-16
      22890.0  5.39837e-16
      22900.0  5.38961e-16
      22910.0  5.38088e-16
      22920.0  5.37216e-16
      22930.0  5.36346e-16
      22940.0  5.35478e-16
      22950.0  5.34611e-16
      22960.0  5.33747e-16
      22970.0  5.32884e-16
      22980.0  5.32022e-16
      22990.0  5.31163e-16
      23000.0  5.30305e-16
      23010.0  5.29449e-16
      23020.0  5.28595e-16
      23030.0  5.27742e-16
      23040.0  5.26891e-16
      23050.0  5.26042e-16
      23060.0  5.25194e-16
      23070.0  5.24348e-16
      23080.0  5.23504e-16
      23090.0  5.22662e-16
      23100.0  5.21821e-16
      23110.0  5.20982e-16
      23120.0  5.20145e-16
      23130.0  5.19309e-16
      23140.0  5.18475e-16
      23150.0  5.17643e-16
      23160.0  5.16812e-16
      23170.0  5.15983e-16
      23180.0  5.15156e-16
      23190.0  5.14330e-16
      23200.0  5.13506e-16
      23210.0  5.12684e-16
      23220.0  5.11863e-16
      23230.0  5.11044e-16
      23240.0  5.10226e-16
      23250.0  5.09410e-16
      23260.0  5.08596e-16
      23270.0  5.07784e-16
      23280.0  5.06973e-16
      23290.0  5.06163e-16
      23300.0  5.05355e-16
      23310.0  5.04549e-16
      23320.0  5.03745e-16
      23330.0  5.02942e-16
      23340.0  5.02140e-16
      23350.0  5.01341e-16
      23360.0  5.00542e-16
      23370.0  4.99746e-16
      23380.0  4.98951e-16
      23390.0  4.98157e-16
      23400.0  4.97366e-16
      23410.0  4.96575e-16
      23420.0  4.95786e-16
      23430.0  4.94999e-16
      23440.0  4.94214e-16
      23450.0  4.93430e-16
      23460.0  4.92647e-16
      23470.0  4.91866e-16
      23480.0  4.91087e-16
      23490.0  4.90309e-16
      23500.0  4.89533e-16
      23510.0  4.88758e-16
      23520.0  4.87984e-16
      23530.0  4.87213e-16
      23540.0  4.86442e-16
      23550.0  4.85674e-16
      23560.0  4.84907e-16
      23570.0  4.84141e-16
      23580.0  4.83377e-16
      23590.0  4.82614e-16
      23600.0  4.81853e-16
      23610.0  4.81093e-16
      23620.0  4.80335e-16
      23630.0  4.79578e-16
      23640.0  4.78823e-16
      23650.0  4.78069e-16
      23660.0  4.77317e-16
      23670.0  4.76566e-16
      23680.0  4.75817e-16
      23690.0  4.75069e-16
      23700.0  4.74323e-16
      23710.0  4.73578e-16
      23720.0  4.72834e-16
      23730.0  4.72092e-16
      23740.0  4.71352e-16
      23750.0  4.70613e-16
      23760.0  4.69875e-16
      23770.0  4.69139e-16
      23780.0  4.68404e-16
      23790.0  4.67671e-16
      23800.0  4.66939e-16
      23810.0  4.66208e-16
      23820.0  4.65479e-16
      23830.0  4.64752e-16
      23840.0  4.64025e-16
      23850.0  4.63301e-16
      23860.0  4.62577e-16
      23870.0  4.61855e-16
      23880.0  4.61135e-16
      23890.0  4.60416e-16
      23900.0  4.59698e-16
      23910.0  4.58981e-16
      23920.0  4.58266e-16
      23930.0  4.57553e-16
      23940.0  4.56840e-16
      23950.0  4.56130e-16
      23960.0  4.55420e-16
      23970.0  4.54712e-16
      23980.0  4.54005e-16
      23990.0  4.53300e-16
      24000.0  4.52596e-16
      24010.0  4.51894e-16
      24020.0  4.51192e-16
      24030.0  4.50492e-16
      24040.0  4.49794e-16
      24050.0  4.49097e-16
      24060.0  4.48401e-16
      24070.0  4.47706e-16
      24080.0  4.47013e-16
      24090.0  4.46321e-16
      24100.0  4.45631e-16
      24110.0  4.44942e-16
      24120.0  4.44254e-16
      24130.0  4.43567e-16
      24140.0  4.42882e-16
      24150.0  4.42198e-16
      24160.0  4.41516e-16
      24170.0  4.40835e-16
      24180.0  4.40155e-16
      24190.0  4.39476e-16
      24200.0  4.38799e-16
      24210.0  4.38123e-16
      24220.0  4.37448e-16
      24230.0  4.36775e-16
      24240.0  4.36103e-16
      24250.0  4.35432e-16
      24260.0  4.34762e-16
      24270.0  4.34094e-16
      24280.0  4.33427e-16
      24290.0  4.32761e-16
      24300.0  4.32097e-16
      24310.0  4.31434e-16
      24320.0  4.30772e-16
      24330.0  4.30111e-16
      24340.0  4.29452e-16
      24350.0  4.28794e-16
      24360.0  4.28137e-16
      24370.0  4.27481e-16
      24380.0  4.26827e-16
      24390.0  4.26174e-16
      24400.0  4.25522e-16
      24410.0  4.24872e-16
      24420.0  4.24222e-16
      24430.0  4.23574e-16
      24440.0  4.22927e-16
      24450.0  4.22282e-16
      24460.0  4.21637e-16
      24470.0  4.20994e-16
      24480.0  4.20352e-16
      24490.0  4.19711e-16
      24500.0  4.19072e-16
      24510.0  4.18433e-16
      24520.0  4.17796e-16
      24530.0  4.17160e-16
      24540.0  4.16526e-16
      24550.0  4.15892e-16
      24560.0  4.15260e-16
      24570.0  4.14629e-16
      24580.0  4.13999e-16
      24590.0  4.13370e-16
      24600.0  4.12743e-16
      24610.0  4.12116e-16
      24620.0  4.11491e-16
      24630.0  4.10867e-16
      24640.0  4.10245e-16
      24650.0  4.09623e-16
      24660.0  4.09003e-16
      24670.0  4.08383e-16
      24680.0  4.07765e-16
      24690.0  4.07148e-16
      24700.0  4.06533e-16
      24710.0  4.05918e-16
      24720.0  4.05305e-16
      24730.0  4.04692e-16
      24740.0  4.04081e-16
      24750.0  4.03471e-16
      24760.0  4.02862e-16
      24770.0  4.02255e-16
      24780.0  4.01648e-16
      24790.0  4.01043e-16
      24800.0  4.00439e-16
      24810.0  3.99835e-16
      24820.0  3.99234e-16
      24830.0  3.98633e-16
      24840.0  3.98033e-16
      24850.0  3.97434e-16
      24860.0  3.96837e-16
      24870.0  3.96241e-16
      24880.0  3.95645e-16
      24890.0  3.95051e-16
      24900.0  3.94458e-16
      24910.0  3.93866e-16
      24920.0  3.93275e-16
      24930.0  3.92686e-16
      24940.0  3.92097e-16
      24950.0  3.91510e-16
      24960.0  3.90923e-16
      24970.0  3.90338e-16
      24980.0  3.89754e-16
      24990.0  3.89171e-16
      25000.0  3.88589e-16
      25010.0  3.88008e-16
      25020.0  3.87428e-16
      25030.0  3.86849e-16
      25040.0  3.86271e-16
      25050.0  3.85695e-16
      25060.0  3.85119e-16
      25070.0  3.84545e-16
      25080.0  3.83971e-16
      25090.0  3.83399e-16
      25100.0  3.82828e-16
      25110.0  3.82257e-16
      25120.0  3.81688e-16
      25130.0  3.81120e-16
      25140.0  3.80553e-16
      25150.0  3.79987e-16
      25160.0  3.79422e-16
      25170.0  3.78858e-16
      25180.0  3.78296e-16
      25190.0  3.77734e-16
      25200.0  3.77173e-16
      25210.0  3.76613e-16
      25220.0  3.76054e-16
      25230.0  3.75497e-16
      25240.0  3.74940e-16
      25250.0  3.74385e-16
      25260.0  3.73830e-16
      25270.0  3.73276e-16
      25280.0  3.72724e-16
      25290.0  3.72172e-16
      25300.0  3.71622e-16
      25310.0  3.71072e-16
      25320.0  3.70524e-16
      25330.0  3.69977e-16
      25340.0  3.69430e-16
      25350.0  3.68885e-16
      25360.0  3.68340e-16
      25370.0  3.67797e-16
      25380.0  3.67254e-16
      25390.0  3.66713e-16
      25400.0  3.66173e-16
      25410.0  3.65633e-16
      25420.0  3.65095e-16
      25430.0  3.64557e-16
      25440.0  3.64021e-16
      25450.0  3.63485e-16
      25460.0  3.62951e-16
      25470.0  3.62417e-16
      25480.0  3.61885e-16
      25490.0  3.61353e-16
      25500.0  3.60822e-16
      25510.0  3.60293e-16
      25520.0  3.59764e-16
      25530.0  3.59236e-16
      25540.0  3.58710e-16
      25550.0  3.58184e-16
      25560.0  3.57659e-16
      25570.0  3.57135e-16
      25580.0  3.56612e-16
      25590.0  3.56091e-16
      25600.0  3.55570e-16
      25610.0  3.55050e-16
      25620.0  3.54530e-16
      25630.0  3.54012e-16
      25640.0  3.53495e-16
      25650.0  3.52979e-16
      25660.0  3.52464e-16
      25670.0  3.51949e-16
      25680.0  3.51436e-16
      25690.0  3.50923e-16
      25700.0  3.50412e-16
      25710.0  3.49901e-16
      25720.0  3.49391e-16
      25730.0  3.48883e-16
      25740.0  3.48375e-16
      25750.0  3.47868e-16
      25760.0  3.47362e-16
      25770.0  3.46857e-16
      25780.0  3.46352e-16
      25790.0  3.45849e-16
      25800.0  3.45347e-16
      25810.0  3.44845e-16
      25820.0  3.44345e-16
      25830.0  3.43845e-16
      25840.0  3.43346e-16
      25850.0  3.42849e-16
      25860.0  3.42352e-16
      25870.0  3.41856e-16
      25880.0  3.41361e-16
      25890.0  3.40866e-16
      25900.0  3.40373e-16
      25910.0  3.39881e-16
      25920.0  3.39389e-16
      25930.0  3.38898e-16
      25940.0  3.38409e-16
      25950.0  3.37920e-16
      25960.0  3.37432e-16
      25970.0  3.36944e-16
      25980.0  3.36458e-16
      25990.0  3.35973e-16
      26000.0  3.35488e-16
      26010.0  3.35005e-16
      26020.0  3.34522e-16
      26030.0  3.34040e-16
      26040.0  3.33559e-16
      26050.0  3.33079e-16
      26060.0  3.32599e-16
      26070.0  3.32121e-16
      26080.0  3.31643e-16
      26090.0  3.31167e-16
      26100.0  3.30691e-16
      26110.0  3.30216e-16
      26120.0  3.29741e-16
      26130.0  3.29268e-16
      26140.0  3.28796e-16
      26150.0  3.28324e-16
      26160.0  3.27853e-16
      26170.0  3.27383e-16
      26180.0  3.26914e-16
      26190.0  3.26446e-16
      26200.0  3.25978e-16
      26210.0  3.25512e-16
      26220.0  3.25046e-16
      26230.0  3.24581e-16
      26240.0  3.24117e-16
      26250.0  3.23654e-16
      26260.0  3.23191e-16
      26270.0  3.22729e-16
      26280.0  3.22269e-16
      26290.0  3.21809e-16
      26300.0  3.21349e-16
      26310.0  3.20891e-16
      26320.0  3.20434e-16
      26330.0  3.19977e-16
      26340.0  3.19521e-16
      26350.0  3.19066e-16
      26360.0  3.18611e-16
      26370.0  3.18158e-16
      26380.0  3.17705e-16
      26390.0  3.17253e-16
      26400.0  3.16802e-16
      26410.0  3.16352e-16
      26420.0  3.15903e-16
      26430.0  3.15454e-16
      26440.0  3.15006e-16
      26450.0  3.14559e-16
      26460.0  3.14113e-16
      26470.0  3.13667e-16
      26480.0  3.13222e-16
      26490.0  3.12778e-16
      26500.0  3.12335e-16
      26510.0  3.11893e-16
      26520.0  3.11451e-16
      26530.0  3.11010e-16
      26540.0  3.10570e-16
      26550.0  3.10131e-16
      26560.0  3.09693e-16
      26570.0  3.09255e-16
      26580.0  3.08818e-16
      26590.0  3.08382e-16
      26600.0  3.07946e-16
      26610.0  3.07512e-16
      26620.0  3.07078e-16
      26630.0  3.06645e-16
      26640.0  3.06212e-16
      26650.0  3.05781e-16
      26660.0  3.05350e-16
      26670.0  3.04920e-16
      26680.0  3.04491e-16
      26690.0  3.04062e-16
      26700.0  3.03634e-16
      26710.0  3.03207e-16
      26720.0  3.02781e-16
      26730.0  3.02355e-16
      26740.0  3.01931e-16
      26750.0  3.01507e-16
      26760.0  3.01083e-16
      26770.0  3.00661e-16
      26780.0  3.00239e-16
      26790.0  2.99818e-16
      26800.0  2.99397e-16
      26810.0  2.98978e-16
      26820.0  2.98559e-16
      26830.0  2.98141e-16
      26840.0  2.97723e-16
      26850.0  2.97306e-16
      26860.0  2.96890e-16
      26870.0  2.96475e-16
      26880.0  2.96061e-16
      26890.0  2.95647e-16
      26900.0  2.95234e-16
      26910.0  2.94821e-16
      26920.0  2.94410e-16
      26930.0  2.93999e-16
      26940.0  2.93589e-16
      26950.0  2.93179e-16
      26960.0  2.92770e-16
      26970.0  2.92362e-16
      26980.0  2.91955e-16
      26990.0  2.91548e-16
      27000.0  2.91142e-16
      27010.0  2.90737e-16
      27020.0  2.90332e-16
      27030.0  2.89929e-16
      27040.0  2.89525e-16
      27050.0  2.89123e-16
      27060.0  2.88721e-16
      27070.0  2.88320e-16
      27080.0  2.87920e-16
      27090.0  2.87520e-16
      27100.0  2.87121e-16
      27110.0  2.86723e-16
      27120.0  2.86325e-16
      27130.0  2.85928e-16
      27140.0  2.85532e-16
      27150.0  2.85137e-16
      27160.0  2.84742e-16
      27170.0  2.84348e-16
      27180.0  2.83954e-16
      27190.0  2.83561e-16
      27200.0  2.83169e-16
      27210.0  2.82778e-16
      27220.0  2.82387e-16
      27230.0  2.81997e-16
      27240.0  2.81608e-16
      27250.0  2.81219e-16
      27260.0  2.80831e-16
      27270.0  2.80443e-16
      27280.0  2.80057e-16
      27290.0  2.79670e-16
      27300.0  2.79285e-16
      27310.0  2.78900e-16
      27320.0  2.78516e-16
      27330.0  2.78133e-16
      27340.0  2.77750e-16
      27350.0  2.77368e-16
      27360.0  2.76986e-16
      27370.0  2.76606e-16
      27380.0  2.76225e-16
      27390.0  2.75846e-16
      27400.0  2.75467e-16
      27410.0  2.75089e-16
      27420.0  2.74711e-16
      27430.0  2.74334e-16
      27440.0  2.73958e-16
      27450.0  2.73582e-16
      27460.0  2.73207e-16
      27470.0  2.72833e-16
      27480.0  2.72459e-16
      27490.0  2.72086e-16
      27500.0  2.71714e-16
      27510.0  2.71342e-16
      27520.0  2.70971e-16
      27530.0  2.70600e-16
      27540.0  2.70231e-16
      27550.0  2.69861e-16
      27560.0  2.69493e-16
      27570.0  2.69125e-16
      27580.0  2.68757e-16
      27590.0  2.68391e-16
      27600.0  2.68024e-16
      27610.0  2.67659e-16
      27620.0  2.67294e-16
      27630.0  2.66930e-16
      27640.0  2.66566e-16
      27650.0  2.66203e-16
      27660.0  2.65841e-16
      27670.0  2.65479e-16
      27680.0  2.65118e-16
      27690.0  2.64757e-16
      27700.0  2.64397e-16
      27710.0  2.64038e-16
      27720.0  2.63679e-16
      27730.0  2.63321e-16
      27740.0  2.62963e-16
      27750.0  2.62607e-16
      27760.0  2.62250e-16
      27770.0  2.61895e-16
      27780.0  2.61539e-16
      27790.0  2.61185e-16
      27800.0  2.60831e-16
      27810.0  2.60478e-16
      27820.0  2.60125e-16
      27830.0  2.59773e-16
      27840.0  2.59421e-16
      27850.0  2.59071e-16
      27860.0  2.58720e-16
      27870.0  2.58370e-16
      27880.0  2.58021e-16
      27890.0  2.57673e-16
      27900.0  2.57325e-16
      27910.0  2.56977e-16
      27920.0  2.56631e-16
      27930.0  2.56284e-16
      27940.0  2.55939e-16
      27950.0  2.55594e-16
      27960.0  2.55249e-16
      27970.0  2.54905e-16
      27980.0  2.54562e-16
      27990.0  2.54219e-16
      28000.0  2.53877e-16
      28010.0  2.53535e-16
      28020.0  2.53194e-16
      28030.0  2.52854e-16
      28040.0  2.52514e-16
      28050.0  2.52175e-16
      28060.0  2.51836e-16
      28070.0  2.51498e-16
      28080.0  2.51160e-16
      28090.0  2.50823e-16
      28100.0  2.50487e-16
      28110.0  2.50151e-16
      28120.0  2.49816e-16
      28130.0  2.49481e-16
      28140.0  2.49147e-16
      28150.0  2.48813e-16
      28160.0  2.48480e-16
      28170.0  2.48147e-16
      28180.0  2.47815e-16
      28190.0  2.47484e-16
      28200.0  2.47153e-16
      28210.0  2.46823e-16
      28220.0  2.46493e-16
      28230.0  2.46164e-16
      28240.0  2.45835e-16
      28250.0  2.45507e-16
      28260.0  2.45179e-16
      28270.0  2.44852e-16
      28280.0  2.44526e-16
      28290.0  2.44200e-16
      28300.0  2.43874e-16
      28310.0  2.43549e-16
      28320.0  2.43225e-16
      28330.0  2.42901e-16
      28340.0  2.42578e-16
      28350.0  2.42255e-16
      28360.0  2.41933e-16
      28370.0  2.41611e-16
      28380.0  2.41290e-16
      28390.0  2.40970e-16
      28400.0  2.40650e-16
      28410.0  2.40330e-16
      28420.0  2.40011e-16
      28430.0  2.39693e-16
      28440.0  2.39375e-16
      28450.0  2.39057e-16
      28460.0  2.38740e-16
      28470.0  2.38424e-16
      28480.0  2.38108e-16
      28490.0  2.37793e-16
      28500.0  2.37478e-16
      28510.0  2.37164e-16
      28520.0  2.36850e-16
      28530.0  2.36537e-16
      28540.0  2.36224e-16
      28550.0  2.35912e-16
      28560.0  2.35600e-16
      28570.0  2.35289e-16
      28580.0  2.34978e-16
      28590.0  2.34668e-16
      28600.0  2.34358e-16
      28610.0  2.34049e-16
      28620.0  2.33741e-16
      28630.0  2.33433e-16
      28640.0  2.33125e-16
      28650.0  2.32818e-16
      28660.0  2.32511e-16
      28670.0  2.32205e-16
      28680.0  2.31900e-16
      28690.0  2.31594e-16
      28700.0  2.31290e-16
      28710.0  2.30986e-16
      28720.0  2.30682e-16
      28730.0  2.30379e-16
      28740.0  2.30076e-16
      28750.0  2.29774e-16
      28760.0  2.29473e-16
      28770.0  2.29172e-16
      28780.0  2.28871e-16
      28790.0  2.28571e-16
      28800.0  2.28271e-16
      28810.0  2.27972e-16
      28820.0  2.27673e-16
      28830.0  2.27375e-16
      28840.0  2.27078e-16
      28850.0  2.26780e-16
      28860.0  2.26484e-16
      28870.0  2.26187e-16
      28880.0  2.25892e-16
      28890.0  2.25596e-16
      28900.0  2.25302e-16
      28910.0  2.25007e-16
      28920.0  2.24713e-16
      28930.0  2.24420e-16
      28940.0  2.24127e-16
      28950.0  2.23835e-16
      28960.0  2.23543e-16
      28970.0  2.23252e-16
      28980.0  2.22961e-16
      28990.0  2.22670e-16
      29000.0  2.22380e-16
      29010.0  2.22091e-16
      29020.0  2.21801e-16
      29030.0  2.21513e-16
      29040.0  2.21225e-16
      29050.0  2.20937e-16
      29060.0  2.20650e-16
      29070.0  2.20363e-16
      29080.0  2.20077e-16
      29090.0  2.19791e-16
      29100.0  2.19506e-16
      29110.0  2.19221e-16
      29120.0  2.18936e-16
      29130.0  2.18652e-16
      29140.0  2.18369e-16
      29150.0  2.18086e-16
      29160.0  2.17803e-16
      29170.0  2.17521e-16
      29180.0  2.17239e-16
      29190.0  2.16958e-16
      29200.0  2.16678e-16
      29210.0  2.16397e-16
      29220.0  2.16117e-16
      29230.0  2.15838e-16
      29240.0  2.15559e-16
      29250.0  2.15280e-16
      29260.0  2.15002e-16
      29270.0  2.14725e-16
      29280.0  2.14448e-16
      29290.0  2.14171e-16
      29300.0  2.13895e-16
      29310.0  2.13619e-16
      29320.0  2.13343e-16
      29330.0  2.13069e-16
      29340.0  2.12794e-16
      29350.0  2.12520e-16
      29360.0  2.12246e-16
      29370.0  2.11973e-16
      29380.0  2.11700e-16
      29390.0  2.11428e-16
      29400.0  2.11156e-16
      29410.0  2.10885e-16
      29420.0  2.10614e-16
      29430.0  2.10343e-16
      29440.0  2.10073e-16
      29450.0  2.09804e-16
      29460.0  2.09534e-16
      29470.0  2.09265e-16
      29480.0  2.08997e-16
      29490.0  2.08729e-16
      29500.0  2.08462e-16
      29510.0  2.08194e-16
      29520.0  2.07928e-16
      29530.0  2.07662e-16
      29540.0  2.07396e-16
      29550.0  2.07130e-16
      29560.0  2.06865e-16
      29570.0  2.06601e-16
      29580.0  2.06337e-16
      29590.0  2.06073e-16
      29600.0  2.05810e-16
      29610.0  2.05547e-16
      29620.0  2.05284e-16
      29630.0  2.05022e-16
      29640.0  2.04761e-16
      29650.0  2.04499e-16
      29660.0  2.04239e-16
      29670.0  2.03978e-16
      29680.0  2.03718e-16
      29690.0  2.03459e-16
      29700.0  2.03200e-16
      29710.0  2.02941e-16
      29720.0  2.02683e-16
      29730.0  2.02425e-16
      29740.0  2.02167e-16
      29750.0  2.01910e-16
      29760.0  2.01653e-16
      29770.0  2.01397e-16
      29780.0  2.01141e-16
      29790.0  2.00886e-16
      29800.0  2.00631e-16
      29810.0  2.00376e-16
      29820.0  2.00122e-16
      29830.0  1.99868e-16
      29840.0  1.99615e-16
      29850.0  1.99362e-16
      29860.0  1.99109e-16
      29870.0  1.98857e-16
      29880.0  1.98605e-16
      29890.0  1.98353e-16
      29900.0  1.98102e-16
      29910.0  1.97852e-16
      29920.0  1.97602e-16
      29930.0  1.97352e-16
      29940.0  1.97102e-16
      29950.0  1.96853e-16
      29960.0  1.96604e-16
      29970.0  1.96356e-16
      29980.0  1.96108e-16
      29990.0  1.95861e-16
      30000.0  1.95614e-16
      30010.0  1.95367e-16
      30020.0  1.95121e-16
      30030.0  1.94875e-16
      30040.0  1.94629e-16
      30050.0  1.94384e-16
      30060.0  1.94139e-16
      30070.0  1.93895e-16
      30080.0  1.93651e-16
      30090.0  1.93407e-16
      30100.0  1.93164e-16
      30110.0  1.92921e-16
      30120.0  1.92679e-16
      30130.0  1.92436e-16
      30140.0  1.92195e-16
      30150.0  1.91953e-16
      30160.0  1.91712e-16
      30170.0  1.91472e-16
      30180.0  1.91232e-16
      30190.0  1.90992e-16
      30200.0  1.90752e-16
      30210.0  1.90513e-16
      30220.0  1.90274e-16
      30230.0  1.90036e-16
      30240.0  1.89798e-16
      30250.0  1.89561e-16
      30260.0  1.89323e-16
      30270.0  1.89086e-16
      30280.0  1.88850e-16
      30290.0  1.88614e-16
      30300.0  1.88378e-16
      30310.0  1.88143e-16
      30320.0  1.87908e-16
      30330.0  1.87673e-16
      30340.0  1.87439e-16
      30350.0  1.87205e-16
      30360.0  1.86971e-16
      30370.0  1.86738e-16
      30380.0  1.86505e-16
      30390.0  1.86273e-16
      30400.0  1.86041e-16
      30410.0  1.85809e-16
      30420.0  1.85578e-16
      30430.0  1.85347e-16
      30440.0  1.85116e-16
      30450.0  1.84886e-16
      30460.0  1.84656e-16
      30470.0  1.84426e-16
      30480.0  1.84197e-16
      30490.0  1.83968e-16
      30500.0  1.83739e-16
      30510.0  1.83511e-16
      30520.0  1.83283e-16
      30530.0  1.83056e-16
      30540.0  1.82829e-16
      30550.0  1.82602e-16
      30560.0  1.82376e-16
      30570.0  1.82150e-16
      30580.0  1.81924e-16
      30590.0  1.81698e-16
      30600.0  1.81473e-16
      30610.0  1.81249e-16
      30620.0  1.81024e-16
      30630.0  1.80801e-16
      30640.0  1.80577e-16
      30650.0  1.80354e-16
      30660.0  1.80131e-16
      30670.0  1.79908e-16
      30680.0  1.79686e-16
      30690.0  1.79464e-16
      30700.0  1.79242e-16
      30710.0  1.79021e-16
      30720.0  1.78800e-16
      30730.0  1.78580e-16
      30740.0  1.78360e-16
      30750.0  1.78140e-16
      30760.0  1.77920e-16
      30770.0  1.77701e-16
      30780.0  1.77482e-16
      30790.0  1.77264e-16
      30800.0  1.77045e-16
      30810.0  1.76828e-16
      30820.0  1.76610e-16
      30830.0  1.76393e-16
      30840.0  1.76176e-16
      30850.0  1.75960e-16
      30860.0  1.75743e-16
      30870.0  1.75528e-16
      30880.0  1.75312e-16
      30890.0  1.75097e-16
      30900.0  1.74882e-16
      30910.0  1.74667e-16
      30920.0  1.74453e-16
      30930.0  1.74239e-16
      30940.0  1.74026e-16
      30950.0  1.73813e-16
      30960.0  1.73600e-16
      30970.0  1.73387e-16
      30980.0  1.73175e-16
      30990.0  1.72963e-16
      31000.0  1.72751e-16
      31010.0  1.72540e-16
      31020.0  1.72329e-16
      31030.0  1.72119e-16
      31040.0  1.71908e-16
      31050.0  1.71698e-16
      31060.0  1.71489e-16
      31070.0  1.71279e-16
      31080.0  1.71070e-16
      31090.0  1.70862e-16
      31100.0  1.70653e-16
      31110.0  1.70445e-16
      31120.0  1.70237e-16
      31130.0  1.70030e-16
      31140.0  1.69823e-16
      31150.0  1.69616e-16
      31160.0  1.69409e-16
      31170.0  1.69203e-16
      31180.0  1.68997e-16
      31190.0  1.68792e-16
      31200.0  1.68587e-16
      31210.0  1.68382e-16
      31220.0  1.68177e-16
      31230.0  1.67973e-16
      31240.0  1.67769e-16
      31250.0  1.67565e-16
      31260.0  1.67362e-16
      31270.0  1.67159e-16
      31280.0  1.66956e-16
      31290.0  1.66753e-16
      31300.0  1.66551e-16
      31310.0  1.66349e-16
      31320.0  1.66148e-16
      31330.0  1.65947e-16
      31340.0  1.65746e-16
      31350.0  1.65545e-16
      31360.0  1.65345e-16
      31370.0  1.65145e-16
      31380.0  1.64945e-16
      31390.0  1.64746e-16
      31400.0  1.64546e-16
      31410.0  1.64348e-16
      31420.0  1.64149e-16
      31430.0  1.63951e-16
      31440.0  1.63753e-16
      31450.0  1.63555e-16
      31460.0  1.63358e-16
      31470.0  1.63161e-16
      31480.0  1.62964e-16
      31490.0  1.62768e-16
      31500.0  1.62572e-16
      31510.0  1.62376e-16
      31520.0  1.62180e-16
      31530.0  1.61985e-16
      31540.0  1.61790e-16
      31550.0  1.61595e-16
      31560.0  1.61401e-16
      31570.0  1.61207e-16
      31580.0  1.61013e-16
      31590.0  1.60820e-16
      31600.0  1.60626e-16
      31610.0  1.60434e-16
      31620.0  1.60241e-16
      31630.0  1.60049e-16
      31640.0  1.59857e-16
      31650.0  1.59665e-16
      31660.0  1.59473e-16
      31670.0  1.59282e-16
      31680.0  1.59091e-16
      31690.0  1.58901e-16
      31700.0  1.58710e-16
      31710.0  1.58520e-16
      31720.0  1.58330e-16
      31730.0  1.58141e-16
      31740.0  1.57952e-16
      31750.0  1.57763e-16
      31760.0  1.57574e-16
      31770.0  1.57386e-16
      31780.0  1.57198e-16
      31790.0  1.57010e-16
      31800.0  1.56822e-16
      31810.0  1.56635e-16
      31820.0  1.56448e-16
      31830.0  1.56262e-16
      31840.0  1.56075e-16
      31850.0  1.55889e-16
      31860.0  1.55703e-16
      31870.0  1.55518e-16
      31880.0  1.55332e-16
      31890.0  1.55147e-16
      31900.0  1.54963e-16
      31910.0  1.54778e-16
      31920.0  1.54594e-16
      31930.0  1.54410e-16
      31940.0  1.54226e-16
      31950.0  1.54043e-16
      31960.0  1.53860e-16
      31970.0  1.53677e-16
      31980.0  1.53494e-16
      31990.0  1.53312e-16
      32000.0  1.53130e-16
      32010.0  1.52948e-16
      32020.0  1.52767e-16
      32030.0  1.52586e-16
      32040.0  1.52405e-16
      32050.0  1.52224e-16
      32060.0  1.52044e-16
      32070.0  1.51863e-16
      32080.0  1.51684e-16
      32090.0  1.51504e-16
      32100.0  1.51325e-16
      32110.0  1.51146e-16
      32120.0  1.50967e-16
      32130.0  1.50788e-16
      32140.0  1.50610e-16
      32150.0  1.50432e-16
      32160.0  1.50254e-16
      32170.0  1.50077e-16
      32180.0  1.49899e-16
      32190.0  1.49722e-16
      32200.0  1.49546e-16
      32210.0  1.49369e-16
      32220.0  1.49193e-16
      32230.0  1.49017e-16
      32240.0  1.48841e-16
      32250.0  1.48666e-16
      32260.0  1.48491e-16
      32270.0  1.48316e-16
      32280.0  1.48141e-16
      32290.0  1.47967e-16
      32300.0  1.47793e-16
      32310.0  1.47619e-16
      32320.0  1.47445e-16
      32330.0  1.47272e-16
      32340.0  1.47099e-16
      32350.0  1.46926e-16
      32360.0  1.46753e-16
      32370.0  1.46581e-16
      32380.0  1.46409e-16
      32390.0  1.46237e-16
      32400.0  1.46065e-16
      32410.0  1.45894e-16
      32420.0  1.45723e-16
      32430.0  1.45552e-16
      32440.0  1.45382e-16
      32450.0  1.45211e-16
      32460.0  1.45041e-16
      32470.0  1.44871e-16
      32480.0  1.44702e-16
      32490.0  1.44532e-16
      32500.0  1.44363e-16
      32510.0  1.44194e-16
      32520.0  1.44026e-16
      32530.0  1.43857e-16
      32540.0  1.43689e-16
      32550.0  1.43521e-16
      32560.0  1.43354e-16
      32570.0  1.43186e-16
      32580.0  1.43019e-16
      32590.0  1.42852e-16
      32600.0  1.42686e-16
      32610.0  1.42519e-16
      32620.0  1.42353e-16
      32630.0  1.42187e-16
      32640.0  1.42022e-16
      32650.0  1.41856e-16
      32660.0  1.41691e-16
      32670.0  1.41526e-16
      32680.0  1.41361e-16
      32690.0  1.41197e-16
      32700.0  1.41033e-16
      32710.0  1.40869e-16
      32720.0  1.40705e-16
      32730.0  1.40541e-16
      32740.0  1.40378e-16
      32750.0  1.40215e-16
      32760.0  1.40052e-16
      32770.0  1.39890e-16
      32780.0  1.39727e-16
      32790.0  1.39565e-16
      32800.0  1.39403e-16
      32810.0  1.39242e-16
      32820.0  1.39080e-16
      32830.0  1.38919e-16
      32840.0  1.38758e-16
      32850.0  1.38597e-16
      32860.0  1.38437e-16
      32870.0  1.38277e-16
      32880.0  1.38117e-16
      32890.0  1.37957e-16
      32900.0  1.37797e-16
      32910.0  1.37638e-16
      32920.0  1.37479e-16
      32930.0  1.37320e-16
      32940.0  1.37161e-16
      32950.0  1.37003e-16
      32960.0  1.36845e-16
      32970.0  1.36687e-16
      32980.0  1.36529e-16
      32990.0  1.36372e-16
      33000.0  1.36214e-16
      33010.0  1.36057e-16
      33020.0  1.35900e-16
      33030.0  1.35744e-16
      33040.0  1.35588e-16
      33050.0  1.35431e-16
      33060.0  1.35275e-16
      33070.0  1.35120e-16
      33080.0  1.34964e-16
      33090.0  1.34809e-16
      33100.0  1.34654e-16
      33110.0  1.34499e-16
      33120.0  1.34345e-16
      33130.0  1.34190e-16
      33140.0  1.34036e-16
      33150.0  1.33882e-16
      33160.0  1.33729e-16
      33170.0  1.33575e-16
      33180.0  1.33422e-16
      33190.0  1.33269e-16
      33200.0  1.33116e-16
      33210.0  1.32963e-16
      33220.0  1.32811e-16
      33230.0  1.32659e-16
      33240.0  1.32507e-16
      33250.0  1.32355e-16
      33260.0  1.32204e-16
      33270.0  1.32052e-16
      33280.0  1.31901e-16
      33290.0  1.31751e-16
      33300.0  1.31600e-16
      33310.0  1.31449e-16
      33320.0  1.31299e-16
      33330.0  1.31149e-16
      33340.0  1.30999e-16
      33350.0  1.30850e-16
      33360.0  1.30701e-16
      33370.0  1.30551e-16
      33380.0  1.30402e-16
      33390.0  1.30254e-16
      33400.0  1.30105e-16
      33410.0  1.29957e-16
      33420.0  1.29809e-16
      33430.0  1.29661e-16
      33440.0  1.29513e-16
      33450.0  1.29366e-16
      33460.0  1.29219e-16
      33470.0  1.29072e-16
      33480.0  1.28925e-16
      33490.0  1.28778e-16
      33500.0  1.28632e-16
      33510.0  1.28486e-16
      33520.0  1.28340e-16
      33530.0  1.28194e-16
      33540.0  1.28048e-16
      33550.0  1.27903e-16
      33560.0  1.27758e-16
      33570.0  1.27613e-16
      33580.0  1.27468e-16
      33590.0  1.27323e-16
      33600.0  1.27179e-16
      33610.0  1.27035e-16
      33620.0  1.26891e-16
      33630.0  1.26747e-16
      33640.0  1.26604e-16
      33650.0  1.26460e-16
      33660.0  1.26317e-16
      33670.0  1.26174e-16
      33680.0  1.26032e-16
      33690.0  1.25889e-16
      33700.0  1.25747e-16
      33710.0  1.25605e-16
      33720.0  1.25463e-16
      33730.0  1.25321e-16
      33740.0  1.25179e-16
      33750.0  1.25038e-16
      33760.0  1.24897e-16
      33770.0  1.24756e-16
      33780.0  1.24615e-16
      33790.0  1.24475e-16
      33800.0  1.24334e-16
      33810.0  1.24194e-16
      33820.0  1.24054e-16
      33830.0  1.23915e-16
      33840.0  1.23775e-16
      33850.0  1.23636e-16
      33860.0  1.23497e-16
      33870.0  1.23358e-16
      33880.0  1.23219e-16
      33890.0  1.23080e-16
      33900.0  1.22942e-16
      33910.0  1.22804e-16
      33920.0  1.22666e-16
      33930.0  1.22528e-16
      33940.0  1.22390e-16
      33950.0  1.22253e-16
      33960.0  1.22116e-16
      33970.0  1.21979e-16
      33980.0  1.21842e-16
      33990.0  1.21705e-16
      34000.0  1.21569e-16
      34010.0  1.21433e-16
      34020.0  1.21297e-16
      34030.0  1.21161e-16
      34040.0  1.21025e-16
      34050.0  1.20890e-16
      34060.0  1.20754e-16
      34070.0  1.20619e-16
      34080.0  1.20484e-16
      34090.0  1.20350e-16
      34100.0  1.20215e-16
      34110.0  1.20081e-16
      34120.0  1.19946e-16
      34130.0  1.19813e-16
      34140.0  1.19679e-16
      34150.0  1.19545e-16
      34160.0  1.19412e-16
      34170.0  1.19278e-16
      34180.0  1.19145e-16
      34190.0  1.19013e-16
      34200.0  1.18880e-16
      34210.0  1.18747e-16
      34220.0  1.18615e-16
      34230.0  1.18483e-16
      34240.0  1.18351e-16
      34250.0  1.18219e-16
      34260.0  1.18088e-16
      34270.0  1.17956e-16
      34280.0  1.17825e-16
      34290.0  1.17694e-16
      34300.0  1.17563e-16
      34310.0  1.17432e-16
      34320.0  1.17302e-16
      34330.0  1.17172e-16
      34340.0  1.17042e-16
      34350.0  1.16912e-16
      34360.0  1.16782e-16
      34370.0  1.16652e-16
      34380.0  1.16523e-16
      34390.0  1.16394e-16
      34400.0  1.16265e-16
      34410.0  1.16136e-16
      34420.0  1.16007e-16
      34430.0  1.15879e-16
      34440.0  1.15750e-16
      34450.0  1.15622e-16
      34460.0  1.15494e-16
      34470.0  1.15366e-16
      34480.0  1.15239e-16
      34490.0  1.15111e-16
      34500.0  1.14984e-16
      34510.0  1.14857e-16
      34520.0  1.14730e-16
      34530.0  1.14603e-16
      34540.0  1.14477e-16
      34550.0  1.14350e-16
      34560.0  1.14224e-16
      34570.0  1.14098e-16
      34580.0  1.13972e-16
      34590.0  1.13846e-16
      34600.0  1.13721e-16
      34610.0  1.13595e-16
      34620.0  1.13470e-16
      34630.0  1.13345e-16
      34640.0  1.13220e-16
      34650.0  1.13096e-16
      34660.0  1.12971e-16
      34670.0  1.12847e-16
      34680.0  1.12723e-16
      34690.0  1.12599e-16
      34700.0  1.12475e-16
      34710.0  1.12351e-16
      34720.0  1.12228e-16
      34730.0  1.12105e-16
      34740.0  1.11981e-16
      34750.0  1.11858e-16
      34760.0  1.11736e-16
      34770.0  1.11613e-16
      34780.0  1.11491e-16
      34790.0  1.11368e-16
      34800.0  1.11246e-16
      34810.0  1.11124e-16
      34820.0  1.11002e-16
      34830.0  1.10881e-16
      34840.0  1.10759e-16
      34850.0  1.10638e-16
      34860.0  1.10517e-16
      34870.0  1.10396e-16
      34880.0  1.10275e-16
      34890.0  1.10154e-16
      34900.0  1.10034e-16
      34910.0  1.09914e-16
      34920.0  1.09794e-16
      34930.0  1.09674e-16
      34940.0  1.09554e-16
      34950.0  1.09434e-16
      34960.0  1.09315e-16
      34970.0  1.09195e-16
      34980.0  1.09076e-16
      34990.0  1.09017e-16
