# based on SN2016ccj
# The UV and optical spectra are from HST and NOT with a blackbody extension. 
# Brown et al. 2017 (currently in prep)
      900.000  1.17324e-17
      910.000  1.21554e-17
      920.000  1.30120e-17
      930.000  1.39005e-17
      940.000  1.48204e-17
      950.000  1.57712e-17
      960.000  1.67520e-17
      970.000  1.77622e-17
      980.000  1.88010e-17
      990.000  1.98676e-17
      1000.00  2.09609e-17
      1010.00  2.20801e-17
      1020.00  2.32241e-17
      1030.00  2.43919e-17
      1040.00  2.55823e-17
      1050.00  2.67943e-17
      1060.00  2.80267e-17
      1070.00  2.92782e-17
      1080.00  3.05478e-17
      1090.00  3.18341e-17
      1100.00  3.31359e-17
      1110.00  3.44520e-17
      1120.00  3.57812e-17
      1130.00  3.71221e-17
      1140.00  3.84735e-17
      1150.00  3.98343e-17
      1160.00  4.12030e-17
      1170.00  4.25786e-17
      1180.00  4.39597e-17
      1190.00  4.53452e-17
      1200.00  4.67339e-17
      1210.00  4.81246e-17
      1220.00  4.95162e-17
      1230.00  5.09075e-17
      1240.00  5.22975e-17
      1250.00  5.36850e-17
      1260.00  5.50690e-17
      1270.00  5.64485e-17
      1280.00  5.78226e-17
      1290.00  5.91901e-17
      1300.00  6.05502e-17
      1310.00  6.19021e-17
      1320.00  6.32448e-17
      1330.00  6.45774e-17
      1340.00  6.58993e-17
      1350.00  6.72095e-17
      1360.00  6.85074e-17
      1370.00  6.97923e-17
      1380.00  7.10635e-17
      1390.00  7.23203e-17
      1400.00  7.35622e-17
      1410.00  7.47884e-17
      1420.00  7.59987e-17
      1430.00  7.71923e-17
      1440.00  7.83688e-17
      1450.00  7.95277e-17
      1460.00  8.06687e-17
      1470.00  8.17913e-17
      1480.00  8.28952e-17
      1490.00  8.39800e-17
      1500.00  8.50454e-17
      1510.00  8.60911e-17
      1520.00  8.71169e-17
      1530.00  8.81225e-17
      1540.00  8.91078e-17
      1550.00  9.00725e-17
      1560.00  9.10165e-17
      1570.00  9.19396e-17
      1580.00  9.28417e-17
      1590.00  9.37228e-17
      1600.00  9.45827e-17
      1610.00  9.54214e-17
      1620.00  9.62388e-17
      1630.00  9.70350e-17
      1640.00  9.78099e-17
      1650.00  9.85636e-17
      1660.00  9.92960e-17
      1670.00  1.00007e-16
      1680.00  1.00697e-16
      1690.00  1.01366e-16
      1700.00  1.02015e-16
      1710.00  1.02642e-16
      1720.00  1.03248e-16
      1730.00  1.03834e-16
      1740.00  1.04400e-16
      1750.00  1.04945e-16
      1760.00  1.05470e-16
      1770.00  1.05975e-16
      1780.00  1.06460e-16
      1790.00  1.06925e-16
      1800.00  1.07371e-16
      1810.00  1.07798e-16
      1820.00  1.08205e-16
      1830.00  1.08594e-16
      1840.00  1.08964e-16
      1850.00  1.09315e-16
      1860.00  1.09649e-16
      1870.00  1.09964e-16
      1880.00  1.10262e-16
      1890.00  1.10542e-16
      1900.00  1.10805e-16
      1910.00  1.11050e-16
      1920.00  1.11279e-16
      1930.00  1.11492e-16
      1940.00  1.11688e-16
      1950.00  1.11868e-16
      1960.00  1.12032e-16
      1970.00  1.12181e-16
      1980.00  1.12315e-16
      1990.00  1.12379e-16
      2000.00  1.83169e-16
      2010.00  1.90522e-16
      2020.00  1.77290e-16
      2030.00  1.94988e-16
      2040.00  2.23746e-16
      2050.00  2.51570e-16
      2060.00  2.47153e-16
      2070.00  2.73562e-16
      2080.00  2.94990e-16
      2090.00  2.86635e-16
      2100.00  2.83613e-16
      2110.00  2.82613e-16
      2120.00  2.83797e-16
      2130.00  2.83629e-16
      2140.00  2.89091e-16
      2150.00  2.92436e-16
      2160.00  2.88609e-16
      2170.00  2.97609e-16
      2180.00  2.88943e-16
      2190.00  2.61524e-16
      2200.00  2.39560e-16
      2210.00  2.09788e-16
      2220.00  1.82639e-16
      2230.00  1.61717e-16
      2240.00  1.59294e-16
      2250.00  1.59590e-16
      2260.00  1.72071e-16
      2270.00  1.84738e-16
      2280.00  1.91604e-16
      2290.00  2.24602e-16
      2300.00  2.69571e-16
      2310.00  3.00916e-16
      2320.00  3.03001e-16
      2330.00  3.01364e-16
      2340.00  3.14772e-16
      2350.00  3.50980e-16
      2360.00  3.97856e-16
      2370.00  4.28390e-16
      2380.00  4.42686e-16
      2390.00  4.60785e-16
      2400.00  4.72848e-16
      2410.00  4.84478e-16
      2420.00  4.83861e-16
      2430.00  4.53930e-16
      2440.00  4.31172e-16
      2450.00  3.98036e-16
      2460.00  3.88474e-16
      2470.00  3.79980e-16
      2480.00  3.45820e-16
      2490.00  3.27236e-16
      2500.00  3.54293e-16
      2510.00  3.96569e-16
      2520.00  4.03142e-16
      2530.00  4.03131e-16
      2540.00  4.15059e-16
      2550.00  4.18568e-16
      2560.00  4.63504e-16
      2570.00  4.89192e-16
      2580.00  4.57299e-16
      2590.00  4.21482e-16
      2600.00  4.15240e-16
      2610.00  4.36106e-16
      2620.00  4.27079e-16
      2630.00  3.69129e-16
      2640.00  2.93679e-16
      2650.00  2.27766e-16
      2660.00  2.14482e-16
      2670.00  2.22688e-16
      2680.00  2.18272e-16
      2690.00  2.49846e-16
      2700.00  3.38124e-16
      2710.00  4.05994e-16
      2720.00  4.59453e-16
      2730.00  5.08517e-16
      2740.00  5.52147e-16
      2750.00  5.93533e-16
      2760.00  6.79112e-16
      2770.00  7.54370e-16
      2780.00  7.92646e-16
      2790.00  7.80735e-16
      2800.00  7.56871e-16
      2810.00  8.13671e-16
      2820.00  8.97053e-16
      2830.00  9.21787e-16
      2840.00  9.20908e-16
      2850.00  9.17856e-16
      2860.00  9.43903e-16
      2870.00  9.48142e-16
      2880.00  9.59668e-16
      2890.00  9.61960e-16
      2900.00  9.65816e-16
      2910.00  1.01404e-15
      2920.00  1.09226e-15
      2930.00  1.12894e-15
      2940.00  1.18297e-15
      2950.00  1.21067e-15
      2960.00  1.23985e-15
      2970.00  1.32268e-15
      2980.00  1.35552e-15
      2990.00  1.36384e-15
      3000.00  1.28762e-15
      3010.00  1.20254e-15
      3020.00  1.24882e-15
      3030.00  1.30558e-15
      3040.00  1.27805e-15
      3050.00  1.28945e-15
      3060.00  1.26630e-15
      3070.00  1.24856e-15
      3080.00  1.30719e-15
      3090.00  1.32329e-15
      3100.00  1.35968e-15
      3110.00  1.32207e-15
      3120.00  1.31569e-15
      3130.00  1.32931e-15
      3140.00  1.34073e-15
      3150.00  1.37924e-15
      3160.00  1.31619e-15
      3170.00  1.31103e-15
      3180.00  1.33130e-15
      3190.00  1.33097e-15
      3200.00  1.29741e-15
      3210.00  1.21618e-15
      3220.00  1.18566e-15
      3230.00  1.20291e-15
      3240.00  1.18462e-15
      3250.00  1.23355e-15
      3260.00          NaN
      3270.00          NaN
      3280.00  1.16178e-15
      3290.00          NaN
      3300.00          NaN
      3310.00  1.26851e-15
      3320.00  1.23322e-15
      3330.00  1.29051e-15
      3340.00  1.36880e-15
      3350.00  1.37887e-15
      3360.00  1.38104e-15
      3370.00  1.36205e-15
      3380.00  1.30712e-15
      3390.00  1.27379e-15
      3400.00  1.29170e-15
      3410.00  1.33975e-15
      3420.00  1.32915e-15
      3430.00  1.31403e-15
      3440.00  1.35035e-15
      3450.00  1.34687e-15
      3460.00  1.37052e-15
      3470.00  1.35579e-15
      3480.00  1.30615e-15
      3490.00  1.30335e-15
      3500.00          NaN
      3510.00          NaN
      3520.00          NaN
      3530.00          NaN
      3540.00          NaN
      3550.00          NaN
      3560.00          NaN
      3570.00          NaN
      3580.00  1.39331e-15
      3590.00  1.35714e-15
      3600.00  1.33612e-15
      3610.00  1.37212e-15
      3620.00  1.41408e-15
      3630.00  1.44237e-15
      3640.00          NaN
      3650.00          NaN
      3660.00  1.31936e-15
      3670.00  1.21134e-15
      3680.00  1.14183e-15
      3690.00          NaN
      3700.00          NaN
      3710.00  1.06548e-15
      3720.00  1.12121e-15
      3730.00  1.15901e-15
      3740.00  1.17928e-15
      3750.00  1.22651e-15
      3760.00  1.23073e-15
      3770.00  1.20779e-15
      3780.00  1.14843e-15
      3790.00  1.10437e-15
      3800.00  1.06915e-15
      3810.00          NaN
      3820.00          NaN
      3830.00  1.02326e-15
      3840.00  1.11057e-15
      3850.00  1.21342e-15
      3860.00  1.29217e-15
      3870.00  1.39092e-15
      3880.00  1.46215e-15
      3890.00          NaN
      3900.00          NaN
      3910.00  1.41161e-15
      3920.00  1.40256e-15
      3930.00  1.38502e-15
      3940.00  1.40446e-15
      3950.00  1.39906e-15
      3960.00  1.30868e-15
      3970.00  1.23845e-15
      3980.00  1.26346e-15
      3990.00  1.28795e-15
      4000.00  1.30892e-15
      4010.00  1.32806e-15
      4020.00  1.34139e-15
      4030.00  1.33570e-15
      4040.00  1.41029e-15
      4050.00  1.47961e-15
      4060.00  1.42557e-15
      4070.00  1.39142e-15
      4080.00  1.36409e-15
      4090.00  1.32720e-15
      4100.00  1.31789e-15
      4110.00  1.33489e-15
      4120.00  1.31966e-15
      4130.00  1.29112e-15
      4140.00  1.30316e-15
      4150.00  1.31247e-15
      4160.00  1.32867e-15
      4170.00  1.33314e-15
      4180.00  1.29675e-15
      4190.00  1.24472e-15
      4200.00  1.19997e-15
      4210.00  1.17501e-15
      4220.00  1.13418e-15
      4230.00  1.11058e-15
      4240.00  1.09810e-15
      4250.00          NaN
      4260.00          NaN
      4270.00  9.76767e-16
      4280.00  8.96223e-16
      4290.00          NaN
      4300.00          NaN
      4310.00          NaN
      4320.00          NaN
      4330.00          NaN
      4340.00          NaN
      4350.00  9.60141e-16
      4360.00          NaN
      4370.00          NaN
      4380.00  9.95470e-16
      4390.00  1.04343e-15
      4400.00  1.04948e-15
      4410.00  1.02966e-15
      4420.00  1.01122e-15
      4430.00  1.02589e-15
      4440.00  1.06668e-15
      4450.00  1.08141e-15
      4460.00  1.05882e-15
      4470.00  1.03842e-15
      4480.00  1.06498e-15
      4490.00  1.09834e-15
      4500.00          NaN
      4510.00          NaN
      4520.00  1.05035e-15
      4530.00          NaN
      4540.00          NaN
      4550.00          NaN
      4560.00          NaN
      4570.00          NaN
      4580.00  1.07482e-15
      4590.00  1.07873e-15
      4600.00  1.07890e-15
      4610.00  1.07767e-15
      4620.00  1.03928e-15
      4630.00  9.99286e-16
      4640.00  1.00959e-15
      4650.00  9.87967e-16
      4660.00  9.51989e-16
      4670.00  9.36747e-16
      4680.00  9.35091e-16
      4690.00  9.46951e-16
      4700.00  9.34379e-16
      4710.00  9.26328e-16
      4720.00  9.21800e-16
      4730.00  9.00793e-16
      4740.00  8.90288e-16
      4750.00  8.83095e-16
      4760.00  8.69557e-16
      4770.00  8.42809e-16
      4780.00  8.28759e-16
      4790.00  8.48792e-16
      4800.00  8.35649e-16
      4810.00  8.07386e-16
      4820.00  7.86868e-16
      4830.00  7.52898e-16
      4840.00  7.01573e-16
      4850.00  6.79753e-16
      4860.00  6.84468e-16
      4870.00  7.02529e-16
      4880.00  7.45945e-16
      4890.00  7.74248e-16
      4900.00  7.76597e-16
      4910.00  7.73972e-16
      4920.00  7.56644e-16
      4930.00          NaN
      4940.00          NaN
      4950.00          NaN
      4960.00          NaN
      4970.00          NaN
      4980.00  6.58442e-16
      4990.00  6.54615e-16
      5000.00  6.71394e-16
      5010.00  6.73668e-16
      5020.00  6.72441e-16
      5030.00  6.70151e-16
      5040.00  6.76126e-16
      5050.00  6.87564e-16
      5060.00  6.94552e-16
      5070.00  6.95972e-16
      5080.00  7.00914e-16
      5090.00  6.95913e-16
      5100.00  6.84083e-16
      5110.00  6.76097e-16
      5120.00  6.67678e-16
      5130.00  6.60985e-16
      5140.00  6.57811e-16
      5150.00  6.58649e-16
      5160.00  6.55907e-16
      5170.00  6.53006e-16
      5180.00  6.44439e-16
      5190.00  6.22183e-16
      5200.00  5.91833e-16
      5210.00  5.63156e-16
      5220.00  5.44248e-16
      5230.00  5.26458e-16
      5240.00  5.18396e-16
      5250.00  5.15476e-16
      5260.00  5.19862e-16
      5270.00  5.24328e-16
      5280.00  5.30699e-16
      5290.00  5.38817e-16
      5300.00  5.42668e-16
      5310.00  5.51958e-16
      5320.00  5.55553e-16
      5330.00  5.50567e-16
      5340.00  5.42705e-16
      5350.00  5.38592e-16
      5360.00  5.30455e-16
      5370.00  5.16605e-16
      5380.00  4.99700e-16
      5390.00  4.80128e-16
      5400.00  4.68356e-16
      5410.00  4.59077e-16
      5420.00  4.53848e-16
      5430.00  4.61061e-16
      5440.00  4.80390e-16
      5450.00  4.97126e-16
      5460.00  5.09725e-16
      5470.00  5.16367e-16
      5480.00  5.27932e-16
      5490.00  5.38107e-16
      5500.00  5.36479e-16
      5510.00  5.26639e-16
      5520.00  5.13503e-16
      5530.00  5.02210e-16
      5540.00  4.97734e-16
      5550.00  4.95658e-16
      5560.00  4.95282e-16
      5570.00  4.99177e-16
      5580.00  5.03406e-16
      5590.00  5.07699e-16
      5600.00  5.08262e-16
      5610.00  5.16947e-16
      5620.00  5.20990e-16
      5630.00  5.11887e-16
      5640.00  5.07932e-16
      5650.00  4.99279e-16
      5660.00  4.90864e-16
      5670.00  4.91134e-16
      5680.00  4.87563e-16
      5690.00  4.87726e-16
      5700.00  4.83298e-16
      5710.00  4.80462e-16
      5720.00  4.79234e-16
      5730.00  4.80006e-16
      5740.00  4.82183e-16
      5750.00  4.86688e-16
      5760.00  4.98634e-16
      5770.00  5.03117e-16
      5780.00  4.98090e-16
      5790.00  4.90169e-16
      5800.00  4.92334e-16
      5810.00  4.95434e-16
      5820.00  4.96422e-16
      5830.00  4.97701e-16
      5840.00  4.94801e-16
      5850.00  4.90534e-16
      5860.00  4.88632e-16
      5870.00  4.84654e-16
      5880.00  4.80993e-16
      5890.00  4.78712e-16
      5900.00  4.75025e-16
      5910.00  4.72389e-16
      5920.00  4.69422e-16
      5930.00  4.69802e-16
      5940.00  4.66069e-16
      5950.00  4.61437e-16
      5960.00  4.64473e-16
      5970.00  4.60222e-16
      5980.00  4.51951e-16
      5990.00  4.39640e-16
      6000.00  4.18853e-16
      6010.00  3.99342e-16
      6020.00  3.72549e-16
      6030.00  3.45873e-16
      6040.00  3.30301e-16
      6050.00  3.20546e-16
      6060.00  3.12763e-16
      6070.00  3.05509e-16
      6080.00  3.02630e-16
      6090.00  3.01550e-16
      6100.00  3.05577e-16
      6110.00  3.09100e-16
      6120.00  3.17941e-16
      6130.00  3.31394e-16
      6140.00  3.39236e-16
      6150.00  3.54355e-16
      6160.00  3.66199e-16
      6170.00  3.75152e-16
      6180.00  3.84393e-16
      6190.00  3.86638e-16
      6200.00  3.88460e-16
      6210.00  3.90667e-16
      6220.00  3.90872e-16
      6230.00  3.89636e-16
      6240.00  3.87679e-16
      6250.00  3.84044e-16
      6260.00  3.81655e-16
      6270.00  3.77672e-16
      6280.00  3.67394e-16
      6290.00  3.57038e-16
      6300.00  3.50387e-16
      6310.00  3.51376e-16
      6320.00  3.48656e-16
      6330.00  3.44127e-16
      6340.00  3.49021e-16
      6350.00  3.51286e-16
      6360.00  3.51191e-16
      6370.00  3.49844e-16
      6380.00  3.51586e-16
      6390.00  3.54736e-16
      6400.00  3.57426e-16
      6410.00  3.62930e-16
      6420.00  3.61052e-16
      6430.00  3.58582e-16
      6440.00  3.59256e-16
      6450.00  3.60626e-16
      6460.00  3.62907e-16
      6470.00  3.64656e-16
      6480.00  3.64137e-16
      6490.00  3.63054e-16
      6500.00  3.68299e-16
      6510.00  3.68275e-16
      6520.00  3.66947e-16
      6530.00  3.65638e-16
      6540.00  3.61045e-16
      6550.00  3.57208e-16
      6560.00  3.51724e-16
      6570.00  3.48826e-16
      6580.00  3.46307e-16
      6590.00  3.45914e-16
      6600.00  3.39488e-16
      6610.00  3.31862e-16
      6620.00  3.34645e-16
      6630.00  3.32014e-16
      6640.00  3.26470e-16
      6650.00  3.24133e-16
      6660.00  3.19507e-16
      6670.00  3.16091e-16
      6680.00  3.10755e-16
      6690.00  3.08001e-16
      6700.00  3.08615e-16
      6710.00  3.09065e-16
      6720.00  3.08401e-16
      6730.00  3.07360e-16
      6740.00  3.07403e-16
      6750.00  3.10156e-16
      6760.00  3.10760e-16
      6770.00  3.09809e-16
      6780.00  3.09813e-16
      6790.00  3.08786e-16
      6800.00  3.06534e-16
      6810.00  3.05399e-16
      6820.00  3.04742e-16
      6830.00  3.00260e-16
      6840.00  2.93589e-16
      6850.00  2.92245e-16
      6860.00  2.90022e-16
      6870.00  2.89893e-16
      6880.00  2.95991e-16
      6890.00  3.01532e-16
      6900.00  2.94555e-16
      6910.00  2.80715e-16
      6920.00  2.74126e-16
      6930.00  2.70052e-16
      6940.00  2.65706e-16
      6950.00  2.64864e-16
      6960.00  2.70329e-16
      6970.00  2.71648e-16
      6980.00  2.66797e-16
      6990.00  2.58349e-16
      7000.00  2.51337e-16
      7010.00  2.46842e-16
      7020.00  2.49880e-16
      7030.00  2.53183e-16
      7040.00  2.54055e-16
      7050.00  2.52337e-16
      7060.00  2.54715e-16
      7070.00  2.65181e-16
      7080.00  2.71272e-16
      7090.00  2.73723e-16
      7100.00  2.68936e-16
      7110.00  2.69248e-16
      7120.00  2.71475e-16
      7130.00  2.70964e-16
      7140.00  2.73043e-16
      7150.00  2.74263e-16
      7160.00  2.72060e-16
      7170.00  2.66099e-16
      7180.00  2.64918e-16
      7190.00  2.65711e-16
      7200.00  2.59832e-16
      7210.00  2.56272e-16
      7220.00  2.54845e-16
      7230.00  2.53033e-16
      7240.00  2.53374e-16
      7250.00  2.52925e-16
      7260.00  2.45812e-16
      7270.00  2.43929e-16
      7280.00  2.47737e-16
      7290.00  2.42580e-16
      7300.00  2.37939e-16
      7310.00  2.38662e-16
      7320.00  2.38383e-16
      7330.00  2.39756e-16
      7340.00  2.31213e-16
      7350.00  2.22772e-16
      7360.00  2.25330e-16
      7370.00  2.19725e-16
      7380.00  2.13741e-16
      7390.00  2.11550e-16
      7400.00  2.12437e-16
      7410.00  2.10552e-16
      7420.00  2.09014e-16
      7430.00  2.08350e-16
      7440.00  2.07202e-16
      7450.00  2.14816e-16
      7460.00  2.11626e-16
      7470.00  2.02748e-16
      7480.00  2.02768e-16
      7490.00  2.05517e-16
      7500.00  2.10942e-16
      7510.00  2.09278e-16
      7520.00  2.04121e-16
      7530.00  2.02809e-16
      7540.00  2.05469e-16
      7550.00  2.05872e-16
      7560.00  2.04865e-16
      7570.00  2.07452e-16
      7580.00  2.07444e-16
      7590.00  2.05753e-16
      7600.00  2.06024e-16
      7610.00  2.08844e-16
      7620.00  2.08178e-16
      7630.00  2.06119e-16
      7640.00  2.05183e-16
      7650.00  2.06928e-16
      7660.00  2.10378e-16
      7670.00  2.12651e-16
      7680.00  2.15194e-16
      7690.00  2.17244e-16
      7700.00  2.18130e-16
      7710.00  2.22686e-16
      7720.00  2.26400e-16
      7730.00  2.27548e-16
      7740.00  2.28159e-16
      7750.00  2.22681e-16
      7760.00  2.21101e-16
      7770.00  2.26337e-16
      7780.00  2.26372e-16
      7790.00  2.23544e-16
      7800.00  2.22279e-16
      7810.00  2.18861e-16
      7820.00  2.13423e-16
      7830.00  2.07424e-16
      7840.00  2.04933e-16
      7850.00  2.06543e-16
      7860.00  2.04483e-16
      7870.00  2.05067e-16
      7880.00  2.08553e-16
      7890.00  2.02491e-16
      7900.00  1.99811e-16
      7910.00  2.06990e-16
      7920.00  2.04945e-16
      7930.00  2.00216e-16
      7940.00  1.99307e-16
      7950.00  1.98665e-16
      7960.00  2.00597e-16
      7970.00  1.94915e-16
      7980.00  1.88520e-16
      7990.00  1.87391e-16
      8000.00  1.89927e-16
      8010.00  1.95297e-16
      8020.00  1.92371e-16
      8030.00  1.87342e-16
      8040.00  1.85392e-16
      8050.00  1.85860e-16
      8060.00  1.90681e-16
      8070.00  1.91571e-16
      8080.00  1.84580e-16
      8090.00  1.81546e-16
      8100.00  1.78465e-16
      8110.00  1.77591e-16
      8120.00  1.78914e-16
      8130.00  1.73734e-16
      8140.00  1.69712e-16
      8150.00  1.71018e-16
      8160.00  1.69335e-16
      8170.00  1.64370e-16
      8180.00  1.61879e-16
      8190.00  1.60775e-16
      8200.00  1.59464e-16
      8210.00  1.61195e-16
      8220.00  1.60791e-16
      8230.00  1.58278e-16
      8240.00  1.59323e-16
      8250.00  1.59928e-16
      8260.00  1.57938e-16
      8270.00  1.57529e-16
      8280.00  1.59040e-16
      8290.00  1.56121e-16
      8300.00  1.52208e-16
      8310.00  1.52930e-16
      8320.00  1.61123e-16
      8330.00  1.62863e-16
      8340.00  1.61903e-16
      8350.00  1.62000e-16
      8360.00  1.61766e-16
      8370.00  1.65165e-16
      8380.00  1.68875e-16
      8390.00  1.67912e-16
      8400.00  1.65260e-16
      8410.00  1.66018e-16
      8420.00  1.68984e-16
      8430.00  1.66234e-16
      8440.00  1.60199e-16
      8450.00  1.56622e-16
      8460.00  1.54935e-16
      8470.00  1.52934e-16
      8480.00  1.50012e-16
      8490.00  1.47047e-16
      8500.00  1.47313e-16
      8510.00  1.45853e-16
      8520.00  1.44000e-16
      8530.00  1.45850e-16
      8540.00  1.45232e-16
      8550.00  1.42537e-16
      8560.00  1.39889e-16
      8570.00  1.37504e-16
      8580.00  1.35242e-16
      8590.00  1.32909e-16
      8600.00  1.32118e-16
      8610.00  1.30296e-16
      8620.00  1.26591e-16
      8630.00  1.21898e-16
      8640.00  1.19852e-16
      8650.00  1.20685e-16
      8660.00  1.21225e-16
      8670.00  1.22757e-16
      8680.00  1.24659e-16
      8690.00  1.23784e-16
      8700.00  1.18546e-16
      8710.00  1.13056e-16
      8720.00  1.11400e-16
      8730.00  1.09188e-16
      8740.00  1.02215e-16
      8750.00  9.90461e-17
      8760.00  9.99020e-17
      8770.00  9.92186e-17
      8780.00  9.66076e-17
      8790.00  9.80048e-17
      8800.00  9.53215e-17
      8810.00  9.54337e-17
      8820.00  9.90846e-17
      8830.00  9.59300e-17
      8840.00  9.35441e-17
      8850.00  9.81828e-17
      8860.00  1.00167e-16
      8870.00  9.81076e-17
      8880.00  9.52220e-17
      8890.00  9.38976e-17
      8900.00  9.21633e-17
      8910.00  8.80317e-17
      8920.00  8.61321e-17
      8930.00  8.09785e-17
      8940.00  8.00340e-17
      8950.00  8.13129e-17
      8960.00  7.85486e-17
      8970.00  7.73848e-17
      8980.00  7.91406e-17
      8990.00  7.92411e-17
      9000.00  7.50973e-17
      9010.00  7.01080e-17
      9020.00  6.99792e-17
      9030.00  6.97219e-17
      9040.00  6.94657e-17
      9050.00  6.92107e-17
      9060.00  6.89569e-17
      9070.00  6.87042e-17
      9080.00  6.84527e-17
      9090.00  6.82023e-17
      9100.00  6.79530e-17
      9110.00  6.77048e-17
      9120.00  6.74577e-17
      9130.00  6.72118e-17
      9140.00  6.69669e-17
      9150.00  6.67232e-17
      9160.00  6.64806e-17
      9170.00  6.62390e-17
      9180.00  6.59985e-17
      9190.00  6.57591e-17
      9200.00  6.55207e-17
      9210.00  6.52834e-17
      9220.00  6.50472e-17
      9230.00  6.48120e-17
      9240.00  6.45779e-17
      9250.00  6.43448e-17
      9260.00  6.41128e-17
      9270.00  6.38818e-17
      9280.00  6.36518e-17
      9290.00  6.34228e-17
      9300.00  6.31948e-17
      9310.00  6.29679e-17
      9320.00  6.27419e-17
      9330.00  6.25170e-17
      9340.00  6.22930e-17
      9350.00  6.20700e-17
      9360.00  6.18480e-17
      9370.00  6.16270e-17
      9380.00  6.14070e-17
      9390.00  6.11879e-17
      9400.00  6.09698e-17
      9410.00  6.07527e-17
      9420.00  6.05364e-17
      9430.00  6.03212e-17
      9440.00  6.01069e-17
      9450.00  5.98935e-17
      9460.00  5.96811e-17
      9470.00  5.94696e-17
      9480.00  5.92590e-17
      9490.00  5.90493e-17
      9500.00  5.88405e-17
      9510.00  5.86327e-17
      9520.00  5.84258e-17
      9530.00  5.82197e-17
      9540.00  5.80146e-17
      9550.00  5.78103e-17
      9560.00  5.76069e-17
      9570.00  5.74044e-17
      9580.00  5.72028e-17
      9590.00  5.70021e-17
      9600.00  5.68022e-17
      9610.00  5.66032e-17
      9620.00  5.64051e-17
      9630.00  5.62078e-17
      9640.00  5.60113e-17
      9650.00  5.58157e-17
      9660.00  5.56210e-17
      9670.00  5.54271e-17
      9680.00  5.52340e-17
      9690.00  5.50417e-17
      9700.00  5.48503e-17
      9710.00  5.46597e-17
      9720.00  5.44699e-17
      9730.00  5.42809e-17
      9740.00  5.40927e-17
      9750.00  5.39054e-17
      9760.00  5.37188e-17
      9770.00  5.35330e-17
      9780.00  5.33480e-17
      9790.00  5.31638e-17
      9800.00  5.29804e-17
      9810.00  5.27978e-17
      9820.00  5.26160e-17
      9830.00  5.24349e-17
      9840.00  5.22546e-17
      9850.00  5.20750e-17
      9860.00  5.18962e-17
      9870.00  5.17182e-17
      9880.00  5.15409e-17
      9890.00  5.13644e-17
      9900.00  5.11886e-17
      9910.00  5.10136e-17
      9920.00  5.08393e-17
      9930.00  5.06657e-17
      9940.00  5.04929e-17
      9950.00  5.03208e-17
      9960.00  5.01494e-17
      9970.00  4.99788e-17
      9980.00  4.98088e-17
      9990.00  4.96396e-17
      10000.0  4.94711e-17
      10010.0  4.93033e-17
      10020.0  4.91361e-17
      10030.0  4.89697e-17
      10040.0  4.88040e-17
      10050.0  4.86390e-17
      10060.0  4.84746e-17
      10070.0  4.83110e-17
      10080.0  4.81480e-17
      10090.0  4.79857e-17
      10100.0  4.78241e-17
      10110.0  4.76632e-17
      10120.0  4.75029e-17
      10130.0  4.73433e-17
      10140.0  4.71843e-17
      10150.0  4.70260e-17
      10160.0  4.68684e-17
      10170.0  4.67114e-17
      10180.0  4.65551e-17
      10190.0  4.63994e-17
      10200.0  4.62444e-17
      10210.0  4.60899e-17
      10220.0  4.59362e-17
      10230.0  4.57830e-17
      10240.0  4.56305e-17
      10250.0  4.54787e-17
      10260.0  4.53274e-17
      10270.0  4.51768e-17
      10280.0  4.50268e-17
      10290.0  4.48774e-17
      10300.0  4.47286e-17
      10310.0  4.45804e-17
      10320.0  4.44328e-17
      10330.0  4.42859e-17
      10340.0  4.41395e-17
      10350.0  4.39937e-17
      10360.0  4.38486e-17
      10370.0  4.37040e-17
      10380.0  4.35600e-17
      10390.0  4.34166e-17
      10400.0  4.32737e-17
      10410.0  4.31315e-17
      10420.0  4.29898e-17
      10430.0  4.28487e-17
      10440.0  4.27082e-17
      10450.0  4.25683e-17
      10460.0  4.24289e-17
      10470.0  4.22901e-17
      10480.0  4.21518e-17
      10490.0  4.20141e-17
      10500.0  4.18770e-17
      10510.0  4.17404e-17
      10520.0  4.16043e-17
      10530.0  4.14688e-17
      10540.0  4.13339e-17
      10550.0  4.11995e-17
      10560.0  4.10656e-17
      10570.0  4.09323e-17
      10580.0  4.07995e-17
      10590.0  4.06672e-17
      10600.0  4.05355e-17
      10610.0  4.04043e-17
      10620.0  4.02736e-17
      10630.0  4.01435e-17
      10640.0  4.00139e-17
      10650.0  3.98847e-17
      10660.0  3.97561e-17
      10670.0  3.96280e-17
      10680.0  3.95005e-17
      10690.0  3.93734e-17
      10700.0  3.92468e-17
      10710.0  3.91208e-17
      10720.0  3.89952e-17
      10730.0  3.88701e-17
      10740.0  3.87456e-17
      10750.0  3.86215e-17
      10760.0  3.84979e-17
      10770.0  3.83748e-17
      10780.0  3.82522e-17
      10790.0  3.81301e-17
      10800.0  3.80084e-17
      10810.0  3.78873e-17
      10820.0  3.77666e-17
      10830.0  3.76464e-17
      10840.0  3.75267e-17
      10850.0  3.74074e-17
      10860.0  3.72886e-17
      10870.0  3.71703e-17
      10880.0  3.70524e-17
      10890.0  3.69350e-17
      10900.0  3.68181e-17
      10910.0  3.67016e-17
      10920.0  3.65855e-17
      10930.0  3.64700e-17
      10940.0  3.63548e-17
      10950.0  3.62402e-17
      10960.0  3.61259e-17
      10970.0  3.60122e-17
      10980.0  3.58988e-17
      10990.0  3.57859e-17
      11000.0  3.56735e-17
      11010.0  3.55615e-17
      11020.0  3.54499e-17
      11030.0  3.53387e-17
      11040.0  3.52280e-17
      11050.0  3.51177e-17
      11060.0  3.50078e-17
      11070.0  3.48984e-17
      11080.0  3.47894e-17
      11090.0  3.46808e-17
      11100.0  3.45726e-17
      11110.0  3.44649e-17
      11120.0  3.43575e-17
      11130.0  3.42506e-17
      11140.0  3.41441e-17
      11150.0  3.40380e-17
      11160.0  3.39323e-17
      11170.0  3.38270e-17
      11180.0  3.37221e-17
      11190.0  3.36176e-17
      11200.0  3.35135e-17
      11210.0  3.34099e-17
      11220.0  3.33066e-17
      11230.0  3.32037e-17
      11240.0  3.31012e-17
      11250.0  3.29991e-17
      11260.0  3.28974e-17
      11270.0  3.27960e-17
      11280.0  3.26951e-17
      11290.0  3.25945e-17
      11300.0  3.24943e-17
      11310.0  3.23946e-17
      11320.0  3.22951e-17
      11330.0  3.21961e-17
      11340.0  3.20974e-17
      11350.0  3.19992e-17
      11360.0  3.19012e-17
      11370.0  3.18037e-17
      11380.0  3.17065e-17
      11390.0  3.16097e-17
      11400.0  3.15133e-17
      11410.0  3.14172e-17
      11420.0  3.13215e-17
      11430.0  3.12261e-17
      11440.0  3.11311e-17
      11450.0  3.10365e-17
      11460.0  3.09422e-17
      11470.0  3.08483e-17
      11480.0  3.07547e-17
      11490.0  3.06615e-17
      11500.0  3.05686e-17
      11510.0  3.04761e-17
      11520.0  3.03839e-17
      11530.0  3.02921e-17
      11540.0  3.02006e-17
      11550.0  3.01095e-17
      11560.0  3.00187e-17
      11570.0  2.99282e-17
      11580.0  2.98381e-17
      11590.0  2.97483e-17
      11600.0  2.96588e-17
      11610.0  2.95697e-17
      11620.0  2.94809e-17
      11630.0  2.93925e-17
      11640.0  2.93043e-17
      11650.0  2.92165e-17
      11660.0  2.91291e-17
      11670.0  2.90419e-17
      11680.0  2.89551e-17
      11690.0  2.88686e-17
      11700.0  2.87824e-17
      11710.0  2.86965e-17
      11720.0  2.86110e-17
      11730.0  2.85257e-17
      11740.0  2.84408e-17
      11750.0  2.83562e-17
      11760.0  2.82719e-17
      11770.0  2.81879e-17
      11780.0  2.81042e-17
      11790.0  2.80209e-17
      11800.0  2.79378e-17
      11810.0  2.78550e-17
      11820.0  2.77726e-17
      11830.0  2.76904e-17
      11840.0  2.76086e-17
      11850.0  2.75270e-17
      11860.0  2.74458e-17
      11870.0  2.73648e-17
      11880.0  2.72842e-17
      11890.0  2.72038e-17
      11900.0  2.71237e-17
      11910.0  2.70440e-17
      11920.0  2.69645e-17
      11930.0  2.68853e-17
      11940.0  2.68064e-17
      11950.0  2.67277e-17
      11960.0  2.66494e-17
      11970.0  2.65713e-17
      11980.0  2.64936e-17
      11990.0  2.64161e-17
      12000.0  2.63389e-17
      12010.0  2.62620e-17
      12020.0  2.61853e-17
      12030.0  2.61089e-17
      12040.0  2.60328e-17
      12050.0  2.59570e-17
      12060.0  2.58815e-17
      12070.0  2.58062e-17
      12080.0  2.57312e-17
      12090.0  2.56565e-17
      12100.0  2.55820e-17
      12110.0  2.55078e-17
      12120.0  2.54339e-17
      12130.0  2.53602e-17
      12140.0  2.52868e-17
      12150.0  2.52137e-17
      12160.0  2.51408e-17
      12170.0  2.50682e-17
      12180.0  2.49959e-17
      12190.0  2.49238e-17
      12200.0  2.48519e-17
      12210.0  2.47803e-17
      12220.0  2.47090e-17
      12230.0  2.46380e-17
      12240.0  2.45671e-17
      12250.0  2.44966e-17
      12260.0  2.44263e-17
      12270.0  2.43562e-17
      12280.0  2.42864e-17
      12290.0  2.42168e-17
      12300.0  2.41475e-17
      12310.0  2.40784e-17
      12320.0  2.40096e-17
      12330.0  2.39410e-17
      12340.0  2.38727e-17
      12350.0  2.38046e-17
      12360.0  2.37368e-17
      12370.0  2.36691e-17
      12380.0  2.36018e-17
      12390.0  2.35346e-17
      12400.0  2.34677e-17
      12410.0  2.34011e-17
      12420.0  2.33346e-17
      12430.0  2.32684e-17
      12440.0  2.32025e-17
      12450.0  2.31367e-17
      12460.0  2.30712e-17
      12470.0  2.30060e-17
      12480.0  2.29409e-17
      12490.0  2.28761e-17
      12500.0  2.28115e-17
      12510.0  2.27472e-17
      12520.0  2.26830e-17
      12530.0  2.26191e-17
      12540.0  2.25554e-17
      12550.0  2.24919e-17
      12560.0  2.24287e-17
      12570.0  2.23657e-17
      12580.0  2.23029e-17
      12590.0  2.22403e-17
      12600.0  2.21779e-17
      12610.0  2.21158e-17
      12620.0  2.20538e-17
      12630.0  2.19921e-17
      12640.0  2.19306e-17
      12650.0  2.18693e-17
      12660.0  2.18082e-17
      12670.0  2.17474e-17
      12680.0  2.16867e-17
      12690.0  2.16263e-17
      12700.0  2.15660e-17
      12710.0  2.15060e-17
      12720.0  2.14462e-17
      12730.0  2.13866e-17
      12740.0  2.13272e-17
      12750.0  2.12680e-17
      12760.0  2.12090e-17
      12770.0  2.11502e-17
      12780.0  2.10916e-17
      12790.0  2.10332e-17
      12800.0  2.09750e-17
      12810.0  2.09170e-17
      12820.0  2.08592e-17
      12830.0  2.08016e-17
      12840.0  2.07442e-17
      12850.0  2.06870e-17
      12860.0  2.06300e-17
      12870.0  2.05732e-17
      12880.0  2.05166e-17
      12890.0  2.04601e-17
      12900.0  2.04039e-17
      12910.0  2.03479e-17
      12920.0  2.02920e-17
      12930.0  2.02363e-17
      12940.0  2.01809e-17
      12950.0  2.01256e-17
      12960.0  2.00705e-17
      12970.0  2.00156e-17
      12980.0  1.99609e-17
      12990.0  1.99063e-17
      13000.0  1.98520e-17
      13010.0  1.97978e-17
      13020.0  1.97439e-17
      13030.0  1.96901e-17
      13040.0  1.96364e-17
      13050.0  1.95830e-17
      13060.0  1.95298e-17
      13070.0  1.94767e-17
      13080.0  1.94238e-17
      13090.0  1.93711e-17
      13100.0  1.93185e-17
      13110.0  1.92662e-17
      13120.0  1.92140e-17
      13130.0  1.91620e-17
      13140.0  1.91101e-17
      13150.0  1.90585e-17
      13160.0  1.90070e-17
      13170.0  1.89557e-17
      13180.0  1.89045e-17
      13190.0  1.88535e-17
      13200.0  1.88027e-17
      13210.0  1.87521e-17
      13220.0  1.87016e-17
      13230.0  1.86513e-17
      13240.0  1.86012e-17
      13250.0  1.85513e-17
      13260.0  1.85015e-17
      13270.0  1.84518e-17
      13280.0  1.84024e-17
      13290.0  1.83531e-17
      13300.0  1.83040e-17
      13310.0  1.82550e-17
      13320.0  1.82062e-17
      13330.0  1.81575e-17
      13340.0  1.81090e-17
      13350.0  1.80607e-17
      13360.0  1.80126e-17
      13370.0  1.79646e-17
      13380.0  1.79167e-17
      13390.0  1.78690e-17
      13400.0  1.78215e-17
      13410.0  1.77741e-17
      13420.0  1.77269e-17
      13430.0  1.76799e-17
      13440.0  1.76329e-17
      13450.0  1.75862e-17
      13460.0  1.75396e-17
      13470.0  1.74932e-17
      13480.0  1.74469e-17
      13490.0  1.74007e-17
      13500.0  1.73547e-17
      13510.0  1.73089e-17
      13520.0  1.72632e-17
      13530.0  1.72177e-17
      13540.0  1.71723e-17
      13550.0  1.71271e-17
      13560.0  1.70820e-17
      13570.0  1.70370e-17
      13580.0  1.69922e-17
      13590.0  1.69476e-17
      13600.0  1.69031e-17
      13610.0  1.68587e-17
      13620.0  1.68145e-17
      13630.0  1.67705e-17
      13640.0  1.67265e-17
      13650.0  1.66827e-17
      13660.0  1.66391e-17
      13670.0  1.65956e-17
      13680.0  1.65522e-17
      13690.0  1.65090e-17
      13700.0  1.64660e-17
      13710.0  1.64230e-17
      13720.0  1.63802e-17
      13730.0  1.63376e-17
      13740.0  1.62950e-17
      13750.0  1.62527e-17
      13760.0  1.62104e-17
      13770.0  1.61683e-17
      13780.0  1.61263e-17
      13790.0  1.60845e-17
      13800.0  1.60428e-17
      13810.0  1.60012e-17
      13820.0  1.59598e-17
      13830.0  1.59185e-17
      13840.0  1.58773e-17
      13850.0  1.58363e-17
      13860.0  1.57954e-17
      13870.0  1.57546e-17
      13880.0  1.57139e-17
      13890.0  1.56734e-17
      13900.0  1.56330e-17
      13910.0  1.55928e-17
      13920.0  1.55527e-17
      13930.0  1.55127e-17
      13940.0  1.54728e-17
      13950.0  1.54330e-17
      13960.0  1.53934e-17
      13970.0  1.53539e-17
      13980.0  1.53146e-17
      13990.0  1.52753e-17
      14000.0  1.52362e-17
      14010.0  1.51972e-17
      14020.0  1.51584e-17
      14030.0  1.51196e-17
      14040.0  1.50810e-17
      14050.0  1.50425e-17
      14060.0  1.50041e-17
      14070.0  1.49659e-17
      14080.0  1.49278e-17
      14090.0  1.48897e-17
      14100.0  1.48519e-17
      14110.0  1.48141e-17
      14120.0  1.47764e-17
      14130.0  1.47389e-17
      14140.0  1.47015e-17
      14150.0  1.46642e-17
      14160.0  1.46270e-17
      14170.0  1.45900e-17
      14180.0  1.45530e-17
      14190.0  1.45162e-17
      14200.0  1.44795e-17
      14210.0  1.44429e-17
      14220.0  1.44064e-17
      14230.0  1.43700e-17
      14240.0  1.43338e-17
      14250.0  1.42976e-17
      14260.0  1.42616e-17
      14270.0  1.42257e-17
      14280.0  1.41899e-17
      14290.0  1.41542e-17
      14300.0  1.41186e-17
      14310.0  1.40832e-17
      14320.0  1.40478e-17
      14330.0  1.40126e-17
      14340.0  1.39774e-17
      14350.0  1.39424e-17
      14360.0  1.39075e-17
      14370.0  1.38727e-17
      14380.0  1.38380e-17
      14390.0  1.38034e-17
      14400.0  1.37689e-17
      14410.0  1.37345e-17
      14420.0  1.37003e-17
      14430.0  1.36661e-17
      14440.0  1.36320e-17
      14450.0  1.35981e-17
      14460.0  1.35642e-17
      14470.0  1.35305e-17
      14480.0  1.34969e-17
      14490.0  1.34633e-17
      14500.0  1.34299e-17
      14510.0  1.33966e-17
      14520.0  1.33633e-17
      14530.0  1.33302e-17
      14540.0  1.32972e-17
      14550.0  1.32643e-17
      14560.0  1.32315e-17
      14570.0  1.31987e-17
      14580.0  1.31661e-17
      14590.0  1.31336e-17
      14600.0  1.31012e-17
      14610.0  1.30689e-17
      14620.0  1.30367e-17
      14630.0  1.30045e-17
      14640.0  1.29725e-17
      14650.0  1.29406e-17
      14660.0  1.29088e-17
      14670.0  1.28770e-17
      14680.0  1.28454e-17
      14690.0  1.28139e-17
      14700.0  1.27824e-17
      14710.0  1.27511e-17
      14720.0  1.27199e-17
      14730.0  1.26887e-17
      14740.0  1.26577e-17
      14750.0  1.26267e-17
      14760.0  1.25958e-17
      14770.0  1.25651e-17
      14780.0  1.25344e-17
      14790.0  1.25038e-17
      14800.0  1.24733e-17
      14810.0  1.24429e-17
      14820.0  1.24126e-17
      14830.0  1.23824e-17
      14840.0  1.23522e-17
      14850.0  1.23222e-17
      14860.0  1.22923e-17
      14870.0  1.22624e-17
      14880.0  1.22326e-17
      14890.0  1.22030e-17
      14900.0  1.21734e-17
      14910.0  1.21439e-17
      14920.0  1.21145e-17
      14930.0  1.20852e-17
      14940.0  1.20559e-17
      14950.0  1.20268e-17
      14960.0  1.19977e-17
      14970.0  1.19688e-17
      14980.0  1.19399e-17
      14990.0  1.19111e-17
      15000.0  1.18824e-17
      15010.0  1.18538e-17
      15020.0  1.18252e-17
      15030.0  1.17968e-17
      15040.0  1.17684e-17
      15050.0  1.17401e-17
      15060.0  1.17119e-17
      15070.0  1.16838e-17
      15080.0  1.16558e-17
      15090.0  1.16279e-17
      15100.0  1.16000e-17
      15110.0  1.15722e-17
      15120.0  1.15445e-17
      15130.0  1.15169e-17
      15140.0  1.14894e-17
      15150.0  1.14619e-17
      15160.0  1.14346e-17
      15170.0  1.14073e-17
      15180.0  1.13801e-17
      15190.0  1.13530e-17
      15200.0  1.13259e-17
      15210.0  1.12990e-17
      15220.0  1.12721e-17
      15230.0  1.12453e-17
      15240.0  1.12185e-17
      15250.0  1.11919e-17
      15260.0  1.11653e-17
      15270.0  1.11388e-17
      15280.0  1.11124e-17
      15290.0  1.10861e-17
      15300.0  1.10599e-17
      15310.0  1.10337e-17
      15320.0  1.10076e-17
      15330.0  1.09816e-17
      15340.0  1.09556e-17
      15350.0  1.09297e-17
      15360.0  1.09039e-17
      15370.0  1.08782e-17
      15380.0  1.08526e-17
      15390.0  1.08270e-17
      15400.0  1.08015e-17
      15410.0  1.07761e-17
      15420.0  1.07508e-17
      15430.0  1.07255e-17
      15440.0  1.07003e-17
      15450.0  1.06752e-17
      15460.0  1.06501e-17
      15470.0  1.06251e-17
      15480.0  1.06002e-17
      15490.0  1.05754e-17
      15500.0  1.05506e-17
      15510.0  1.05260e-17
      15520.0  1.05013e-17
      15530.0  1.04768e-17
      15540.0  1.04523e-17
      15550.0  1.04279e-17
      15560.0  1.04036e-17
      15570.0  1.03793e-17
      15580.0  1.03552e-17
      15590.0  1.03310e-17
      15600.0  1.03070e-17
      15610.0  1.02830e-17
      15620.0  1.02591e-17
      15630.0  1.02353e-17
      15640.0  1.02115e-17
      15650.0  1.01878e-17
      15660.0  1.01642e-17
      15670.0  1.01406e-17
      15680.0  1.01171e-17
      15690.0  1.00937e-17
      15700.0  1.00703e-17
      15710.0  1.00470e-17
      15720.0  1.00238e-17
      15730.0  1.00006e-17
      15740.0  9.97752e-18
      15750.0  9.95449e-18
      15760.0  9.93153e-18
      15770.0  9.90863e-18
      15780.0  9.88580e-18
      15790.0  9.86304e-18
      15800.0  9.84034e-18
      15810.0  9.81770e-18
      15820.0  9.79513e-18
      15830.0  9.77263e-18
      15840.0  9.75018e-18
      15850.0  9.72781e-18
      15860.0  9.70549e-18
      15870.0  9.68324e-18
      15880.0  9.66106e-18
      15890.0  9.63893e-18
      15900.0  9.61687e-18
      15910.0  9.59488e-18
      15920.0  9.57294e-18
      15930.0  9.55107e-18
      15940.0  9.52926e-18
      15950.0  9.50751e-18
      15960.0  9.48583e-18
      15970.0  9.46420e-18
      15980.0  9.44264e-18
      15990.0  9.42114e-18
      16000.0  9.39970e-18
      16010.0  9.37831e-18
      16020.0  9.35700e-18
      16030.0  9.33574e-18
      16040.0  9.31454e-18
      16050.0  9.29340e-18
      16060.0  9.27232e-18
      16070.0  9.25130e-18
      16080.0  9.23033e-18
      16090.0  9.20943e-18
      16100.0  9.18859e-18
      16110.0  9.16780e-18
      16120.0  9.14708e-18
      16130.0  9.12641e-18
      16140.0  9.10580e-18
      16150.0  9.08525e-18
      16160.0  9.06476e-18
      16170.0  9.04432e-18
      16180.0  9.02394e-18
      16190.0  9.00362e-18
      16200.0  8.98335e-18
      16210.0  8.96315e-18
      16220.0  8.94299e-18
      16230.0  8.92290e-18
      16240.0  8.90286e-18
      16250.0  8.88288e-18
      16260.0  8.86295e-18
      16270.0  8.84308e-18
      16280.0  8.82326e-18
      16290.0  8.80350e-18
      16300.0  8.78380e-18
      16310.0  8.76415e-18
      16320.0  8.74455e-18
      16330.0  8.72501e-18
      16340.0  8.70552e-18
      16350.0  8.68609e-18
      16360.0  8.66671e-18
      16370.0  8.64738e-18
      16380.0  8.62811e-18
      16390.0  8.60889e-18
      16400.0  8.58973e-18
      16410.0  8.57062e-18
      16420.0  8.55156e-18
      16430.0  8.53255e-18
      16440.0  8.51360e-18
      16450.0  8.49470e-18
      16460.0  8.47585e-18
      16470.0  8.45705e-18
      16480.0  8.43831e-18
      16490.0  8.41961e-18
      16500.0  8.40097e-18
      16510.0  8.38238e-18
      16520.0  8.36384e-18
      16530.0  8.34535e-18
      16540.0  8.32692e-18
      16550.0  8.30853e-18
      16560.0  8.29020e-18
      16570.0  8.27191e-18
      16580.0  8.25368e-18
      16590.0  8.23549e-18
      16600.0  8.21735e-18
      16610.0  8.19927e-18
      16620.0  8.18123e-18
      16630.0  8.16325e-18
      16640.0  8.14531e-18
      16650.0  8.12742e-18
      16660.0  8.10958e-18
      16670.0  8.09179e-18
      16680.0  8.07405e-18
      16690.0  8.05635e-18
      16700.0  8.03871e-18
      16710.0  8.02111e-18
      16720.0  8.00356e-18
      16730.0  7.98606e-18
      16740.0  7.96860e-18
      16750.0  7.95120e-18
      16760.0  7.93384e-18
      16770.0  7.91653e-18
      16780.0  7.89926e-18
      16790.0  7.88204e-18
      16800.0  7.86487e-18
      16810.0  7.84775e-18
      16820.0  7.83067e-18
      16830.0  7.81364e-18
      16840.0  7.79665e-18
      16850.0  7.77971e-18
      16860.0  7.76282e-18
      16870.0  7.74597e-18
      16880.0  7.72916e-18
      16890.0  7.71241e-18
      16900.0  7.69569e-18
      16910.0  7.67903e-18
      16920.0  7.66241e-18
      16930.0  7.64583e-18
      16940.0  7.62929e-18
      16950.0  7.61281e-18
      16960.0  7.59636e-18
      16970.0  7.57996e-18
      16980.0  7.56361e-18
      16990.0  7.54730e-18
      17000.0  7.53103e-18
      17010.0  7.51480e-18
      17020.0  7.49862e-18
      17030.0  7.48248e-18
      17040.0  7.46639e-18
      17050.0  7.45034e-18
      17060.0  7.43433e-18
      17070.0  7.41837e-18
      17080.0  7.40244e-18
      17090.0  7.38656e-18
      17100.0  7.37073e-18
      17110.0  7.35493e-18
      17120.0  7.33918e-18
      17130.0  7.32347e-18
      17140.0  7.30780e-18
      17150.0  7.29217e-18
      17160.0  7.27658e-18
      17170.0  7.26104e-18
      17180.0  7.24553e-18
      17190.0  7.23007e-18
      17200.0  7.21465e-18
      17210.0  7.19927e-18
      17220.0  7.18393e-18
      17230.0  7.16863e-18
      17240.0  7.15338e-18
      17250.0  7.13816e-18
      17260.0  7.12298e-18
      17270.0  7.10784e-18
      17280.0  7.09275e-18
      17290.0  7.07769e-18
      17300.0  7.06267e-18
      17310.0  7.04770e-18
      17320.0  7.03276e-18
      17330.0  7.01786e-18
      17340.0  7.00300e-18
      17350.0  6.98818e-18
      17360.0  6.97340e-18
      17370.0  6.95866e-18
      17380.0  6.94395e-18
      17390.0  6.92929e-18
      17400.0  6.91466e-18
      17410.0  6.90008e-18
      17420.0  6.88553e-18
      17430.0  6.87102e-18
      17440.0  6.85654e-18
      17450.0  6.84211e-18
      17460.0  6.82771e-18
      17470.0  6.81335e-18
      17480.0  6.79903e-18
      17490.0  6.78475e-18
      17500.0  6.77050e-18
      17510.0  6.75629e-18
      17520.0  6.74212e-18
      17530.0  6.72798e-18
      17540.0  6.71388e-18
      17550.0  6.69982e-18
      17560.0  6.68580e-18
      17570.0  6.67181e-18
      17580.0  6.65786e-18
      17590.0  6.64394e-18
      17600.0  6.63006e-18
      17610.0  6.61622e-18
      17620.0  6.60241e-18
      17630.0  6.58864e-18
      17640.0  6.57490e-18
      17650.0  6.56120e-18
      17660.0  6.54754e-18
      17670.0  6.53391e-18
      17680.0  6.52032e-18
      17690.0  6.50676e-18
      17700.0  6.49323e-18
      17710.0  6.47975e-18
      17720.0  6.46629e-18
      17730.0  6.45287e-18
      17740.0  6.43949e-18
      17750.0  6.42614e-18
      17760.0  6.41282e-18
      17770.0  6.39954e-18
      17780.0  6.38630e-18
      17790.0  6.37309e-18
      17800.0  6.35991e-18
      17810.0  6.34676e-18
      17820.0  6.33365e-18
      17830.0  6.32058e-18
      17840.0  6.30753e-18
      17850.0  6.29452e-18
      17860.0  6.28155e-18
      17870.0  6.26860e-18
      17880.0  6.25570e-18
      17890.0  6.24282e-18
      17900.0  6.22998e-18
      17910.0  6.21716e-18
      17920.0  6.20439e-18
      17930.0  6.19164e-18
      17940.0  6.17893e-18
      17950.0  6.16625e-18
      17960.0  6.15360e-18
      17970.0  6.14099e-18
      17980.0  6.12840e-18
      17990.0  6.11585e-18
      18000.0  6.10333e-18
      18010.0  6.09085e-18
      18020.0  6.07839e-18
      18030.0  6.06597e-18
      18040.0  6.05358e-18
      18050.0  6.04122e-18
      18060.0  6.02889e-18
      18070.0  6.01659e-18
      18080.0  6.00432e-18
      18090.0  5.99209e-18
      18100.0  5.97989e-18
      18110.0  5.96771e-18
      18120.0  5.95557e-18
      18130.0  5.94346e-18
      18140.0  5.93138e-18
      18150.0  5.91933e-18
      18160.0  5.90731e-18
      18170.0  5.89532e-18
      18180.0  5.88336e-18
      18190.0  5.87143e-18
      18200.0  5.85953e-18
      18210.0  5.84767e-18
      18220.0  5.83583e-18
      18230.0  5.82402e-18
      18240.0  5.81224e-18
      18250.0  5.80049e-18
      18260.0  5.78877e-18
      18270.0  5.77708e-18
      18280.0  5.76542e-18
      18290.0  5.75379e-18
      18300.0  5.74219e-18
      18310.0  5.73061e-18
      18320.0  5.71907e-18
      18330.0  5.70755e-18
      18340.0  5.69607e-18
      18350.0  5.68461e-18
      18360.0  5.67318e-18
      18370.0  5.66178e-18
      18380.0  5.65041e-18
      18390.0  5.63907e-18
      18400.0  5.62775e-18
      18410.0  5.61647e-18
      18420.0  5.60521e-18
      18430.0  5.59398e-18
      18440.0  5.58278e-18
      18450.0  5.57160e-18
      18460.0  5.56045e-18
      18470.0  5.54934e-18
      18480.0  5.53825e-18
      18490.0  5.52718e-18
      18500.0  5.51615e-18
      18510.0  5.50514e-18
      18520.0  5.49416e-18
      18530.0  5.48320e-18
      18540.0  5.47228e-18
      18550.0  5.46138e-18
      18560.0  5.45051e-18
      18570.0  5.43966e-18
      18580.0  5.42884e-18
      18590.0  5.41805e-18
      18600.0  5.40729e-18
      18610.0  5.39655e-18
      18620.0  5.38584e-18
      18630.0  5.37515e-18
      18640.0  5.36449e-18
      18650.0  5.35386e-18
      18660.0  5.34326e-18
      18670.0  5.33268e-18
      18680.0  5.32212e-18
      18690.0  5.31159e-18
      18700.0  5.30109e-18
      18710.0  5.29062e-18
      18720.0  5.28017e-18
      18730.0  5.26974e-18
      18740.0  5.25934e-18
      18750.0  5.24897e-18
      18760.0  5.23862e-18
      18770.0  5.22830e-18
      18780.0  5.21800e-18
      18790.0  5.20773e-18
      18800.0  5.19749e-18
      18810.0  5.18726e-18
      18820.0  5.17707e-18
      18830.0  5.16690e-18
      18840.0  5.15675e-18
      18850.0  5.14663e-18
      18860.0  5.13653e-18
      18870.0  5.12646e-18
      18880.0  5.11641e-18
      18890.0  5.10639e-18
      18900.0  5.09639e-18
      18910.0  5.08642e-18
      18920.0  5.07647e-18
      18930.0  5.06654e-18
      18940.0  5.05664e-18
      18950.0  5.04676e-18
      18960.0  5.03691e-18
      18970.0  5.02708e-18
      18980.0  5.01727e-18
      18990.0  5.00749e-18
      19000.0  4.99773e-18
      19010.0  4.98800e-18
      19020.0  4.97829e-18
      19030.0  4.96860e-18
      19040.0  4.95894e-18
      19050.0  4.94930e-18
      19060.0  4.93968e-18
      19070.0  4.93009e-18
      19080.0  4.92052e-18
      19090.0  4.91097e-18
      19100.0  4.90145e-18
      19110.0  4.89195e-18
      19120.0  4.88247e-18
      19130.0  4.87301e-18
      19140.0  4.86358e-18
      19150.0  4.85417e-18
      19160.0  4.84478e-18
      19170.0  4.83542e-18
      19180.0  4.82608e-18
      19190.0  4.81676e-18
      19200.0  4.80746e-18
      19210.0  4.79819e-18
      19220.0  4.78894e-18
      19230.0  4.77971e-18
      19240.0  4.77050e-18
      19250.0  4.76131e-18
      19260.0  4.75215e-18
      19270.0  4.74301e-18
      19280.0  4.73389e-18
      19290.0  4.72479e-18
      19300.0  4.71571e-18
      19310.0  4.70666e-18
      19320.0  4.69763e-18
      19330.0  4.68862e-18
      19340.0  4.67963e-18
      19350.0  4.67066e-18
      19360.0  4.66171e-18
      19370.0  4.65279e-18
      19380.0  4.64388e-18
      19390.0  4.63500e-18
      19400.0  4.62614e-18
      19410.0  4.61730e-18
      19420.0  4.60848e-18
      19430.0  4.59968e-18
      19440.0  4.59090e-18
      19450.0  4.58215e-18
      19460.0  4.57341e-18
      19470.0  4.56470e-18
      19480.0  4.55600e-18
      19490.0  4.54733e-18
      19500.0  4.53868e-18
      19510.0  4.53004e-18
      19520.0  4.52143e-18
      19530.0  4.51284e-18
      19540.0  4.50427e-18
      19550.0  4.49572e-18
      19560.0  4.48719e-18
      19570.0  4.47868e-18
      19580.0  4.47018e-18
      19590.0  4.46171e-18
      19600.0  4.45326e-18
      19610.0  4.44483e-18
      19620.0  4.43642e-18
      19630.0  4.42803e-18
      19640.0  4.41966e-18
      19650.0  4.41131e-18
      19660.0  4.40298e-18
      19670.0  4.39467e-18
      19680.0  4.38637e-18
      19690.0  4.37810e-18
      19700.0  4.36985e-18
      19710.0  4.36161e-18
      19720.0  4.35340e-18
      19730.0  4.34520e-18
      19740.0  4.33703e-18
      19750.0  4.32887e-18
      19760.0  4.32073e-18
      19770.0  4.31261e-18
      19780.0  4.30451e-18
      19790.0  4.29643e-18
      19800.0  4.28837e-18
      19810.0  4.28033e-18
      19820.0  4.27230e-18
      19830.0  4.26430e-18
      19840.0  4.25631e-18
      19850.0  4.24834e-18
      19860.0  4.24039e-18
      19870.0  4.23246e-18
      19880.0  4.22455e-18
      19890.0  4.21665e-18
      19900.0  4.20878e-18
      19910.0  4.20092e-18
      19920.0  4.19308e-18
      19930.0  4.18526e-18
      19940.0  4.17746e-18
      19950.0  4.16967e-18
      19960.0  4.16191e-18
      19970.0  4.15416e-18
      19980.0  4.14643e-18
      19990.0  4.13871e-18
      20000.0  4.13102e-18
      20010.0  4.12334e-18
      20020.0  4.11568e-18
      20030.0  4.10804e-18
      20040.0  4.10042e-18
      20050.0  4.09281e-18
      20060.0  4.08522e-18
      20070.0  4.07765e-18
      20080.0  4.07010e-18
      20090.0  4.06256e-18
      20100.0  4.05505e-18
      20110.0  4.04754e-18
      20120.0  4.04006e-18
      20130.0  4.03259e-18
      20140.0  4.02514e-18
      20150.0  4.01771e-18
      20160.0  4.01030e-18
      20170.0  4.00290e-18
      20180.0  3.99552e-18
      20190.0  3.98815e-18
      20200.0  3.98081e-18
      20210.0  3.97347e-18
      20220.0  3.96616e-18
      20230.0  3.95886e-18
      20240.0  3.95158e-18
      20250.0  3.94432e-18
      20260.0  3.93707e-18
      20270.0  3.92984e-18
      20280.0  3.92263e-18
      20290.0  3.91543e-18
      20300.0  3.90825e-18
      20310.0  3.90109e-18
      20320.0  3.89394e-18
      20330.0  3.88681e-18
      20340.0  3.87969e-18
      20350.0  3.87259e-18
      20360.0  3.86551e-18
      20370.0  3.85844e-18
      20380.0  3.85139e-18
      20390.0  3.84436e-18
      20400.0  3.83734e-18
      20410.0  3.83034e-18
      20420.0  3.82335e-18
      20430.0  3.81638e-18
      20440.0  3.80943e-18
      20450.0  3.80249e-18
      20460.0  3.79556e-18
      20470.0  3.78866e-18
      20480.0  3.78176e-18
      20490.0  3.77489e-18
      20500.0  3.76803e-18
      20510.0  3.76118e-18
      20520.0  3.75435e-18
      20530.0  3.74754e-18
      20540.0  3.74074e-18
      20550.0  3.73396e-18
      20560.0  3.72719e-18
      20570.0  3.72044e-18
      20580.0  3.71370e-18
      20590.0  3.70698e-18
      20600.0  3.70027e-18
      20610.0  3.69358e-18
      20620.0  3.68690e-18
      20630.0  3.68024e-18
      20640.0  3.67359e-18
      20650.0  3.66696e-18
      20660.0  3.66034e-18
      20670.0  3.65374e-18
      20680.0  3.64715e-18
      20690.0  3.64058e-18
      20700.0  3.63402e-18
      20710.0  3.62748e-18
      20720.0  3.62095e-18
      20730.0  3.61444e-18
      20740.0  3.60794e-18
      20750.0  3.60145e-18
      20760.0  3.59498e-18
      20770.0  3.58853e-18
      20780.0  3.58209e-18
      20790.0  3.57566e-18
      20800.0  3.56925e-18
      20810.0  3.56285e-18
      20820.0  3.55647e-18
      20830.0  3.55010e-18
      20840.0  3.54374e-18
      20850.0  3.53740e-18
      20860.0  3.53108e-18
      20870.0  3.52476e-18
      20880.0  3.51846e-18
      20890.0  3.51218e-18
      20900.0  3.50591e-18
      20910.0  3.49965e-18
      20920.0  3.49341e-18
      20930.0  3.48718e-18
      20940.0  3.48097e-18
      20950.0  3.47477e-18
      20960.0  3.46858e-18
      20970.0  3.46240e-18
      20980.0  3.45624e-18
      20990.0  3.45010e-18
      21000.0  3.44397e-18
      21010.0  3.43785e-18
      21020.0  3.43174e-18
      21030.0  3.42565e-18
      21040.0  3.41957e-18
      21050.0  3.41351e-18
      21060.0  3.40745e-18
      21070.0  3.40142e-18
      21080.0  3.39539e-18
      21090.0  3.38938e-18
      21100.0  3.38338e-18
      21110.0  3.37740e-18
      21120.0  3.37142e-18
      21130.0  3.36546e-18
      21140.0  3.35952e-18
      21150.0  3.35359e-18
      21160.0  3.34767e-18
      21170.0  3.34176e-18
      21180.0  3.33587e-18
      21190.0  3.32999e-18
      21200.0  3.32412e-18
      21210.0  3.31827e-18
      21220.0  3.31242e-18
      21230.0  3.30659e-18
      21240.0  3.30078e-18
      21250.0  3.29497e-18
      21260.0  3.28918e-18
      21270.0  3.28341e-18
      21280.0  3.27764e-18
      21290.0  3.27189e-18
      21300.0  3.26615e-18
      21310.0  3.26042e-18
      21320.0  3.25471e-18
      21330.0  3.24900e-18
      21340.0  3.24331e-18
      21350.0  3.23763e-18
      21360.0  3.23197e-18
      21370.0  3.22632e-18
      21380.0  3.22068e-18
      21390.0  3.21505e-18
      21400.0  3.20943e-18
      21410.0  3.20383e-18
      21420.0  3.19824e-18
      21430.0  3.19266e-18
      21440.0  3.18709e-18
      21450.0  3.18153e-18
      21460.0  3.17599e-18
      21470.0  3.17046e-18
      21480.0  3.16494e-18
      21490.0  3.15943e-18
      21500.0  3.15394e-18
      21510.0  3.14846e-18
      21520.0  3.14298e-18
      21530.0  3.13752e-18
      21540.0  3.13208e-18
      21550.0  3.12664e-18
      21560.0  3.12122e-18
      21570.0  3.11580e-18
      21580.0  3.11040e-18
      21590.0  3.10502e-18
      21600.0  3.09964e-18
      21610.0  3.09427e-18
      21620.0  3.08892e-18
      21630.0  3.08358e-18
      21640.0  3.07824e-18
      21650.0  3.07292e-18
      21660.0  3.06762e-18
      21670.0  3.06232e-18
      21680.0  3.05703e-18
      21690.0  3.05176e-18
      21700.0  3.04650e-18
      21710.0  3.04125e-18
      21720.0  3.03601e-18
      21730.0  3.03078e-18
      21740.0  3.02556e-18
      21750.0  3.02035e-18
      21760.0  3.01516e-18
      21770.0  3.00998e-18
      21780.0  3.00480e-18
      21790.0  2.99964e-18
      21800.0  2.99449e-18
      21810.0  2.98935e-18
      21820.0  2.98422e-18
      21830.0  2.97910e-18
      21840.0  2.97400e-18
      21850.0  2.96890e-18
      21860.0  2.96382e-18
      21870.0  2.95874e-18
      21880.0  2.95368e-18
      21890.0  2.94863e-18
      21900.0  2.94359e-18
      21910.0  2.93855e-18
      21920.0  2.93353e-18
      21930.0  2.92852e-18
      21940.0  2.92353e-18
      21950.0  2.91854e-18
      21960.0  2.91356e-18
      21970.0  2.90859e-18
      21980.0  2.90364e-18
      21990.0  2.89869e-18
      22000.0  2.89376e-18
      22010.0  2.88883e-18
      22020.0  2.88392e-18
      22030.0  2.87901e-18
      22040.0  2.87412e-18
      22050.0  2.86923e-18
      22060.0  2.86436e-18
      22070.0  2.85950e-18
      22080.0  2.85465e-18
      22090.0  2.84981e-18
      22100.0  2.84497e-18
      22110.0  2.84015e-18
      22120.0  2.83534e-18
      22130.0  2.83054e-18
      22140.0  2.82575e-18
      22150.0  2.82097e-18
      22160.0  2.81620e-18
      22170.0  2.81144e-18
      22180.0  2.80668e-18
      22190.0  2.80194e-18
      22200.0  2.79721e-18
      22210.0  2.79249e-18
      22220.0  2.78778e-18
      22230.0  2.78308e-18
      22240.0  2.77839e-18
      22250.0  2.77371e-18
      22260.0  2.76904e-18
      22270.0  2.76437e-18
      22280.0  2.75972e-18
      22290.0  2.75508e-18
      22300.0  2.75045e-18
      22310.0  2.74583e-18
      22320.0  2.74121e-18
      22330.0  2.73661e-18
      22340.0  2.73202e-18
      22350.0  2.72743e-18
      22360.0  2.72286e-18
      22370.0  2.71829e-18
      22380.0  2.71374e-18
      22390.0  2.70919e-18
      22400.0  2.70466e-18
      22410.0  2.70013e-18
      22420.0  2.69561e-18
      22430.0  2.69110e-18
      22440.0  2.68661e-18
      22450.0  2.68212e-18
      22460.0  2.67764e-18
      22470.0  2.67317e-18
      22480.0  2.66871e-18
      22490.0  2.66425e-18
      22500.0  2.65981e-18
      22510.0  2.65538e-18
      22520.0  2.65095e-18
      22530.0  2.64654e-18
      22540.0  2.64213e-18
      22550.0  2.63774e-18
      22560.0  2.63335e-18
      22570.0  2.62897e-18
      22580.0  2.62460e-18
      22590.0  2.62024e-18
      22600.0  2.61589e-18
      22610.0  2.61155e-18
      22620.0  2.60721e-18
      22630.0  2.60289e-18
      22640.0  2.59857e-18
      22650.0  2.59427e-18
      22660.0  2.58997e-18
      22670.0  2.58568e-18
      22680.0  2.58140e-18
      22690.0  2.57713e-18
      22700.0  2.57287e-18
      22710.0  2.56862e-18
      22720.0  2.56437e-18
      22730.0  2.56014e-18
      22740.0  2.55591e-18
      22750.0  2.55169e-18
      22760.0  2.54748e-18
      22770.0  2.54328e-18
      22780.0  2.53909e-18
      22790.0  2.53490e-18
      22800.0  2.53073e-18
      22810.0  2.52656e-18
      22820.0  2.52240e-18
      22830.0  2.51825e-18
      22840.0  2.51411e-18
      22850.0  2.50998e-18
      22860.0  2.50586e-18
      22870.0  2.50174e-18
      22880.0  2.49763e-18
      22890.0  2.49354e-18
      22900.0  2.48945e-18
      22910.0  2.48536e-18
      22920.0  2.48129e-18
      22930.0  2.47722e-18
      22940.0  2.47317e-18
      22950.0  2.46912e-18
      22960.0  2.46508e-18
      22970.0  2.46105e-18
      22980.0  2.45702e-18
      22990.0  2.45301e-18
      23000.0  2.44900e-18
      23010.0  2.44500e-18
      23020.0  2.44101e-18
      23030.0  2.43703e-18
      23040.0  2.43305e-18
      23050.0  2.42908e-18
      23060.0  2.42512e-18
      23070.0  2.42117e-18
      23080.0  2.41723e-18
      23090.0  2.41330e-18
      23100.0  2.40937e-18
      23110.0  2.40545e-18
      23120.0  2.40154e-18
      23130.0  2.39764e-18
      23140.0  2.39374e-18
      23150.0  2.38986e-18
      23160.0  2.38598e-18
      23170.0  2.38210e-18
      23180.0  2.37824e-18
      23190.0  2.37439e-18
      23200.0  2.37054e-18
      23210.0  2.36670e-18
      23220.0  2.36286e-18
      23230.0  2.35904e-18
      23240.0  2.35522e-18
      23250.0  2.35141e-18
      23260.0  2.34761e-18
      23270.0  2.34382e-18
      23280.0  2.34003e-18
      23290.0  2.33625e-18
      23300.0  2.33248e-18
      23310.0  2.32872e-18
      23320.0  2.32496e-18
      23330.0  2.32122e-18
      23340.0  2.31747e-18
      23350.0  2.31374e-18
      23360.0  2.31002e-18
      23370.0  2.30630e-18
      23380.0  2.30259e-18
      23390.0  2.29888e-18
      23400.0  2.29519e-18
      23410.0  2.29150e-18
      23420.0  2.28782e-18
      23430.0  2.28414e-18
      23440.0  2.28048e-18
      23450.0  2.27682e-18
      23460.0  2.27317e-18
      23470.0  2.26952e-18
      23480.0  2.26589e-18
      23490.0  2.26226e-18
      23500.0  2.25863e-18
      23510.0  2.25502e-18
      23520.0  2.25141e-18
      23530.0  2.24781e-18
      23540.0  2.24422e-18
      23550.0  2.24063e-18
      23560.0  2.23705e-18
      23570.0  2.23348e-18
      23580.0  2.22991e-18
      23590.0  2.22635e-18
      23600.0  2.22280e-18
      23610.0  2.21926e-18
      23620.0  2.21572e-18
      23630.0  2.21219e-18
      23640.0  2.20867e-18
      23650.0  2.20515e-18
      23660.0  2.20164e-18
      23670.0  2.19814e-18
      23680.0  2.19465e-18
      23690.0  2.19116e-18
      23700.0  2.18768e-18
      23710.0  2.18420e-18
      23720.0  2.18074e-18
      23730.0  2.17728e-18
      23740.0  2.17382e-18
      23750.0  2.17038e-18
      23760.0  2.16694e-18
      23770.0  2.16350e-18
      23780.0  2.16008e-18
      23790.0  2.15666e-18
      23800.0  2.15324e-18
      23810.0  2.14984e-18
      23820.0  2.14644e-18
      23830.0  2.14305e-18
      23840.0  2.13966e-18
      23850.0  2.13628e-18
      23860.0  2.13291e-18
      23870.0  2.12954e-18
      23880.0  2.12618e-18
      23890.0  2.12283e-18
      23900.0  2.11948e-18
      23910.0  2.11614e-18
      23920.0  2.11281e-18
      23930.0  2.10949e-18
      23940.0  2.10617e-18
      23950.0  2.10285e-18
      23960.0  2.09955e-18
      23970.0  2.09624e-18
      23980.0  2.09295e-18
      23990.0  2.08966e-18
      24000.0  2.08638e-18
      24010.0  2.08311e-18
      24020.0  2.07984e-18
      24030.0  2.07658e-18
      24040.0  2.07332e-18
      24050.0  2.07007e-18
      24060.0  2.06683e-18
      24070.0  2.06359e-18
      24080.0  2.06036e-18
      24090.0  2.05714e-18
      24100.0  2.05392e-18
      24110.0  2.05071e-18
      24120.0  2.04751e-18
      24130.0  2.04431e-18
      24140.0  2.04112e-18
      24150.0  2.03793e-18
      24160.0  2.03475e-18
      24170.0  2.03158e-18
      24180.0  2.02841e-18
      24190.0  2.02525e-18
      24200.0  2.02209e-18
      24210.0  2.01894e-18
      24220.0  2.01580e-18
      24230.0  2.01266e-18
      24240.0  2.00953e-18
      24250.0  2.00641e-18
      24260.0  2.00329e-18
      24270.0  2.00017e-18
      24280.0  1.99707e-18
      24290.0  1.99397e-18
      24300.0  1.99087e-18
      24310.0  1.98778e-18
      24320.0  1.98470e-18
      24330.0  1.98162e-18
      24340.0  1.97855e-18
      24350.0  1.97549e-18
      24360.0  1.97243e-18
      24370.0  1.96938e-18
      24380.0  1.96633e-18
      24390.0  1.96329e-18
      24400.0  1.96025e-18
      24410.0  1.95722e-18
      24420.0  1.95420e-18
      24430.0  1.95118e-18
      24440.0  1.94817e-18
      24450.0  1.94516e-18
      24460.0  1.94216e-18
      24470.0  1.93917e-18
      24480.0  1.93618e-18
      24490.0  1.93320e-18
      24500.0  1.93022e-18
      24510.0  1.92725e-18
      24520.0  1.92428e-18
      24530.0  1.92132e-18
      24540.0  1.91837e-18
      24550.0  1.91542e-18
      24560.0  1.91248e-18
      24570.0  1.90954e-18
      24580.0  1.90661e-18
      24590.0  1.90368e-18
      24600.0  1.90076e-18
      24610.0  1.89784e-18
      24620.0  1.89493e-18
      24630.0  1.89203e-18
      24640.0  1.88913e-18
      24650.0  1.88624e-18
      24660.0  1.88335e-18
      24670.0  1.88047e-18
      24680.0  1.87759e-18
      24690.0  1.87472e-18
      24700.0  1.87186e-18
      24710.0  1.86900e-18
      24720.0  1.86614e-18
      24730.0  1.86329e-18
      24740.0  1.86045e-18
      24750.0  1.85761e-18
      24760.0  1.85478e-18
      24770.0  1.85195e-18
      24780.0  1.84913e-18
      24790.0  1.84631e-18
      24800.0  1.84350e-18
      24810.0  1.84069e-18
      24820.0  1.83789e-18
      24830.0  1.83510e-18
      24840.0  1.83231e-18
      24850.0  1.82952e-18
      24860.0  1.82674e-18
      24870.0  1.82397e-18
      24880.0  1.82120e-18
      24890.0  1.81844e-18
      24900.0  1.81568e-18
      24910.0  1.81293e-18
      24920.0  1.81018e-18
      24930.0  1.80743e-18
      24940.0  1.80470e-18
      24950.0  1.80196e-18
      24960.0  1.79924e-18
      24970.0  1.79651e-18
      24980.0  1.79380e-18
      24990.0  1.79109e-18
      25000.0  1.78838e-18
      25010.0  1.78568e-18
      25020.0  1.78298e-18
      25030.0  1.78029e-18
      25040.0  1.77760e-18
      25050.0  1.77492e-18
      25060.0  1.77225e-18
      25070.0  1.76957e-18
      25080.0  1.76691e-18
      25090.0  1.76425e-18
      25100.0  1.76159e-18
      25110.0  1.75894e-18
      25120.0  1.75629e-18
      25130.0  1.75365e-18
      25140.0  1.75101e-18
      25150.0  1.74838e-18
      25160.0  1.74576e-18
      25170.0  1.74314e-18
      25180.0  1.74052e-18
      25190.0  1.73791e-18
      25200.0  1.73530e-18
      25210.0  1.73270e-18
      25220.0  1.73010e-18
      25230.0  1.72751e-18
      25240.0  1.72492e-18
      25250.0  1.72234e-18
      25260.0  1.71976e-18
      25270.0  1.71719e-18
      25280.0  1.71462e-18
      25290.0  1.71206e-18
      25300.0  1.70950e-18
      25310.0  1.70694e-18
      25320.0  1.70439e-18
      25330.0  1.70185e-18
      25340.0  1.69931e-18
      25350.0  1.69678e-18
      25360.0  1.69425e-18
      25370.0  1.69172e-18
      25380.0  1.68920e-18
      25390.0  1.68668e-18
      25400.0  1.68417e-18
      25410.0  1.68167e-18
      25420.0  1.67916e-18
      25430.0  1.67667e-18
      25440.0  1.67417e-18
      25450.0  1.67169e-18
      25460.0  1.66920e-18
      25470.0  1.66672e-18
      25480.0  1.66425e-18
      25490.0  1.66178e-18
      25500.0  1.65931e-18
      25510.0  1.65685e-18
      25520.0  1.65440e-18
      25530.0  1.65195e-18
      25540.0  1.64950e-18
      25550.0  1.64706e-18
      25560.0  1.64462e-18
      25570.0  1.64219e-18
      25580.0  1.63976e-18
      25590.0  1.63733e-18
      25600.0  1.63491e-18
      25610.0  1.63250e-18
      25620.0  1.63009e-18
      25630.0  1.62768e-18
      25640.0  1.62528e-18
      25650.0  1.62288e-18
      25660.0  1.62049e-18
      25670.0  1.61810e-18
      25680.0  1.61571e-18
      25690.0  1.61333e-18
      25700.0  1.61096e-18
      25710.0  1.60858e-18
      25720.0  1.60622e-18
      25730.0  1.60385e-18
      25740.0  1.60150e-18
      25750.0  1.59914e-18
      25760.0  1.59679e-18
      25770.0  1.59445e-18
      25780.0  1.59211e-18
      25790.0  1.58977e-18
      25800.0  1.58744e-18
      25810.0  1.58511e-18
      25820.0  1.58278e-18
      25830.0  1.58046e-18
      25840.0  1.57815e-18
      25850.0  1.57584e-18
      25860.0  1.57353e-18
      25870.0  1.57123e-18
      25880.0  1.56893e-18
      25890.0  1.56663e-18
      25900.0  1.56434e-18
      25910.0  1.56206e-18
      25920.0  1.55978e-18
      25930.0  1.55750e-18
      25940.0  1.55522e-18
      25950.0  1.55296e-18
      25960.0  1.55069e-18
      25970.0  1.54843e-18
      25980.0  1.54617e-18
      25990.0  1.54392e-18
      26000.0  1.54167e-18
      26010.0  1.53943e-18
      26020.0  1.53718e-18
      26030.0  1.53495e-18
      26040.0  1.53272e-18
      26050.0  1.53049e-18
      26060.0  1.52826e-18
      26070.0  1.52604e-18
      26080.0  1.52383e-18
      26090.0  1.52161e-18
      26100.0  1.51940e-18
      26110.0  1.51720e-18
      26120.0  1.51500e-18
      26130.0  1.51280e-18
      26140.0  1.51061e-18
      26150.0  1.50842e-18
      26160.0  1.50624e-18
      26170.0  1.50406e-18
      26180.0  1.50188e-18
      26190.0  1.49971e-18
      26200.0  1.49754e-18
      26210.0  1.49537e-18
      26220.0  1.49321e-18
      26230.0  1.49106e-18
      26240.0  1.48890e-18
      26250.0  1.48675e-18
      26260.0  1.48461e-18
      26270.0  1.48247e-18
      26280.0  1.48033e-18
      26290.0  1.47819e-18
      26300.0  1.47606e-18
      26310.0  1.47394e-18
      26320.0  1.47182e-18
      26330.0  1.46970e-18
      26340.0  1.46758e-18
      26350.0  1.46547e-18
      26360.0  1.46336e-18
      26370.0  1.46126e-18
      26380.0  1.45916e-18
      26390.0  1.45707e-18
      26400.0  1.45497e-18
      26410.0  1.45289e-18
      26420.0  1.45080e-18
      26430.0  1.44872e-18
      26440.0  1.44664e-18
      26450.0  1.44457e-18
      26460.0  1.44250e-18
      26470.0  1.44043e-18
      26480.0  1.43837e-18
      26490.0  1.43631e-18
      26500.0  1.43426e-18
      26510.0  1.43221e-18
      26520.0  1.43016e-18
      26530.0  1.42811e-18
      26540.0  1.42607e-18
      26550.0  1.42404e-18
      26560.0  1.42200e-18
      26570.0  1.41997e-18
      26580.0  1.41795e-18
      26590.0  1.41593e-18
      26600.0  1.41391e-18
      26610.0  1.41189e-18
      26620.0  1.40988e-18
      26630.0  1.40787e-18
      26640.0  1.40587e-18
      26650.0  1.40387e-18
      26660.0  1.40187e-18
      26670.0  1.39988e-18
      26680.0  1.39789e-18
      26690.0  1.39590e-18
      26700.0  1.39392e-18
      26710.0  1.39194e-18
      26720.0  1.38996e-18
      26730.0  1.38799e-18
      26740.0  1.38602e-18
      26750.0  1.38406e-18
      26760.0  1.38209e-18
      26770.0  1.38013e-18
      26780.0  1.37818e-18
      26790.0  1.37623e-18
      26800.0  1.37428e-18
      26810.0  1.37233e-18
      26820.0  1.37039e-18
      26830.0  1.36846e-18
      26840.0  1.36652e-18
      26850.0  1.36459e-18
      26860.0  1.36266e-18
      26870.0  1.36074e-18
      26880.0  1.35882e-18
      26890.0  1.35690e-18
      26900.0  1.35498e-18
      26910.0  1.35307e-18
      26920.0  1.35117e-18
      26930.0  1.34926e-18
      26940.0  1.34736e-18
      26950.0  1.34546e-18
      26960.0  1.34357e-18
      26970.0  1.34168e-18
      26980.0  1.33979e-18
      26990.0  1.33791e-18
      27000.0  1.33603e-18
      27010.0  1.33415e-18
      27020.0  1.33228e-18
      27030.0  1.33041e-18
      27040.0  1.32854e-18
      27050.0  1.32667e-18
      27060.0  1.32481e-18
      27070.0  1.32295e-18
      27080.0  1.32110e-18
      27090.0  1.31925e-18
      27100.0  1.31740e-18
      27110.0  1.31556e-18
      27120.0  1.31371e-18
      27130.0  1.31188e-18
      27140.0  1.31004e-18
      27150.0  1.30821e-18
      27160.0  1.30638e-18
      27170.0  1.30455e-18
      27180.0  1.30273e-18
      27190.0  1.30091e-18
      27200.0  1.29910e-18
      27210.0  1.29728e-18
      27220.0  1.29547e-18
      27230.0  1.29367e-18
      27240.0  1.29186e-18
      27250.0  1.29006e-18
      27260.0  1.28827e-18
      27270.0  1.28647e-18
      27280.0  1.28468e-18
      27290.0  1.28289e-18
      27300.0  1.28111e-18
      27310.0  1.27933e-18
      27320.0  1.27755e-18
      27330.0  1.27577e-18
      27340.0  1.27400e-18
      27350.0  1.27223e-18
      27360.0  1.27046e-18
      27370.0  1.26870e-18
      27380.0  1.26694e-18
      27390.0  1.26518e-18
      27400.0  1.26343e-18
      27410.0  1.26168e-18
      27420.0  1.25993e-18
      27430.0  1.25819e-18
      27440.0  1.25644e-18
      27450.0  1.25471e-18
      27460.0  1.25297e-18
      27470.0  1.25124e-18
      27480.0  1.24951e-18
      27490.0  1.24778e-18
      27500.0  1.24606e-18
      27510.0  1.24433e-18
      27520.0  1.24262e-18
      27530.0  1.24090e-18
      27540.0  1.23919e-18
      27550.0  1.23748e-18
      27560.0  1.23577e-18
      27570.0  1.23407e-18
      27580.0  1.23237e-18
      27590.0  1.23067e-18
      27600.0  1.22898e-18
      27610.0  1.22729e-18
      27620.0  1.22560e-18
      27630.0  1.22391e-18
      27640.0  1.22223e-18
      27650.0  1.22055e-18
      27660.0  1.21887e-18
      27670.0  1.21720e-18
      27680.0  1.21553e-18
      27690.0  1.21386e-18
      27700.0  1.21219e-18
      27710.0  1.21053e-18
      27720.0  1.20887e-18
      27730.0  1.20721e-18
      27740.0  1.20556e-18
      27750.0  1.20391e-18
      27760.0  1.20226e-18
      27770.0  1.20061e-18
      27780.0  1.19897e-18
      27790.0  1.19733e-18
      27800.0  1.19569e-18
      27810.0  1.19406e-18
      27820.0  1.19243e-18
      27830.0  1.19080e-18
      27840.0  1.18917e-18
      27850.0  1.18755e-18
      27860.0  1.18593e-18
      27870.0  1.18431e-18
      27880.0  1.18269e-18
      27890.0  1.18108e-18
      27900.0  1.17947e-18
      27910.0  1.17786e-18
      27920.0  1.17626e-18
      27930.0  1.17466e-18
      27940.0  1.17306e-18
      27950.0  1.17146e-18
      27960.0  1.16987e-18
      27970.0  1.16828e-18
      27980.0  1.16669e-18
      27990.0  1.16511e-18
      28000.0  1.16352e-18
      28010.0  1.16194e-18
      28020.0  1.16037e-18
      28030.0  1.15879e-18
      28040.0  1.15722e-18
      28050.0  1.15565e-18
      28060.0  1.15408e-18
      28070.0  1.15252e-18
      28080.0  1.15096e-18
      28090.0  1.14940e-18
      28100.0  1.14784e-18
      28110.0  1.14629e-18
      28120.0  1.14474e-18
      28130.0  1.14319e-18
      28140.0  1.14165e-18
      28150.0  1.14010e-18
      28160.0  1.13856e-18
      28170.0  1.13703e-18
      28180.0  1.13549e-18
      28190.0  1.13396e-18
      28200.0  1.13243e-18
      28210.0  1.13090e-18
      28220.0  1.12938e-18
      28230.0  1.12785e-18
      28240.0  1.12633e-18
      28250.0  1.12482e-18
      28260.0  1.12330e-18
      28270.0  1.12179e-18
      28280.0  1.12028e-18
      28290.0  1.11877e-18
      28300.0  1.11727e-18
      28310.0  1.11577e-18
      28320.0  1.11427e-18
      28330.0  1.11277e-18
      28340.0  1.11128e-18
      28350.0  1.10979e-18
      28360.0  1.10830e-18
      28370.0  1.10681e-18
      28380.0  1.10533e-18
      28390.0  1.10384e-18
      28400.0  1.10236e-18
      28410.0  1.10089e-18
      28420.0  1.09941e-18
      28430.0  1.09794e-18
      28440.0  1.09647e-18
      28450.0  1.09500e-18
      28460.0  1.09354e-18
      28470.0  1.09208e-18
      28480.0  1.09062e-18
      28490.0  1.08916e-18
      28500.0  1.08771e-18
      28510.0  1.08625e-18
      28520.0  1.08480e-18
      28530.0  1.08336e-18
      28540.0  1.08191e-18
      28550.0  1.08047e-18
      28560.0  1.07903e-18
      28570.0  1.07759e-18
      28580.0  1.07615e-18
      28590.0  1.07472e-18
      28600.0  1.07329e-18
      28610.0  1.07186e-18
      28620.0  1.07044e-18
      28630.0  1.06901e-18
      28640.0  1.06759e-18
      28650.0  1.06617e-18
      28660.0  1.06476e-18
      28670.0  1.06334e-18
      28680.0  1.06193e-18
      28690.0  1.06052e-18
      28700.0  1.05911e-18
      28710.0  1.05771e-18
      28720.0  1.05630e-18
      28730.0  1.05490e-18
      28740.0  1.05351e-18
      28750.0  1.05211e-18
      28760.0  1.05072e-18
      28770.0  1.04933e-18
      28780.0  1.04794e-18
      28790.0  1.04655e-18
      28800.0  1.04517e-18
      28810.0  1.04379e-18
      28820.0  1.04241e-18
      28830.0  1.04103e-18
      28840.0  1.03965e-18
      28850.0  1.03828e-18
      28860.0  1.03691e-18
      28870.0  1.03554e-18
      28880.0  1.03418e-18
      28890.0  1.03281e-18
      28900.0  1.03145e-18
      28910.0  1.03009e-18
      28920.0  1.02873e-18
      28930.0  1.02738e-18
      28940.0  1.02603e-18
      28950.0  1.02468e-18
      28960.0  1.02333e-18
      28970.0  1.02198e-18
      28980.0  1.02064e-18
      28990.0  1.01930e-18
      29000.0  1.01796e-18
      29010.0  1.01662e-18
      29020.0  1.01529e-18
      29030.0  1.01395e-18
      29040.0  1.01262e-18
      29050.0  1.01129e-18
      29060.0  1.00997e-18
      29070.0  1.00864e-18
      29080.0  1.00732e-18
      29090.0  1.00600e-18
      29100.0  1.00469e-18
      29110.0  1.00337e-18
      29120.0  1.00206e-18
      29130.0  1.00075e-18
      29140.0  9.99437e-19
      29150.0  9.98130e-19
      29160.0  9.96826e-19
      29170.0  9.95523e-19
      29180.0  9.94223e-19
      29190.0  9.92925e-19
      29200.0  9.91628e-19
      29210.0  9.90334e-19
      29220.0  9.89042e-19
      29230.0  9.87753e-19
      29240.0  9.86465e-19
      29250.0  9.85179e-19
      29260.0  9.83896e-19
      29270.0  9.82614e-19
      29280.0  9.81335e-19
      29290.0  9.80058e-19
      29300.0  9.78782e-19
      29310.0  9.77509e-19
      29320.0  9.76238e-19
      29330.0  9.74969e-19
      29340.0  9.73702e-19
      29350.0  9.72437e-19
      29360.0  9.71174e-19
      29370.0  9.69914e-19
      29380.0  9.68655e-19
      29390.0  9.67398e-19
      29400.0  9.66143e-19
      29410.0  9.64891e-19
      29420.0  9.63640e-19
      29430.0  9.62391e-19
      29440.0  9.61145e-19
      29450.0  9.59900e-19
      29460.0  9.58658e-19
      29470.0  9.57417e-19
      29480.0  9.56179e-19
      29490.0  9.54942e-19
      29500.0  9.53708e-19
      29510.0  9.52475e-19
      29520.0  9.51244e-19
      29530.0  9.50016e-19
      29540.0  9.48789e-19
      29550.0  9.47565e-19
      29560.0  9.46342e-19
      29570.0  9.45121e-19
      29580.0  9.43902e-19
      29590.0  9.42686e-19
      29600.0  9.41471e-19
      29610.0  9.40258e-19
      29620.0  9.39047e-19
      29630.0  9.37838e-19
      29640.0  9.36631e-19
      29650.0  9.35426e-19
      29660.0  9.34223e-19
      29670.0  9.33022e-19
      29680.0  9.31822e-19
      29690.0  9.30625e-19
      29700.0  9.29430e-19
      29710.0  9.28236e-19
      29720.0  9.27045e-19
      29730.0  9.25855e-19
      29740.0  9.24667e-19
      29750.0  9.23481e-19
      29760.0  9.22297e-19
      29770.0  9.21115e-19
      29780.0  9.19935e-19
      29790.0  9.18757e-19
      29800.0  9.17580e-19
      29810.0  9.16406e-19
      29820.0  9.15233e-19
      29830.0  9.14062e-19
      29840.0  9.12893e-19
      29850.0  9.11726e-19
      29860.0  9.10561e-19
      29870.0  9.09398e-19
      29880.0  9.08236e-19
      29890.0  9.07077e-19
      29900.0  9.05919e-19
      29910.0  9.04763e-19
      29920.0  9.03609e-19
      29930.0  9.02457e-19
      29940.0  9.01306e-19
      29950.0  9.00158e-19
      29960.0  8.99011e-19
      29970.0  8.97866e-19
      29980.0  8.96723e-19
      29990.0  8.95581e-19
      30000.0  8.94442e-19
      30010.0  8.93304e-19
      30020.0  8.92168e-19
      30030.0  8.91034e-19
      30040.0  8.89902e-19
      30050.0  8.88772e-19
      30060.0  8.87643e-19
      30070.0  8.86516e-19
      30080.0  8.85391e-19
      30090.0  8.84268e-19
      30100.0  8.83146e-19
      30110.0  8.82026e-19
      30120.0  8.80908e-19
      30130.0  8.79792e-19
      30140.0  8.78678e-19
      30150.0  8.77565e-19
      30160.0  8.76454e-19
      30170.0  8.75345e-19
      30180.0  8.74237e-19
      30190.0  8.73132e-19
      30200.0  8.72028e-19
      30210.0  8.70926e-19
      30220.0  8.69825e-19
      30230.0  8.68726e-19
      30240.0  8.67629e-19
      30250.0  8.66534e-19
      30260.0  8.65441e-19
      30270.0  8.64349e-19
      30280.0  8.63259e-19
      30290.0  8.62170e-19
      30300.0  8.61084e-19
      30310.0  8.59999e-19
      30320.0  8.58915e-19
      30330.0  8.57834e-19
      30340.0  8.56754e-19
      30350.0  8.55676e-19
      30360.0  8.54599e-19
      30370.0  8.53525e-19
      30380.0  8.52452e-19
      30390.0  8.51380e-19
      30400.0  8.50310e-19
      30410.0  8.49243e-19
      30420.0  8.48176e-19
      30430.0  8.47111e-19
      30440.0  8.46048e-19
      30450.0  8.44987e-19
      30460.0  8.43927e-19
      30470.0  8.42869e-19
      30480.0  8.41813e-19
      30490.0  8.40758e-19
      30500.0  8.39705e-19
      30510.0  8.38654e-19
      30520.0  8.37604e-19
      30530.0  8.36556e-19
      30540.0  8.35509e-19
      30550.0  8.34465e-19
      30560.0  8.33421e-19
      30570.0  8.32380e-19
      30580.0  8.31340e-19
      30590.0  8.30301e-19
      30600.0  8.29265e-19
      30610.0  8.28229e-19
      30620.0  8.27196e-19
      30630.0  8.26164e-19
      30640.0  8.25134e-19
      30650.0  8.24105e-19
      30660.0  8.23078e-19
      30670.0  8.22053e-19
      30680.0  8.21029e-19
      30690.0  8.20006e-19
      30700.0  8.18986e-19
      30710.0  8.17966e-19
      30720.0  8.16949e-19
      30730.0  8.15933e-19
      30740.0  8.14919e-19
      30750.0  8.13906e-19
      30760.0  8.12894e-19
      30770.0  8.11885e-19
      30780.0  8.10877e-19
      30790.0  8.09870e-19
      30800.0  8.08865e-19
      30810.0  8.07862e-19
      30820.0  8.06860e-19
      30830.0  8.05860e-19
      30840.0  8.04861e-19
      30850.0  8.03864e-19
      30860.0  8.02868e-19
      30870.0  8.01874e-19
      30880.0  8.00881e-19
      30890.0  7.99890e-19
      30900.0  7.98900e-19
      30910.0  7.97912e-19
      30920.0  7.96926e-19
      30930.0  7.95941e-19
      30940.0  7.94958e-19
      30950.0  7.93976e-19
      30960.0  7.92995e-19
      30970.0  7.92016e-19
      30980.0  7.91039e-19
      30990.0  7.90063e-19
      31000.0  7.89089e-19
      31010.0  7.88116e-19
      31020.0  7.87144e-19
      31030.0  7.86174e-19
      31040.0  7.85206e-19
      31050.0  7.84239e-19
      31060.0  7.83274e-19
      31070.0  7.82310e-19
      31080.0  7.81347e-19
      31090.0  7.80386e-19
      31100.0  7.79427e-19
      31110.0  7.78469e-19
      31120.0  7.77512e-19
      31130.0  7.76557e-19
      31140.0  7.75604e-19
      31150.0  7.74651e-19
      31160.0  7.73701e-19
      31170.0  7.72751e-19
      31180.0  7.71804e-19
      31190.0  7.70857e-19
      31200.0  7.69912e-19
      31210.0  7.68969e-19
      31220.0  7.68027e-19
      31230.0  7.67086e-19
      31240.0  7.66147e-19
      31250.0  7.65209e-19
      31260.0  7.64273e-19
      31270.0  7.63338e-19
      31280.0  7.62405e-19
      31290.0  7.61473e-19
      31300.0  7.60542e-19
      31310.0  7.59613e-19
      31320.0  7.58686e-19
      31330.0  7.57759e-19
      31340.0  7.56834e-19
      31350.0  7.55911e-19
      31360.0  7.54989e-19
      31370.0  7.54068e-19
      31380.0  7.53149e-19
      31390.0  7.52231e-19
      31400.0  7.51315e-19
      31410.0  7.50399e-19
      31420.0  7.49486e-19
      31430.0  7.48573e-19
      31440.0  7.47662e-19
      31450.0  7.46753e-19
      31460.0  7.45845e-19
      31470.0  7.44938e-19
      31480.0  7.44033e-19
      31490.0  7.43129e-19
      31500.0  7.42226e-19
      31510.0  7.41325e-19
      31520.0  7.40425e-19
      31530.0  7.39526e-19
      31540.0  7.38629e-19
      31550.0  7.37733e-19
      31560.0  7.36839e-19
      31570.0  7.35946e-19
      31580.0  7.35054e-19
      31590.0  7.34163e-19
      31600.0  7.33274e-19
      31610.0  7.32387e-19
      31620.0  7.31500e-19
      31630.0  7.30615e-19
      31640.0  7.29731e-19
      31650.0  7.28849e-19
      31660.0  7.27968e-19
      31670.0  7.27088e-19
      31680.0  7.26210e-19
      31690.0  7.25333e-19
      31700.0  7.24457e-19
      31710.0  7.23583e-19
      31720.0  7.22710e-19
      31730.0  7.21838e-19
      31740.0  7.20967e-19
      31750.0  7.20098e-19
      31760.0  7.19230e-19
      31770.0  7.18364e-19
      31780.0  7.17499e-19
      31790.0  7.16635e-19
      31800.0  7.15772e-19
      31810.0  7.14911e-19
      31820.0  7.14051e-19
      31830.0  7.13192e-19
      31840.0  7.12334e-19
      31850.0  7.11478e-19
      31860.0  7.10623e-19
      31870.0  7.09770e-19
      31880.0  7.08917e-19
      31890.0  7.08066e-19
      31900.0  7.07216e-19
      31910.0  7.06368e-19
      31920.0  7.05521e-19
      31930.0  7.04675e-19
      31940.0  7.03830e-19
      31950.0  7.02987e-19
      31960.0  7.02144e-19
      31970.0  7.01304e-19
      31980.0  7.00464e-19
      31990.0  6.99625e-19
      32000.0  6.98788e-19
      32010.0  6.97952e-19
      32020.0  6.97118e-19
      32030.0  6.96284e-19
      32040.0  6.95452e-19
      32050.0  6.94621e-19
      32060.0  6.93792e-19
      32070.0  6.92963e-19
      32080.0  6.92136e-19
      32090.0  6.91310e-19
      32100.0  6.90485e-19
      32110.0  6.89662e-19
      32120.0  6.88839e-19
      32130.0  6.88018e-19
      32140.0  6.87198e-19
      32150.0  6.86380e-19
      32160.0  6.85562e-19
      32170.0  6.84746e-19
      32180.0  6.83931e-19
      32190.0  6.83117e-19
      32200.0  6.82305e-19
      32210.0  6.81494e-19
      32220.0  6.80683e-19
      32230.0  6.79874e-19
      32240.0  6.79067e-19
      32250.0  6.78260e-19
      32260.0  6.77455e-19
      32270.0  6.76651e-19
      32280.0  6.75848e-19
      32290.0  6.75046e-19
      32300.0  6.74245e-19
      32310.0  6.73446e-19
      32320.0  6.72648e-19
      32330.0  6.71851e-19
      32340.0  6.71055e-19
      32350.0  6.70260e-19
      32360.0  6.69467e-19
      32370.0  6.68674e-19
      32380.0  6.67883e-19
      32390.0  6.67093e-19
      32400.0  6.66304e-19
      32410.0  6.65517e-19
      32420.0  6.64730e-19
      32430.0  6.63945e-19
      32440.0  6.63161e-19
      32450.0  6.62378e-19
      32460.0  6.61596e-19
      32470.0  6.60815e-19
      32480.0  6.60035e-19
      32490.0  6.59257e-19
      32500.0  6.58480e-19
      32510.0  6.57704e-19
      32520.0  6.56929e-19
      32530.0  6.56155e-19
      32540.0  6.55382e-19
      32550.0  6.54611e-19
      32560.0  6.53840e-19
      32570.0  6.53071e-19
      32580.0  6.52303e-19
      32590.0  6.51536e-19
      32600.0  6.50770e-19
      32610.0  6.50005e-19
      32620.0  6.49241e-19
      32630.0  6.48479e-19
      32640.0  6.47717e-19
      32650.0  6.46957e-19
      32660.0  6.46198e-19
      32670.0  6.45440e-19
      32680.0  6.44683e-19
      32690.0  6.43927e-19
      32700.0  6.43172e-19
      32710.0  6.42418e-19
      32720.0  6.41666e-19
      32730.0  6.40914e-19
      32740.0  6.40164e-19
      32750.0  6.39415e-19
      32760.0  6.38666e-19
      32770.0  6.37919e-19
      32780.0  6.37173e-19
      32790.0  6.36429e-19
      32800.0  6.35685e-19
      32810.0  6.34942e-19
      32820.0  6.34200e-19
      32830.0  6.33460e-19
      32840.0  6.32720e-19
      32850.0  6.31982e-19
      32860.0  6.31245e-19
      32870.0  6.30508e-19
      32880.0  6.29773e-19
      32890.0  6.29039e-19
      32900.0  6.28306e-19
      32910.0  6.27574e-19
      32920.0  6.26843e-19
      32930.0  6.26113e-19
      32940.0  6.25385e-19
      32950.0  6.24657e-19
      32960.0  6.23930e-19
      32970.0  6.23204e-19
      32980.0  6.22480e-19
      32990.0  6.21756e-19
      33000.0  6.21034e-19
      33010.0  6.20313e-19
      33020.0  6.19592e-19
      33030.0  6.18873e-19
      33040.0  6.18155e-19
      33050.0  6.17437e-19
      33060.0  6.16721e-19
      33070.0  6.16006e-19
      33080.0  6.15292e-19
      33090.0  6.14579e-19
      33100.0  6.13867e-19
      33110.0  6.13156e-19
      33120.0  6.12446e-19
      33130.0  6.11737e-19
      33140.0  6.11029e-19
      33150.0  6.10322e-19
      33160.0  6.09616e-19
      33170.0  6.08911e-19
      33180.0  6.08207e-19
      33190.0  6.07504e-19
      33200.0  6.06803e-19
      33210.0  6.06102e-19
      33220.0  6.05402e-19
      33230.0  6.04703e-19
      33240.0  6.04005e-19
      33250.0  6.03309e-19
      33260.0  6.02613e-19
      33270.0  6.01918e-19
      33280.0  6.01224e-19
      33290.0  6.00531e-19
      33300.0  5.99840e-19
      33310.0  5.99149e-19
      33320.0  5.98459e-19
      33330.0  5.97770e-19
      33340.0  5.97082e-19
      33350.0  5.96396e-19
      33360.0  5.95710e-19
      33370.0  5.95025e-19
      33380.0  5.94341e-19
      33390.0  5.93658e-19
      33400.0  5.92976e-19
      33410.0  5.92295e-19
      33420.0  5.91615e-19
      33430.0  5.90936e-19
      33440.0  5.90258e-19
      33450.0  5.89581e-19
      33460.0  5.88905e-19
      33470.0  5.88230e-19
      33480.0  5.87556e-19
      33490.0  5.86883e-19
      33500.0  5.86211e-19
      33510.0  5.85539e-19
      33520.0  5.84869e-19
      33530.0  5.84200e-19
      33540.0  5.83531e-19
      33550.0  5.82864e-19
      33560.0  5.82197e-19
      33570.0  5.81532e-19
      33580.0  5.80867e-19
      33590.0  5.80204e-19
      33600.0  5.79541e-19
      33610.0  5.78879e-19
      33620.0  5.78219e-19
      33630.0  5.77559e-19
      33640.0  5.76900e-19
      33650.0  5.76242e-19
      33660.0  5.75585e-19
      33670.0  5.74929e-19
      33680.0  5.74274e-19
      33690.0  5.73619e-19
      33700.0  5.72966e-19
      33710.0  5.72314e-19
      33720.0  5.71662e-19
      33730.0  5.71012e-19
      33740.0  5.70362e-19
      33750.0  5.69714e-19
      33760.0  5.69066e-19
      33770.0  5.68419e-19
      33780.0  5.67773e-19
      33790.0  5.67128e-19
      33800.0  5.66484e-19
      33810.0  5.65841e-19
      33820.0  5.65199e-19
      33830.0  5.64557e-19
      33840.0  5.63917e-19
      33850.0  5.63277e-19
      33860.0  5.62639e-19
      33870.0  5.62001e-19
      33880.0  5.61364e-19
      33890.0  5.60728e-19
      33900.0  5.60093e-19
      33910.0  5.59459e-19
      33920.0  5.58826e-19
      33930.0  5.58194e-19
      33940.0  5.57562e-19
      33950.0  5.56932e-19
      33960.0  5.56302e-19
      33970.0  5.55673e-19
      33980.0  5.55046e-19
      33990.0  5.54419e-19
      34000.0  5.53792e-19
      34010.0  5.53167e-19
      34020.0  5.52543e-19
      34030.0  5.51919e-19
      34040.0  5.51297e-19
      34050.0  5.50675e-19
      34060.0  5.50054e-19
      34070.0  5.49434e-19
      34080.0  5.48815e-19
      34090.0  5.48197e-19
      34100.0  5.47580e-19
      34110.0  5.46963e-19
      34120.0  5.46348e-19
      34130.0  5.45733e-19
      34140.0  5.45119e-19
      34150.0  5.44506e-19
      34160.0  5.43894e-19
      34170.0  5.43283e-19
      34180.0  5.42672e-19
      34190.0  5.42063e-19
      34200.0  5.41454e-19
      34210.0  5.40846e-19
      34220.0  5.40239e-19
      34230.0  5.39633e-19
      34240.0  5.39028e-19
      34250.0  5.38423e-19
      34260.0  5.37820e-19
      34270.0  5.37217e-19
      34280.0  5.36615e-19
      34290.0  5.36014e-19
      34300.0  5.35414e-19
      34310.0  5.34814e-19
      34320.0  5.34216e-19
      34330.0  5.33618e-19
      34340.0  5.33021e-19
      34350.0  5.32425e-19
      34360.0  5.31830e-19
      34370.0  5.31235e-19
      34380.0  5.30642e-19
      34390.0  5.30049e-19
      34400.0  5.29457e-19
      34410.0  5.28866e-19
      34420.0  5.28276e-19
      34430.0  5.27686e-19
      34440.0  5.27098e-19
      34450.0  5.26510e-19
      34460.0  5.25923e-19
      34470.0  5.25337e-19
      34480.0  5.24751e-19
      34490.0  5.24167e-19
      34500.0  5.23583e-19
      34510.0  5.23000e-19
      34520.0  5.22418e-19
      34530.0  5.21837e-19
      34540.0  5.21256e-19
      34550.0  5.20677e-19
      34560.0  5.20098e-19
      34570.0  5.19520e-19
      34580.0  5.18942e-19
      34590.0  5.18366e-19
      34600.0  5.17790e-19
      34610.0  5.17215e-19
      34620.0  5.16641e-19
      34630.0  5.16068e-19
      34640.0  5.15496e-19
      34650.0  5.14924e-19
      34660.0  5.14353e-19
      34670.0  5.13783e-19
      34680.0  5.13214e-19
      34690.0  5.12645e-19
      34700.0  5.12077e-19
      34710.0  5.11510e-19
      34720.0  5.10944e-19
      34730.0  5.10379e-19
      34740.0  5.09814e-19
      34750.0  5.09250e-19
      34760.0  5.08687e-19
      34770.0  5.08125e-19
      34780.0  5.07563e-19
      34790.0  5.07003e-19
      34800.0  5.06443e-19
      34810.0  5.05884e-19
      34820.0  5.05325e-19
      34830.0  5.04768e-19
      34840.0  5.04211e-19
      34850.0  5.03655e-19
      34860.0  5.03099e-19
      34870.0  5.02545e-19
      34880.0  5.01991e-19
      34890.0  5.01438e-19
      34900.0  5.00886e-19
      34910.0  5.00334e-19
      34920.0  4.99783e-19
      34930.0  4.99233e-19
      34940.0  4.98684e-19
      34950.0  4.98136e-19
      34960.0  4.97588e-19
      34970.0  4.97041e-19
      34980.0  4.96495e-19
      34990.0  4.96222e-19
