# 20170629
      1600.00   1.1318794e-17   8.2054946e-16
      1605.00   3.2650821e-17   5.8631748e-16
      1610.00  -1.4293328e-16   4.2182341e-16
      1615.00  -2.4518682e-16   3.3459562e-16
      1620.00  -3.8942591e-17   2.8382081e-16
      1625.00  -4.8899354e-17   2.2440057e-16
      1630.00  -7.9636641e-17   1.8055647e-16
      1635.00  -3.8364693e-17   1.6120674e-16
      1640.00  -2.7241987e-17   1.4804900e-16
      1645.00  -2.0093261e-17   1.2648141e-16
      1650.00  -5.4874166e-17   1.0908106e-16
      1655.00   4.3175346e-18   1.0413452e-16
      1660.00   2.2894885e-17   1.0024151e-16
      1665.00   1.2805327e-17   8.9929931e-17
      1670.00  -6.7866053e-17   7.9976149e-17
      1675.00   2.5175379e-17   7.9611369e-17
      1680.00   1.1398049e-16   7.9392775e-17
      1685.00   1.4609886e-17   7.1269498e-17
      1690.00  -4.5471230e-17   6.7002622e-17
      1695.00   2.0108306e-17   6.4529822e-17
      1700.00   1.2136975e-16   6.3535306e-17
      1705.00   2.9232037e-17   6.0428244e-17
      1710.00   3.8617701e-17   5.7578739e-17
      1715.00   4.3405912e-17   5.4518750e-17
      1720.00   3.6189800e-17   5.3466070e-17
      1725.00  -4.1903206e-17   5.2566405e-17
      1730.00  -6.1577707e-17   4.8437870e-17
      1735.00  -3.7053026e-17   4.5216988e-17
      1740.00  -2.8432001e-17   4.5579472e-17
      1745.00  -1.5009690e-17   4.6353051e-17
      1750.00   3.3220510e-18   4.3661921e-17
      1755.00   6.5252765e-17   4.1663767e-17
      1760.00   4.0791816e-17   4.1473423e-17
      1765.00  -2.1108216e-18   4.1290550e-17
      1770.00   1.1777582e-17   3.8777019e-17
      1775.00   5.0025749e-17   3.6704313e-17
      1780.00   2.6300871e-17   3.6672755e-17
      1785.00   4.3553025e-17   3.7670030e-17
      1790.00   1.3803510e-16   3.6838078e-17
      1795.00   6.0124741e-17   3.4809917e-17
      1800.00  -4.6913536e-18   3.2757712e-17
      1805.00   5.1115370e-18   3.2104587e-17
      1810.00  -3.8217739e-17   3.1859867e-17
      1815.00  -1.0294643e-17   3.0516903e-17
      1820.00   2.9969879e-17   2.9274690e-17
      1825.00   2.5754083e-17   2.9496251e-17
      1830.00   5.0617481e-17   3.0586208e-17
      1835.00   1.2921780e-18   2.7914795e-17
      1840.00  -9.9600884e-18   2.6163678e-17
      1845.00   2.4001527e-17   2.7223321e-17
      1850.00   2.9783025e-17   2.7885092e-17
      1855.00   4.7193400e-17   2.6562947e-17
      1860.00   6.4126092e-17   2.5359796e-17
      1865.00   5.1324211e-17   2.5606804e-17
      1870.00   4.6539779e-18   2.5369702e-17
      1875.00   3.1011507e-17   2.4395530e-17
      1880.00   7.0124733e-17   2.4683733e-17
      1885.00   9.5067008e-18   2.3117897e-17
      1890.00   2.5288802e-17   2.2989816e-17
      1895.00   7.1430785e-17   2.3949595e-17
      1900.00   9.6639751e-18   2.2154043e-17
      1905.00   7.4238120e-18   2.1219089e-17
      1910.00   3.6003205e-17   2.1688676e-17
      1915.00   4.6938867e-17   2.2489990e-17
      1920.00   1.9584505e-17   2.0840870e-17
      1925.00  -8.2288460e-19   1.9410144e-17
      1930.00   2.7382987e-17   2.0247242e-17
      1935.00   6.7753808e-17   2.1472380e-17
      1940.00   7.0017510e-17   2.0408872e-17
      1945.00   6.8658916e-17   1.9382119e-17
      1950.00   8.8906405e-17   2.0183351e-17
      1955.00   1.0189954e-16   2.0884496e-17
      1960.00   1.0551862e-16   1.9796707e-17
      1965.00   1.0566860e-16   1.9607825e-17
      1970.00   1.0256824e-16   1.9285013e-17
      1975.00   9.4173295e-17   1.8851777e-17
      1980.00   9.2631510e-17   1.9035317e-17
      1985.00   1.0060245e-16   1.8523795e-17
      1990.00   1.0386558e-16   1.7841106e-17
      1995.00   7.3884302e-17   1.7406744e-17
      2000.00   7.6997088e-17   1.7896182e-17
      2005.00   1.0710850e-16   1.7467533e-17
      2010.00   8.0998783e-17   1.6188543e-17
      2015.00   7.1712086e-17   1.6461490e-17
      2020.00   8.2052187e-17   1.7026370e-17
      2025.00   8.1555270e-17   1.6035794e-17
      2030.00   7.8044875e-17   1.5195447e-17
      2035.00   6.0359654e-17   1.5275318e-17
      2040.00   4.0618558e-17   1.5414531e-17
      2045.00   6.4102223e-17   1.5008630e-17
      2050.00   6.6451660e-17   1.4792727e-17
      2055.00   3.0463087e-17   1.3955594e-17
      2060.00   3.6990098e-17   1.3843253e-17
      2065.00   6.6606449e-17   1.4729139e-17
      2070.00   4.1102641e-17   1.3560010e-17
      2075.00   2.7868291e-17   1.2593688e-17
      2080.00   2.4947058e-17   1.2810205e-17
      2085.00   1.8337894e-17   1.3049830e-17
      2090.00   6.4598935e-18   1.2194248e-17
      2095.00   5.1308121e-19   1.1457693e-17
      2100.00   2.3042560e-17   1.2082953e-17
      2105.00   3.3174532e-17   1.2580238e-17
      2110.00   3.1806653e-17   1.1911894e-17
      2115.00   2.2935234e-17   1.1605681e-17
      2120.00   2.7204316e-17   1.1489366e-17
      2125.00   1.2531616e-17   1.1049040e-17
      2130.00  -8.0189271e-18   1.0775511e-17
      2135.00   1.2334787e-17   1.0873576e-17
      2140.00   2.1350339e-17   1.0660342e-17
      2145.00   2.6495417e-17   1.0840618e-17
      2150.00   2.4988312e-17   1.1128682e-17
      2155.00   1.1959378e-18   1.0162796e-17
      2160.00   2.0758935e-18   9.6740088e-18
      2165.00   2.2829495e-17   1.0273264e-17
      2170.00   3.4418353e-17   1.0720421e-17
      2175.00   2.6444913e-17   1.0053628e-17
      2180.00   3.1378114e-18   9.2242823e-18
      2185.00   6.7898368e-18   9.4851320e-18
      2190.00   2.0768067e-17   1.0057342e-17
      2195.00   1.6205860e-17   9.4982106e-18
      2200.00   4.0505922e-18   9.1901263e-18
      2205.00   4.3521843e-18   9.1107277e-18
      2210.00   1.6074988e-17   9.2137208e-18
      2215.00   2.0513767e-17   9.5681694e-18
      2220.00   2.0297677e-17   9.1290680e-18
      2225.00   7.0929149e-18   8.4640942e-18
      2230.00   4.5559119e-18   8.6095737e-18
      2235.00   1.8388424e-17   9.1212710e-18
      2240.00   2.6354469e-17   8.8981895e-18
      2245.00   3.4540528e-17   8.6245350e-18
      2250.00   5.0278873e-17   9.1178944e-18
      2255.00   3.9450318e-17   9.3289851e-18
      2260.00   2.1259539e-17   8.5860512e-18
      2265.00   2.0078362e-17   8.5019336e-18
      2270.00   2.1325323e-17   8.4455058e-18
      2275.00   2.0669750e-17   8.3706468e-18
      2280.00   2.0526806e-17   8.6606952e-18
      2285.00   4.3305757e-17   8.6701804e-18
      2290.00   6.1740278e-17   8.5917952e-18
      2295.00   7.0355523e-17   9.0313110e-18
      2300.00   8.3354057e-17   9.5627058e-18
      2305.00   7.4655042e-17   8.9638287e-18
      2310.00   8.0686962e-17   8.6749227e-18
      2315.00   8.0881396e-17   8.9561657e-18
      2320.00   7.5392642e-17   9.2261715e-18
      2325.00   9.3565622e-17   9.1093339e-18
      2330.00   9.3144673e-17   9.0405291e-18
      2335.00   9.5080017e-17   9.0070721e-18
      2340.00   9.6004494e-17   8.9694114e-18
      2345.00   7.9334734e-17   9.0787704e-18
      2350.00   7.7805085e-17   8.7360141e-18
      2355.00   7.4671864e-17   8.3190472e-18
      2360.00   8.8958060e-17   8.7756054e-18
      2365.00   9.0454059e-17   9.1432161e-18
      2370.00   7.5587579e-17   8.5274570e-18
      2375.00   8.3928531e-17   8.2609734e-18
      2380.00   8.1026100e-17   8.4703799e-18
      2385.00   6.3874860e-17   8.5059032e-18
      2390.00   5.6727279e-17   8.0476377e-18
      2395.00   5.9000126e-17   8.0546174e-18
      2400.00   5.9507770e-17   7.8387539e-18
      2405.00   6.2457622e-17   8.0008342e-18
      2410.00   6.1841313e-17   8.2992768e-18
      2415.00   6.9937360e-17   8.0684281e-18
      2420.00   8.0755770e-17   7.9036098e-18
      2425.00   7.1476293e-17   8.0403742e-18
      2430.00   7.2498959e-17   8.3460654e-18
      2435.00   7.8553941e-17   8.0948333e-18
      2440.00   8.6129718e-17   8.1951670e-18
      2445.00   9.1202850e-17   8.1673506e-18
      2450.00   7.8975354e-17   7.9787468e-18
      2455.00   8.7271102e-17   8.2483382e-18
      2460.00   1.2073347e-16   8.5436334e-18
      2465.00   1.5153202e-16   8.7777065e-18
      2470.00   1.5880201e-16   9.0342913e-18
      2475.00   1.6704314e-16   9.5326155e-18
      2480.00   1.7105124e-16   9.1503786e-18
      2485.00   1.6561119e-16   8.7202009e-18
      2490.00   1.7600472e-16   9.1942531e-18
      2495.00   1.8495499e-16   9.6963261e-18
      2500.00   1.8761003e-16   9.3184336e-18
      2505.00   1.9446550e-16   9.3901849e-18
      2510.00   1.9584009e-16   9.3942480e-18
      2515.00   2.0336504e-16   9.4627146e-18
      2520.00   2.0938035e-16   9.8991384e-18
      2525.00   2.1736013e-16   9.6343959e-18
      2530.00   2.0893506e-16   9.1471377e-18
      2535.00   1.8945309e-16   9.2156266e-18
      2540.00   1.7549443e-16   9.4528257e-18
      2545.00   1.7096946e-16   9.0098282e-18
      2550.00   1.6980771e-16   8.6242984e-18
      2555.00   1.6087181e-16   8.8156542e-18
      2560.00   1.5415257e-16   9.1127337e-18
      2565.00   1.5021235e-16   8.8949527e-18
      2570.00   1.4625067e-16   8.6443815e-18
      2575.00   1.4972405e-16   8.4989185e-18
      2580.00   1.4284659e-16   8.5414232e-18
      2585.00   1.2270651e-16   8.6203701e-18
      2590.00   1.2323639e-16   8.3081706e-18
      2595.00   1.1202028e-16   7.8371128e-18
      2600.00   1.1014811e-16   8.0654717e-18
      2605.00   1.3789379e-16   8.7764177e-18
      2610.00   1.6137590e-16   8.7598038e-18
      2615.00   1.6700589e-16   8.8289065e-18
      2620.00   1.9513896e-16   9.1825833e-18
      2625.00   2.4742571e-16   9.8108592e-18
      2630.00   2.8923147e-16   1.0725015e-17
      2635.00   3.1881018e-16   1.0643812e-17
      2640.00   3.4253284e-16   1.0472244e-17
      2645.00   3.6857911e-16   1.1110165e-17
      2650.00   3.7525058e-16   1.1664247e-17
      2655.00   3.9659414e-16   1.1407933e-17
      2660.00   4.3837968e-16   1.1405247e-17
      2665.00   4.4789143e-16   1.1930441e-17
      2670.00   4.5072810e-16   1.2446889e-17
      2675.00   4.7788794e-16   1.2513124e-17
      2680.00   5.0570075e-16   1.2511295e-17
      2685.00   5.5674396e-16   1.2702635e-17
      2690.00   6.2469702e-16   1.3589988e-17
      2695.00   6.7860060e-16   1.4611252e-17
      2700.00   7.1059320e-16   1.4289567e-17
      2705.00   7.6233415e-16   1.4168163e-17
      2710.00   8.2288748e-16   1.5146251e-17
      2715.00   9.0759506e-16   1.6441851e-17
      2720.00   9.6431842e-16   1.6270664e-17
      2725.00   9.9736954e-16   1.6609747e-17
      2730.00   1.0340850e-15   1.6836929e-17
      2735.00   1.0625914e-15   1.7023751e-17
      2740.00   1.0867822e-15   1.7936551e-17
      2745.00   1.1044428e-15   1.7374863e-17
      2750.00   1.1056766e-15   1.6778816e-17
      2755.00   1.1118724e-15   1.7485564e-17
      2760.00   1.1279618e-15   1.8427637e-17
      2765.00   1.1353901e-15   1.7832500e-17
      2770.00   1.2150420e-15   1.8389846e-17
      2775.00   1.2875619e-15   1.8894804e-17
      2780.00   1.2720689e-15   1.8824252e-17
      2785.00   1.3061859e-15   1.9863300e-17
      2790.00   1.3254155e-15   1.9339006e-17
      2795.00   1.2531359e-15   1.8298736e-17
      2800.00   1.1927918e-15   1.8644002e-17
      2805.00   1.3775427e-15   2.0774358e-17
      2810.00   1.4093221e-15   2.0183687e-17
      2815.00   1.3696804e-15   1.9921249e-17
      2820.00   1.6190704e-15   2.1465504e-17
      2825.00   1.9240726e-15   2.3303398e-17
      2830.00   2.3543869e-15   2.6782968e-17
      2835.00   2.5464004e-15   2.6693697e-17
      2840.00   2.7545757e-15   2.6708889e-17
      2845.00   2.9782957e-15   2.8964679e-17
      2850.00   3.1021665e-15   3.0898746e-17
      2855.00   3.4205939e-15   3.1174833e-17
      2860.00   3.8391989e-15   3.1850570e-17
      2865.00   3.9053462e-15   3.3346833e-17
      2870.00   4.0662964e-15   3.5647785e-17
      2875.00   4.4362487e-15   3.6666859e-17
      2880.00   4.8327600e-15   3.7459675e-17
      2885.00   5.1256022e-15   3.7915024e-17
      2890.00   5.2660724e-15   3.9381113e-17
      2895.00   5.4423163e-15   4.1854333e-17
      2900.00   5.7410237e-15   4.1665898e-17
      2905.00   6.0279782e-15   4.1376249e-17
      2910.00   6.0662475e-15   4.3183152e-17
      2915.00   6.1238394e-15   4.5473133e-17
      2920.00   6.1299774e-15   4.4829771e-17
      2925.00   5.9565026e-15   4.3399669e-17
      2930.00   5.7775414e-15   4.2103884e-17
      2935.00   5.6557063e-15   4.2898523e-17
      2940.00   5.5219056e-15   4.4618973e-17
      2945.00   5.5653207e-15   4.2864235e-17
      2950.00   5.5546506e-15   4.1627140e-17
      2955.00   5.4688881e-15   4.3246518e-17
      2960.00   5.5350694e-15   4.5717882e-17
      2965.00   5.6486048e-15   4.3668807e-17
      2970.00   5.6872985e-15   4.1102535e-17
      2975.00   5.7317309e-15   4.1673376e-17
      2980.00   5.8637406e-15   4.2872844e-17
      2985.00   6.0120345e-15   4.3786415e-17
      2990.00   6.1515624e-15   4.2282660e-17
      2995.00   6.1786700e-15   4.1028638e-17
      3000.00   6.0787565e-15   4.4179611e-17
      3005.00   5.8959113e-15   4.5919105e-17
      3010.00   5.9051630e-15   4.3071235e-17
      3015.00   5.7233732e-15   4.2689779e-17
      3020.00   5.4612191e-15   4.1260328e-17
      3025.00   5.4132232e-15   4.0081182e-17
      3030.00   5.3460633e-15   4.3179328e-17
      3035.00   5.4000396e-15   4.3334265e-17
      3040.00   5.5456560e-15   4.1426972e-17
      3045.00   5.7887214e-15   4.2927047e-17
      3050.00   5.9947092e-15   4.4424301e-17
      3055.00   6.1459512e-15   4.7089956e-17
      3060.00   6.3997528e-15   4.7163092e-17
      3065.00   6.6459319e-15   4.5893919e-17
      3070.00   7.0124812e-15   4.7353870e-17
      3075.00   7.2583498e-15   4.8699726e-17
      3080.00   7.5732165e-15   4.9370258e-17
      3085.00   7.8252876e-15   5.2425116e-17
      3090.00   7.9874182e-15   5.5729070e-17
      3095.00   8.2454177e-15   5.4371994e-17
      3100.00   8.5958267e-15   5.5647656e-17
      3105.00   9.1243914e-15   5.4601028e-17
      3110.00   9.4365493e-15   5.7479914e-17
      3115.00   9.6301717e-15   6.2569338e-17
      3120.00   9.8223728e-15   6.1990232e-17
      3125.00   9.9543922e-15   6.1931304e-17
      3130.00   1.0149508e-14   6.1588546e-17
      3135.00   1.0324629e-14   6.2761350e-17
      3140.00   1.0380077e-14   6.9842803e-17
      3145.00   1.0401139e-14   7.0962309e-17
      3150.00   1.0237997e-14   6.3860242e-17
      3155.00   9.6487124e-15   6.0804551e-17
#      3160.00   1.8071622e-15   2.7626995e-17
#      3165.00   1.5684611e-15   2.8113083e-17
      3170.00   9.3953115e-15   8.3083391e-17
      3175.00   8.8808406e-15   8.5246038e-17
      3180.00   8.7128045e-15   7.2971306e-17
      3185.00   8.6380640e-15   7.2200890e-17
      3190.00   8.4311517e-15   7.1578532e-17
      3195.00   8.3102623e-15   7.5897123e-17
      3200.00   8.3449593e-15   6.7058890e-17
      3205.00   8.0777229e-15   6.1729802e-17
      3210.00   7.7530679e-15   6.6848826e-17
      3215.00   7.5405880e-15   6.5466879e-17
      3220.00   7.4292709e-15   6.1377364e-17
      3225.00   7.3136518e-15   6.8957356e-17
      3230.00   6.8569439e-15   6.9131719e-17
      3235.00   6.7328053e-15   6.0112327e-17
      3240.00   6.7306246e-15   5.6435006e-17
      3245.00   6.6940510e-15   5.1018753e-17
      3250.00   6.5497352e-15   5.6033493e-17
      3255.00   6.5830329e-15   5.7448699e-17
      3260.00   6.6304397e-15   4.9081202e-17
      3265.00   6.4950652e-15   5.1275960e-17
      3270.00   6.3619480e-15   5.7957925e-17
      3275.00   6.4889953e-15   5.2799607e-17
      3280.00   6.6153133e-15   5.5151721e-17
      3285.00   6.7974021e-15   5.4441001e-17
      3290.00   6.7567822e-15   4.8442853e-17
      3295.00   6.6757127e-15   5.2199673e-17
      3300.00   6.8807138e-15   5.3213287e-17
      3305.00   7.1002092e-15   5.8674257e-17
      3310.00   7.1960955e-15   5.9738785e-17
      3315.00   7.2011853e-15   5.5050021e-17
      3320.00   7.4071058e-15   5.7686848e-17
      3325.00   7.7186928e-15   5.5744059e-17
      3330.00   7.9515853e-15   5.3994727e-17
      3335.00   8.0269501e-15   6.4312320e-17
      3340.00   8.1509879e-15   6.8268262e-17
      3345.00   8.4790090e-15   6.1264788e-17
      3350.00   8.8357234e-15   6.2480241e-17
      3355.00   9.1504935e-15   6.1524126e-17
      3360.00   9.5968647e-15   6.2278925e-17
      3365.00   9.9592702e-15   7.3138370e-17
      3370.00   1.0196796e-14   6.9283239e-17
      3375.00   1.0092921e-14   6.0689672e-17
      3380.00   9.9934353e-15   6.0391060e-17
      3385.00   9.9784352e-15   5.9036800e-17
      3390.00   9.9610914e-15   7.1271708e-17
      3395.00   1.0286659e-14   6.7262397e-17
      3400.00   1.0371963e-14   5.7238198e-17
      3405.00   1.0451785e-14   5.6089900e-17
      3410.00   1.0589930e-14   5.4807045e-17
      3415.00   1.0807003e-14   5.9994516e-17
      3420.00   1.1062393e-14   7.3942668e-17
      3425.00   1.1363219e-14   6.9566842e-17
      3430.00   1.1594447e-14   6.0141556e-17
      3435.00   1.1954000e-14   6.0877945e-17
      3440.00   1.2358888e-14   5.8576451e-17
      3445.00   1.2613123e-14   6.6069079e-17
      3450.00   1.3025091e-14   6.6981843e-17
      3455.00   1.3377082e-14   5.7812871e-17
      3460.00   1.3801373e-14   6.0079259e-17
      3465.00   1.4628710e-14   6.1992204e-17
      3470.00   1.5526119e-14   6.1922456e-17
      3475.00   1.6109482e-14   7.6334225e-17
      3480.00   1.6780256e-14   8.6417306e-17
      3485.00   1.6894326e-14   7.0970561e-17
      3490.00   1.7220353e-14   6.6043933e-17
      3495.00   1.7694229e-14   6.4641941e-17
      3500.00   1.8051748e-14   7.4883523e-17
      3505.00   1.8472466e-14   7.5679052e-17
      3510.00   1.8704642e-14   6.8274568e-17
      3515.00   1.9230428e-14   6.8882916e-17
      3520.00   1.9809002e-14   6.7497409e-17
      3525.00   2.0654434e-14   6.8907579e-17
      3530.00   2.1293683e-14   8.0350922e-17
      3535.00   2.1771471e-14   8.1507770e-17
      3540.00   2.2105703e-14   7.0950206e-17
      3545.00   2.2267275e-14   7.0585466e-17
      3550.00   2.2376357e-14   7.0993226e-17
      3555.00   2.2531988e-14   8.3127105e-17
      3560.00   2.2791058e-14   8.7844993e-17
      3565.00   2.3044448e-14   7.4691498e-17
      3570.00   2.3298492e-14   7.2419424e-17
      3575.00   2.3694456e-14   7.5361871e-17
      3580.00   2.3725022e-14   7.4614788e-17
      3585.00   2.3394325e-14   8.2503927e-17
      3590.00   2.3341829e-14   8.6564643e-17
      3595.00   2.3240837e-14   7.6352675e-17
      3600.00   2.3024009e-14   7.3467072e-17
      3605.00   2.2926824e-14   7.1312465e-17
      3610.00   2.2610455e-14   8.5545980e-17
      3615.00   2.1680765e-14   8.4082889e-17
      3620.00   2.1118912e-14   7.1197467e-17
      3625.00   1.9998206e-14   7.1324588e-17
      3630.00   1.8902009e-14   6.6165284e-17
      3635.00   1.7687613e-14   6.3655313e-17
      3640.00   1.6571100e-14   7.5437734e-17
      3645.00   1.5081644e-14   7.1557813e-17
      3650.00   1.4226237e-14   5.7071637e-17
      3655.00   1.3016409e-14   5.4482890e-17
      3660.00   1.1601163e-14   5.2831556e-17
      3665.00   1.0655427e-14   5.6997793e-17
      3670.00   9.7109922e-15   5.8477064e-17
      3675.00   8.7656983e-15   4.8396124e-17
      3680.00   7.9795942e-15   4.2502982e-17
      3685.00   7.3546143e-15   4.1092854e-17
      3690.00   6.7574988e-15   4.1839824e-17
      3695.00   6.3874903e-15   4.6495826e-17
      3700.00   6.1043276e-15   4.9024113e-17
      3705.00   5.8770492e-15   3.9265152e-17
      3710.00   5.6820308e-15   3.3670642e-17
      3715.00   5.5973932e-15   3.3220374e-17
      3720.00   5.5335121e-15   3.5716782e-17
      3725.00   5.4041109e-15   4.4103401e-17
      3730.00   5.6243284e-15   4.0722284e-17
      3735.00   5.6417167e-15   3.5635619e-17
      3740.00   5.6517418e-15   3.6231242e-17
      3745.00   5.7817232e-15   3.6505601e-17
      3750.00   5.9387572e-15   4.4362014e-17
      3755.00   6.3352161e-15   4.6866363e-17
      3760.00   6.7092828e-15   4.1560264e-17
      3765.00   7.3347632e-15   4.0873019e-17
      3770.00   7.9878400e-15   4.0530302e-17
      3775.00   8.6997187e-15   4.3638989e-17
      3780.00   9.3090581e-15   5.4106608e-17
      3785.00   9.8109895e-15   5.5154577e-17
      3790.00   1.0238550e-14   4.8758174e-17
      3795.00   1.0827826e-14   4.9314486e-17
      3800.00   1.1317951e-14   4.9811986e-17
      3805.00   1.1696663e-14   5.5530481e-17
      3810.00   1.2022446e-14   5.6110010e-17
      3815.00   1.2219230e-14   5.2678934e-17
      3820.00   1.2606181e-14   5.3601065e-17
      3825.00   1.2893519e-14   5.2605067e-17
      3830.00   1.3356398e-14   5.2947467e-17
      3835.00   1.3799065e-14   6.1766317e-17
      3840.00   1.4272548e-14   6.2321938e-17
      3845.00   1.4801365e-14   5.4894313e-17
      3850.00   1.5584788e-14   5.6003211e-17
      3855.00   1.6501071e-14   5.7281510e-17
      3860.00   1.7243102e-14   6.7393197e-17
      3865.00   1.8044090e-14   6.8293944e-17
      3870.00   1.8792868e-14   6.1599187e-17
      3875.00   2.0325218e-14   6.4504391e-17
      3880.00   2.1881590e-14   6.4834840e-17
      3885.00   2.3360096e-14   6.5985944e-17
      3890.00   2.4507914e-14   7.7551068e-17
      3895.00   2.5563903e-14   7.8705011e-17
      3900.00   2.6190587e-14   6.8862362e-17
      3905.00   2.6854702e-14   6.9387510e-17
      3910.00   2.7480192e-14   7.0025709e-17
      3915.00   2.7858724e-14   8.1036615e-17
      3920.00   2.7820821e-14   8.0262500e-17
      3925.00   2.7959534e-14   6.9455709e-17
      3930.00   2.8402356e-14   6.9306486e-17
      3935.00   2.8333244e-14   6.8925943e-17
      3940.00   2.8379295e-14   6.9182918e-17
      3945.00   2.8957590e-14   8.0503791e-17
      3950.00   2.9294800e-14   8.0295898e-17
      3955.00   2.9288441e-14   6.9373593e-17
      3960.00   2.9375631e-14   6.9262235e-17
      3965.00   3.0045085e-14   6.9706126e-17
      3970.00   3.0239788e-14   8.0311369e-17
      3975.00   2.9670941e-14   7.9216798e-17
      3980.00   2.9397874e-14   6.8548921e-17
      3985.00   2.8797087e-14   6.7547569e-17
      3990.00   2.7878965e-14   6.6084597e-17
      3995.00   2.6939827e-14   6.4863692e-17
      4000.00   2.6580968e-14   7.4139636e-17
      4005.00   2.6123099e-14   7.3182144e-17
      4010.00   2.5672019e-14   6.2872007e-17
      4015.00   2.5253483e-14   6.2202050e-17
      4020.00   2.4924581e-14   6.1414164e-17
      4025.00   2.4736284e-14   7.0985781e-17
      4030.00   2.4613412e-14   7.0556753e-17
      4035.00   2.4660128e-14   6.0524190e-17
      4040.00   2.5053178e-14   6.0803228e-17
      4045.00   2.5637495e-14   6.1844132e-17
      4050.00   2.6156347e-14   6.2555454e-17
      4055.00   2.6515550e-14   7.2071340e-17
      4060.00   2.7208821e-14   7.2669756e-17
      4065.00   2.7683989e-14   6.3310339e-17
      4070.00   2.8342912e-14   6.3864478e-17
      4075.00   2.8877379e-14   6.4464561e-17
      4080.00   2.9227319e-14   7.4752980e-17
      4085.00   2.9784867e-14   7.5712993e-17
      4090.00   3.0189040e-14   6.5966807e-17
      4095.00   3.0588586e-14   6.6214114e-17
      4100.00   3.0791328e-14   6.6418957e-17
      4105.00   3.1037649e-14   6.6559650e-17
      4110.00   3.1048826e-14   7.6760726e-17
      4115.00   3.0762244e-14   7.6525774e-17
      4120.00   3.0743112e-14   6.4132775e-17
      4125.00   3.0490645e-14   6.3710688e-17
      4130.00   3.0225354e-14   6.1167763e-17
      4135.00   3.0128870e-14   6.9095773e-17
      4140.00   2.9567538e-14   7.4284227e-17
      4145.00   2.8962286e-14   6.3488713e-17
      4150.00   2.8283777e-14   6.0629493e-17
      4155.00   2.7818456e-14   6.0070796e-17
      4160.00   2.7252494e-14   6.1390328e-17
      4165.00   2.7061200e-14   6.7231917e-17
      4170.00   2.6865481e-14   6.6893613e-17
      4175.00   2.6731975e-14   5.6546742e-17
      4180.00   2.6441951e-14   5.4442053e-17
      4185.00   2.6111944e-14   5.4011337e-17
      4190.00   2.5995148e-14   5.2183837e-17
      4195.00   2.5816231e-14   5.9797681e-17
      4200.00   2.5467176e-14   6.1711757e-17
      4205.00   2.5177245e-14   5.4278483e-17
      4210.00   2.4865648e-14   5.2639164e-17
      4215.00   2.4494797e-14   5.0524129e-17
      4220.00   2.3931186e-14   5.7015171e-17
      4225.00   2.3154845e-14   5.5997613e-17
      4230.00   2.2817616e-14   4.8069351e-17
      4235.00   2.2195025e-14   4.7455623e-17
      4240.00   2.1547946e-14   4.6816355e-17
      4245.00   2.0927750e-14   4.5974179e-17
      4250.00   2.0495761e-14   5.2415286e-17
      4255.00   2.0004630e-14   5.1155595e-17
      4260.00   1.9761711e-14   4.4316125e-17
      4265.00   1.9264822e-14   4.4010872e-17
      4270.00   1.8608884e-14   4.2922835e-17
      4275.00   1.8148235e-14   4.8811849e-17
      4280.00   1.7663996e-14   4.7571759e-17
      4285.00   1.7353427e-14   4.1010334e-17
      4290.00   1.6764217e-14   4.0559173e-17
      4295.00   1.6309584e-14   3.9778785e-17
      4300.00   1.5954794e-14   4.0478487e-17
      4305.00   1.5529197e-14   4.6664408e-17
      4310.00   1.4978009e-14   4.3768912e-17
      4315.00   1.4647559e-14   3.9212742e-17
      4320.00   1.4269056e-14   3.8700836e-17
      4325.00   1.4202661e-14   3.6511253e-17
      4330.00   1.4223101e-14   4.3866397e-17
      4335.00   1.4611820e-14   4.6801548e-17
      4340.00   1.4990784e-14   3.8742556e-17
      4345.00   1.5381454e-14   3.7514633e-17
      4350.00   1.5804639e-14   3.7857684e-17
      4355.00   1.6142600e-14   4.1132747e-17
      4360.00   1.6470717e-14   4.9004410e-17
      4365.00   1.6583570e-14   4.9015467e-17
      4370.00   1.6727432e-14   4.4425651e-17
      4375.00   1.7168535e-14   4.5223202e-17
      4380.00   1.7621247e-14   4.5963078e-17
      4385.00   1.7962503e-14   5.3401831e-17
      4390.00   1.8340274e-14   5.4165338e-17
      4395.00   1.8608845e-14   4.6924659e-17
      4400.00   1.8940692e-14   4.5291325e-17
      4405.00   1.9208510e-14   4.5833638e-17
      4410.00   1.9601589e-14   4.8071108e-17
      4415.00   1.9822492e-14   5.5271348e-17
      4420.00   1.9904944e-14   5.5356796e-17
      4425.00   1.9715898e-14   4.8037846e-17
      4430.00   1.9319229e-14   4.7331645e-17
      4435.00   1.8947380e-14   4.6521369e-17
      4440.00   1.8692071e-14   5.3698703e-17
      4445.00   1.8383195e-14   5.3206765e-17
      4450.00   1.8144730e-14   4.5496112e-17
      4455.00   1.8055370e-14   4.5554170e-17
      4460.00   1.8077794e-14   4.5649961e-17
      4465.00   1.8212975e-14   4.5528964e-17
      4470.00   1.8426389e-14   5.2792582e-17
      4475.00   1.8723729e-14   5.3130456e-17
      4480.00   1.9504545e-14   4.4912182e-17
      4485.00   2.0249051e-14   4.5793050e-17
      4490.00   2.0757252e-14   4.8391174e-17
      4495.00   2.1533519e-14   4.6961058e-17
      4500.00   2.1959333e-14   5.3888375e-17
      4505.00   2.2388051e-14   5.7911841e-17
      4510.00   2.2537658e-14   5.0106879e-17
      4515.00   2.2726470e-14   5.0126705e-17
      4520.00   2.3059293e-14   5.0435267e-17
      4525.00   2.3247964e-14   5.8727236e-17
      4530.00   2.3474337e-14   5.9145730e-17
      4535.00   2.3645125e-14   5.1182611e-17
      4540.00   2.3812222e-14   5.1395167e-17
      4545.00   2.4016459e-14   5.1794225e-17
      4550.00   2.4053088e-14   5.1690374e-17
      4555.00   2.3936738e-14   5.9182834e-17
      4560.00   2.3701664e-14   5.8894724e-17
      4565.00   2.3327909e-14   5.0639736e-17
      4570.00   2.2873146e-14   5.0326774e-17
      4575.00   2.2703958e-14   5.0124081e-17
      4580.00   2.2460209e-14   5.7482720e-17
      4585.00   2.2231240e-14   5.7232216e-17
      4590.00   2.2244239e-14   4.9589064e-17
      4595.00   2.2129092e-14   4.9412686e-17
      4600.00   2.2193015e-14   4.9445270e-17
      4605.00   2.2269592e-14   4.9474301e-17
      4610.00   2.2275798e-14   5.7125457e-17
      4615.00   2.2236277e-14   5.7177093e-17
      4620.00   2.2157072e-14   4.9421021e-17
      4625.00   2.2120362e-14   4.9458303e-17
      4630.00   2.2194682e-14   4.9445952e-17
      4635.00   2.2135724e-14   5.7046571e-17
      4640.00   2.1835097e-14   5.8935811e-17
      4645.00   2.1309894e-14   4.9942257e-17
      4650.00   2.0782006e-14   4.8026616e-17
      4655.00   2.0389157e-14   4.7693593e-17
      4660.00   1.9701100e-14   4.7423274e-17
      4665.00   1.9165166e-14   5.3968939e-17
      4670.00   1.8606569e-14   5.2402468e-17
      4675.00   1.8100823e-14   4.4717751e-17
      4680.00   1.7511251e-14   4.3921017e-17
      4685.00   1.7024242e-14   4.3501898e-17
      4690.00   1.6741130e-14   4.3256854e-17
      4695.00   1.6606443e-14   4.9872916e-17
      4700.00   1.6532736e-14   4.9627988e-17
      4705.00   1.6464416e-14   4.2763871e-17
      4710.00   1.6462678e-14   4.2813320e-17
      4715.00   1.6578132e-14   4.2857207e-17
      4720.00   1.6579360e-14   4.9441624e-17
      4725.00   1.6372053e-14   4.9514274e-17
      4730.00   1.6289177e-14   4.2752069e-17
      4735.00   1.6181468e-14   4.2450019e-17
      4740.00   1.5969182e-14   4.2182006e-17
      4745.00   1.5783600e-14   4.1995367e-17
      4750.00   1.5674899e-14   4.7987543e-17
      4755.00   1.5324129e-14   4.7402760e-17
      4760.00   1.4900606e-14   4.0902209e-17
      4765.00   1.4539481e-14   4.0674529e-17
      4770.00   1.4479518e-14   4.0425951e-17
      4775.00   1.4344854e-14   4.6352826e-17
      4780.00   1.3904498e-14   4.5576437e-17
      4785.00   1.3803273e-14   3.9149767e-17
      4790.00   1.3722830e-14   3.9005331e-17
      4795.00   1.3811207e-14   3.9097903e-17
      4800.00   1.4129116e-14   3.9491032e-17
      4805.00   1.4449821e-14   4.6291135e-17
      4810.00   1.4816560e-14   4.7398333e-17
      4815.00   1.4943076e-14   4.0918633e-17
      4820.00   1.5206854e-14   4.1012406e-17
      4825.00   1.5391000e-14   4.1195739e-17
      4830.00   1.5263612e-14   4.0918468e-17
      4835.00   1.5001513e-14   4.6789425e-17
      4840.00   1.4867759e-14   4.6053380e-17
      4845.00   1.4638093e-14   3.9748510e-17
      4850.00   1.4118146e-14   3.9376087e-17
      4855.00   1.3661111e-14   3.8674115e-17
      4860.00   1.3251514e-14   4.4289027e-17
      4865.00   1.2560861e-14   4.3158989e-17
      4870.00   1.2300745e-14   3.6811178e-17
      4875.00   1.1913339e-14   3.6238323e-17
      4880.00   1.1431486e-14   3.5338281e-17
      4885.00   1.1159978e-14   3.4856461e-17
      4890.00   1.1030968e-14   3.9961529e-17
      4895.00   1.0814951e-14   3.9604250e-17
      4900.00   1.0847389e-14   3.4787994e-17
      4905.00   1.1092406e-14   3.5188124e-17
      4910.00   1.1151474e-14   3.4696223e-17
      4915.00   1.1165692e-14   4.0064655e-17
      4920.00   1.1835021e-14   4.0980936e-17
      4925.00   1.1928592e-14   3.5528757e-17
      4930.00   1.1852125e-14   3.5779529e-17
      4935.00   1.2043352e-14   3.6886071e-17
      4940.00   1.2117039e-14   3.6761544e-17
      4945.00   1.2069640e-14   4.1265678e-17
      4950.00   1.2311360e-14   4.1721640e-17
      4955.00   1.2401575e-14   3.6258658e-17
      4960.00   1.2470167e-14   3.6245642e-17
      4965.00   1.2553607e-14   3.6605809e-17
      4970.00   1.2549396e-14   3.6522201e-17
      4975.00   1.2571427e-14   4.1796500e-17
      4980.00   1.2657934e-14   4.2041524e-17
      4985.00   1.2532534e-14   3.6240841e-17
      4990.00   1.2413524e-14   3.6062100e-17
      4995.00   1.2382131e-14   3.5967345e-17
      5000.00   1.2375777e-14   4.1450626e-17
      5005.00   1.2496710e-14   4.0673334e-17
      5010.00   1.2450450e-14   3.5336779e-17
      5015.00   1.2477802e-14   3.6118997e-17
      5020.00   1.2668748e-14   3.6354284e-17
      5025.00   1.2724714e-14   3.6532081e-17
      5030.00   1.2731275e-14   4.2536135e-17
      5035.00   1.3007854e-14   4.2603289e-17
      5040.00   1.3149751e-14   3.6802556e-17
      5045.00   1.3377411e-14   3.7117546e-17
      5050.00   1.3611238e-14   3.7465667e-17
      5055.00   1.3777305e-14   3.6833390e-17
      5060.00   1.3892731e-14   4.2364651e-17
      5065.00   1.3979220e-14   4.4131164e-17
      5070.00   1.4194334e-14   3.7641026e-17
      5075.00   1.4485544e-14   3.7686997e-17
      5080.00   1.4797496e-14   3.8833956e-17
      5085.00   1.5078689e-14   4.5644051e-17
      5090.00   1.5435090e-14   4.6084733e-17
      5095.00   1.5631976e-14   3.9805185e-17
      5100.00   1.5992778e-14   4.0579069e-17
      5105.00   1.6296501e-14   4.0014184e-17
      5110.00   1.6460257e-14   3.9935453e-17
      5115.00   1.6717535e-14   4.6917545e-17
      5120.00   1.7024593e-14   4.6343102e-17
      5125.00   1.7196478e-14   4.1013554e-17
      5130.00   1.7527055e-14   4.2100198e-17
      5135.00   1.7712630e-14   4.2270074e-17
      5140.00   1.7742181e-14   4.2198351e-17
      5145.00   1.7897081e-14   4.7602683e-17
      5150.00   1.7963770e-14   4.7164532e-17
      5155.00   1.7793098e-14   4.1993746e-17
      5160.00   1.7682189e-14   4.1460648e-17
      5165.00   1.7514903e-14   4.1137174e-17
      5170.00   1.7357494e-14   4.6769070e-17
      5175.00   1.7271061e-14   4.5556406e-17
      5180.00   1.7066991e-14   3.9904351e-17
      5185.00   1.6919026e-14   4.6609814e-17
      5190.00   1.6871539e-14   4.5083150e-17
      5195.00   1.6863845e-14   3.7905601e-17
      5200.00   1.6868424e-14   4.3750367e-17
      5205.00   1.6983253e-14   4.5230004e-17
      5210.00   1.7141429e-14   3.9939999e-17
      5215.00   1.7190505e-14   4.0809425e-17
      5220.00   1.7201530e-14   3.9884164e-17
      5225.00   1.7397603e-14   3.9332120e-17
      5230.00   1.7511298e-14   4.7168631e-17
      5235.00   1.7399561e-14   4.8407652e-17
      5240.00   1.7499953e-14   4.0745273e-17
      5245.00   1.7176649e-14   3.8805471e-17
      5250.00   1.6554243e-14   3.7637588e-17
      5255.00   1.6152125e-14   4.2877863e-17
      5260.00   1.5650690e-14   4.2372674e-17
      5265.00   1.5124766e-14   3.6100978e-17
      5270.00   1.4425967e-14   3.5239429e-17
      5275.00   1.3860078e-14   3.4696521e-17
      5280.00   1.3292320e-14   3.3972490e-17
      5285.00   1.2975500e-14   4.0030727e-17
      5290.00   1.2667929e-14   4.1377143e-17
      5295.00   1.2290881e-14   3.3756589e-17
      5300.00   1.1851837e-14   3.2175453e-17
      5305.00   1.1641778e-14   3.1719442e-17
      5310.00   1.1515677e-14   3.1544639e-17
      5315.00   1.1297161e-14   3.6107009e-17
      5320.00   1.1530772e-14   3.9277298e-17
      5325.00   1.1724680e-14   3.4418456e-17
      5330.00   1.1570689e-14   3.2497064e-17
      5335.00   1.1475467e-14   3.1828970e-17
      5340.00   1.1383981e-14   3.1690636e-17
      5345.00   1.1375846e-14   3.6892762e-17
      5350.00   1.1619073e-14   3.7282493e-17
      5355.00   1.1594882e-14   3.2025492e-17
      5360.00   1.1605158e-14   3.2179036e-17
      5365.00   1.1842798e-14   3.3212155e-17
      5370.00   1.1984984e-14   3.8655718e-17
      5375.00   1.2193777e-14   3.8056194e-17
      5380.00   1.2388874e-14   3.3349249e-17
      5385.00   1.2565196e-14   3.3533723e-17
      5390.00   1.2748208e-14   3.3670489e-17
      5395.00   1.2856458e-14   3.4356467e-17
      5400.00   1.2875687e-14   3.9962955e-17
      5405.00   1.2870132e-14   3.8979738e-17
      5410.00   1.2873014e-14   3.3860020e-17
      5415.00   1.2802376e-14   3.3990291e-17
      5420.00   1.2735153e-14   3.3929096e-17
      5425.00   1.2685310e-14   3.4599215e-17
      5430.00   1.2594664e-14   4.0089014e-17
      5435.00   1.2410183e-14   3.8538146e-17
      5440.00   1.2219241e-14   3.3151910e-17
      5445.00   1.2013505e-14   3.3015038e-17
      5450.00   1.1745389e-14   3.2752011e-17
      5455.00   1.1371952e-14   3.2137638e-17
      5460.00   1.1093231e-14   3.6526678e-17
      5465.00   1.0811749e-14   3.6030148e-17
      5470.00   1.0507517e-14   3.1491050e-17
      5475.00   1.0411438e-14   3.2509125e-17
      5480.00   1.0224775e-14   3.1393546e-17
      5485.00   9.9408939e-15   3.4487519e-17
      5490.00   9.8832279e-15   3.4498312e-17
      5495.00   9.8199265e-15   2.9956339e-17
      5500.00   9.8395337e-15   3.0050238e-17
      5505.00   9.9983032e-15   3.0235377e-17
      5510.00   1.0288290e-14   3.1299638e-17
      5515.00   1.0575194e-14   3.6824423e-17
      5520.00   1.0917497e-14   3.6377597e-17
      5525.00   1.1264072e-14   3.2075593e-17
      5530.00   1.1669630e-14   3.3571251e-17
      5535.00   1.2044811e-14   3.4098062e-17
      5540.00   1.2449102e-14   3.3714085e-17
      5545.00   1.2755796e-14   3.9311451e-17
      5550.00   1.3088158e-14   4.0947892e-17
      5555.00   1.3381440e-14   3.7555687e-17
      5560.00   1.3771843e-14   3.7446473e-17
      5565.00   1.4037284e-14   3.6799290e-17
      5570.00   1.4330485e-14   3.8015424e-17
      5575.00   1.4601076e-14   4.3574677e-17
      5580.00   1.4823663e-14   4.2365845e-17
      5585.00   1.4754287e-14   3.7570431e-17
      5590.00   1.4588177e-14   3.8399855e-17
      5595.00   1.4414917e-14   3.8015560e-17
      5600.00   1.4325162e-14   4.4527589e-17