1800	-1.51540209074335
1802	-1.39265508281026
1804	-0.886892959001463
1806	-0.38113083519267
1808	0.0389166599595715
1810	0.313016762139531
1812	0.587116864319491
1814	0.649298416017646
1816	0.609444087747769
1818	0.569589759477892
1820	-5.3350451437624E-4
1822	-0.610568814902369
1824	-1.08570654568189
1826	-0.79641314727216
1828	-0.507119748862435
1830	-0.287933390237191
1832	-0.217725054271048
1834	-0.147516718304905
1836	-0.199997185887242
1838	-0.408627492600017
1840	-0.617257799312792
1842	-0.626858541700282
1844	-0.452740908834238
1846	-0.278623275968194
1848	-0.165454708516837
1850	-0.103169932127461
1852	-0.0408851557380847
1854	-0.0369610457848738
1856	-0.0858390592539777
1858	-0.134717072723082
1860	-0.0447296349832237
1862	0.214982521882914
1864	0.474694678749051
1866	0.656285404556607
1868	0.675625022755477
1870	0.694964640954347
1872	0.690357220707677
1874	0.544545704426326
1876	0.398734188144975
1878	0.252922671863623
1880	0.23484892387191
1882	0.229408195824053
1884	0.223967467776197
1886	0.321377873396151
1888	0.48182563382386
1890	0.642273394251568
1892	0.768735248794607
1894	0.803310037329659
1896	0.83788482586471
1898	0.872459614399762
1900	0.875761179664265
1902	0.873971858795165
1904	0.872182537926066
1906	0.770645772462951
1908	0.5163317040592
1910	0.26201763565545
1912	0.00770356725169896
1914	-0.0277086229131134
1916	-0.0274860918260873
1918	-0.0272635607390612
1920	-0.0142410652024681
1922	0.0342835380471987
1924	0.0828081412968655
1926	0.131332744546532
1928	0.241720225161201
1930	0.392497647734287
1932	0.543275070307373
1934	0.694052492880459
1936	0.663209317875462
1938	0.606419825129411
1940	0.549630332383359
1942	0.496097430893882
1944	0.482729680884277
1946	0.469361930874672
1948	0.455994180865067
1950	0.46315290368865
1952	0.552416783002564
1954	0.641680662316478
1956	0.730944541630392
1958	0.788815709266804
1960	0.757337413434823
1962	0.725859117602842
1964	0.694380821770861
1966	0.66529006311813
1968	0.643971397589317
1970	0.622652732060505
1972	0.601334066531692
1974	0.574322051052456
1976	0.512336406995323
1978	0.45035076293819
1980	0.388365118881056
1982	0.326379474823923
1984	0.3052633986658
1986	0.285850256270276
1988	0.266437113874753
1990	0.247023971479229
1992	0.256585475861599
1994	0.278564773610072
1996	0.300544071358545
1998	0.322523369107018
2000	0.314343366533156
2002	0.251367064619738
2004	0.18839076270632
2006	0.125414460792902
2008	0.0624381588794836
2010	0.0885212185100172
2012	0.122348661886178
2014	0.156176105262338
2016	0.190003548638498
2018	0.208921883379281
2020	0.205476595561315
2022	0.202031307743349
2024	0.198586019925383
2026	0.195140732107417
2028	0.176033298571196
2030	0.152636267982382
2032	0.129239237393568
2034	0.105842206804754
2036	0.104408429795182
2038	0.373847022071341
2040	0.643285614347501
2042	0.91272420662366
2044	1.18216279889982
2046	1.34484318515785
2048	1.211421549227
2050	1.07799991329614
2052	0.944578277365287
2054	0.811156641434433
2056	0.716230253619854
2058	0.691245218048485
2060	0.666260182477115
2062	0.641275146905746
2064	0.616290111334376
2066	0.58653201325509
2068	0.547508578609441
2070	0.508485143963792
2072	0.469461709318143
2074	0.430438274672494
2076	0.393755109226035
2078	0.365369256458111
2080	0.336983403690187
2082	0.308597550922263
2084	0.280211698154339
2086	0.251825845386415
2088	0.250570721569976
2090	0.249728812800172
2092	0.248886904030367
2094	0.248044995260563
2096	0.247203086490759
2098	0.263236706502648
2100	0.288762778844465
2102	0.314288851186283
2104	0.339814923528101
2106	0.365340995869919
2108	0.385835988441839
2110	0.382613069257971
2112	0.379390150074104
2114	0.376167230890237
2116	0.37294431170637
2118	0.369721392522503
2120	0.358747310252294
2122	0.342386856520092
2124	0.32602640278789
2126	0.309665949055689
2128	0.293305495323487
2130	0.276945041591286
2132	0.283335367999668
2134	0.292975778384934
2136	0.302616188770201
2138	0.312256599155467
2140	0.321897009540734
2142	0.331267894095183
2144	0.333207693407148
2146	0.335147492719113
2148	0.337087292031079
2150	0.339027091343044
2152	0.340966890655009
2154	0.342328695336241
2156	0.333759600336833
2158	0.325190505337426
2160	0.316621410338018
2162	0.30805231533861
2164	0.299483220339203
2166	0.290914125339795
2168	0.281945991206836
2170	0.272952387563897
2172	0.263958783920957
2174	0.254965180278018
2176	0.245971576635079
2178	0.23697797299214
2180	0.23614742010526
2182	0.239158341785903
2184	0.242169263466546
2186	0.245180185147189
2188	0.248191106827832
2190	0.251202028508475
2192	0.255750156184547
2194	0.264454424051968
2196	0.273158691919389
2198	0.281862959786809
2200	0.29056722765423
2202	0.299271495521651
2204	0.307975763389072
2206	0.305819494244961
2208	0.299227233760184
2210	0.292634973275406
2212	0.286042712790629
2214	0.279450452305852
2216	0.272858191821075
2218	0.266265931336297
2220	0.252166030022337
2222	0.23799028380674
2224	0.223814537591143
2226	0.209638791375547
2228	0.19546304515995
2230	0.181287298944354
2232	0.168363360232475
2234	0.166109638952745
2236	0.163855917673016
2238	0.161602196393287
2240	0.159348475113557
2242	0.157094753833828
2244	0.154841032554099
2246	0.153489783598874
2248	0.169285082491479
2250	0.185080381384084
2252	0.200875680276689
2254	0.216670979169294
2256	0.232466278061899
2258	0.248261576954504
2260	0.264056875847109
2262	0.268271276939934
2264	0.269943562063172
2266	0.27161584718641
2268	0.273288132309648
2270	0.274960417432886
2272	0.276632702556124
2274	0.278304987679362
2276	0.286068613167419
2278	0.30278130421508
2280	0.31949399526274
2282	0.3362066863104
2284	0.352919377358061
2286	0.369632068405721
2288	0.386344759453382
2290	0.403057450501042
2292	0.401859323581966
2294	0.396183473266875
2296	0.390507622951785
2298	0.384831772636695
2300	0.379155922321604
2302	0.373480072006514
2304	0.367804221691424
2306	0.362128371376333
2308	0.372279961817017
2310	0.382511064954064
2312	0.39274216809111
2314	0.402973271228157
2316	0.413204374365204
2318	0.423435477502251
2320	0.433666580639297
2322	0.443897683776344
2324	0.451262404557805
2326	0.458598170497912
2328	0.465933936438019
2330	0.473269702378127
2332	0.480605468318234
2334	0.487941234258342
2336	0.495277000198449
2338	0.502612766138556
2340	0.503706991386575
2342	0.502936849280985
2344	0.502166707175395
2346	0.501396565069805
2348	0.500626422964215
2350	0.499856280858625
2352	0.499086138753035
2354	0.498315996647445
2356	0.497426991695749
2358	0.496296657111233
2360	0.495166322526718
2362	0.494035987942202
2364	0.492905653357686
2366	0.491775318773171
2368	0.490644984188655
2370	0.489514649604139
2372	0.488384315019624
2374	0.48706666834266
2376	0.485652527077789
2378	0.484238385812918
2380	0.482824244548047
2382	0.481410103283176
2384	0.479995962018305
2386	0.478581820753434
2388	0.477167679488563
2390	0.475753538223692
2392	0.484976708649749
2394	0.497745688520112
2396	0.510514668390475
2398	0.523283648260838
2400	0.536052628131201
2402	0.548821608001564
2404	0.561590587871927
2406	0.574359567742291
2408	0.587128547612654
2410	0.583422441714679
2412	0.568502145171279
2414	0.553581848627879
2416	0.53866155208448
2418	0.52374125554108
2420	0.50882095899768
2422	0.49390066245428
2424	0.478980365910881
2426	0.464060069367481
2428	0.451712805151323
2430	0.450700930955597
2432	0.449689056759871
2434	0.448677182564145
2436	0.447665308368419
2438	0.446653434172693
2440	0.445641559976967
2442	0.444629685781241
2444	0.443617811585515
2446	0.442605937389789
2448	0.445744575725119
2450	0.453033731381201
2452	0.460322887037284
2454	0.467612042693366
2456	0.474901198349448
2458	0.482190354005531
2460	0.489479509661613
2462	0.496768665317695
2464	0.504057820973778
2466	0.51134697662986
2468	0.514979082524969
2470	0.515495903560853
2472	0.516012724596736
2474	0.51652954563262
2476	0.517046366668503
2478	0.517563187704386
2480	0.51808000874027
2482	0.518596829776153
2484	0.519113650812036
2486	0.51963047184792
2488	0.521097909416694
2490	0.524950252227772
2492	0.528802595038851
2494	0.532654937849929
2496	0.536507280661008
2498	0.540359623472086
2500	0.544211966283164
2502	0.548064309094243
2504	0.551916651905321
2506	0.5557689947164
2508	0.559621337527478
2510	0.564670578893443
2512	0.570185284695457
2514	0.575699990497472
2516	0.581214696299487
2518	0.586729402101502
2520	0.592244107903516
2522	0.597758813705531
2524	0.603273519507546
2526	0.60878822530956
2528	0.614302931111575
2530	0.61981763691359
2532	0.618265764851373
2534	0.615367859510221
2536	0.612469954169068
2538	0.609572048827915
2540	0.606674143486763
2542	0.60377623814561
2544	0.600878332804457
2546	0.597980427463305
2548	0.595082522122152
2550	0.592184616781
2552	0.589286711439847
2554	0.591195246658494
2556	0.595987633207202
2558	0.60078001975591
2560	0.605572406304618
2562	0.610364792853326
2564	0.615157179402034
2566	0.619949565950742
2568	0.624741952499451
2570	0.629534339048159
2572	0.634326725596867
2574	0.639119112145575
2576	0.643779795106135
2578	0.646545930772122
2580	0.649312066438108
2582	0.652078202104095
2584	0.654844337770082
2586	0.657610473436069
2588	0.660376609102056
2590	0.663142744768042
2592	0.665908880434029
2594	0.668675016100016
2596	0.671441151766003
2598	0.674207287431989
2600	0.677092197813131
2602	0.680738158475449
2604	0.684384119137766
2606	0.688030079800084
2608	0.691676040462402
2610	0.69532200112472
2612	0.698967961787038
2614	0.702613922449356
2616	0.706259883111673
2618	0.709905843773991
2620	0.713551804436309
2622	0.717197765098627
2624	0.720843725760945
2626	0.729078150222524
2628	0.738319800915209
2630	0.747561451607895
2632	0.756803102300581
2634	0.766044752993266
2636	0.775286403685952
2638	0.784528054378637
2640	0.793769705071323
2642	0.803011355764009
2644	0.812253006456694
2646	0.82149465714938
2648	0.830736307842065
2650	0.840404943459104
2652	0.854141163502987
2654	0.86787738354687
2656	0.881613603590752
2658	0.895349823634635
2660	0.909086043678518
2662	0.922822263722401
2664	0.936558483766283
2666	0.950294703810166
2668	0.964030923854049
2670	0.977767143897932
2672	0.991503363941815
2674	1.0052395839857
2676	1.01897580402958
2678	1.03331441884109
2680	1.04769148551245
2682	1.06206855218381
2684	1.07644561885517
2686	1.09082268552653
2688	1.10519975219789
2690	1.11957681886925
2692	1.13395388554061
2694	1.14833095221197
2696	1.16270801888333
2698	1.17708508555469
2700	1.19146215222606
2702	1.20583921889742
2704	1.22040238171112
2706	1.23533496291907
2708	1.25026754412702
2710	1.26520012533497
2712	1.28013270654291
2714	1.29506528775086
2716	1.30999786895881
2718	1.32493045016676
2720	1.3398630313747
2722	1.35479561258265
2724	1.3697281937906
2726	1.38466077499855
2728	1.39959335620649
2730	1.41452593741444
2732	1.42892918875828
2734	1.44170126130207
2736	1.45447333384586
2738	1.46724540638966
2740	1.48001747893345
2742	1.49278955147725
2744	1.50556162402104
2746	1.51833369656483
2748	1.53110576910863
2750	1.54387784165242
2752	1.55664991419621
2754	1.56942198674001
2756	1.5821940592838
2758	1.5949661318276
2760	1.60773820437139
2762	1.62297985534644
2764	1.63964102257915
2766	1.65630218981187
2768	1.67296335704459
2770	1.6896245242773
2772	1.70628569151002
2774	1.72294685874274
2776	1.73960802597546
2778	1.75626919320817
2780	1.77293036044089
2782	1.78959152767361
2784	1.80625269490633
2786	1.82291386213904
2788	1.83957502937176
2790	1.85623619660448
2792	1.87662961315552
2794	1.90106629633484
2796	1.92550297951416
2798	1.94993966269348
2800	1.9743763458728
2802	1.99881302905212
2804	2.02324971223144
2806	2.04768639541075
2808	2.07212307859007
2810	2.09655976176939
2812	2.12099644494871
2814	2.14543312812803
2816	2.16986981130735
2818	2.19430649448667
2820	2.21874317766598
2822	2.2431798608453
2824	2.26874243180546
2826	2.294732068143
2828	2.32072170448055
2830	2.34671134081809
2832	2.37270097715563
2834	2.39869061349317
2836	2.42468024983072
2838	2.45066988616826
2840	2.4766595225058
2842	2.50264915884334
2844	2.52863879518089
2846	2.55462843151843
2848	2.58061806785597
2850	2.60660770419351
2852	2.63259734053106
2854	2.6585869768686
2856	2.68356851649186
2858	2.70650332613179
2860	2.72943813577173
2862	2.75237294541166
2864	2.77530775505159
2866	2.79824256469152
2868	2.82117737433146
2870	2.84411218397139
2872	2.86704699361132
2874	2.88998180325125
2876	2.91291661289119
2878	2.93585142253112
2880	2.95878623217105
2882	2.98172104181098
2884	3.00465585145092
2886	3.02759066109085
2888	3.05052547073078
2890	3.07183855588982
2892	3.08756562882054
2894	3.10329270175126
2896	3.11901977468199
2898	3.13474684761271
2900	3.15047392054343
2902	3.16620099347415
2904	3.18192806640488
2906	3.1976551393356
2908	3.21338221226632
2910	3.22910928519705
2912	3.24483635812777
2914	3.26056343105849
2916	3.27629050398921
2918	3.29201757691994
2920	3.30774464985066
2922	3.32347172278138
2924	3.33919879571211
2926	3.35211166982472
2928	3.35968168755057
2930	3.36725170527642
2932	3.37482172300226
2934	3.38239174072811
2936	3.38996175845396
2938	3.39753177617981
2940	3.40510179390565
2942	3.4126718116315
2944	3.42024182935735
2946	3.4278118470832
2948	3.43538186480905
2950	3.44295188253489
2952	3.45052190026074
2954	3.45809191798659
2956	3.46566193571244
2958	3.47323195343828
2960	3.48080197116413
2962	3.48837198888998
2964	3.52457411458518
2966	3.57986435449234
2968	3.63515459439951
2970	3.69044483430668
2972	3.74573507421385
2974	3.80102531412102
2976	3.85631555402819
2978	3.91160579393536
2980	3.96689603384252
2982	4.02218627374969
2984	4.07747651365686
2986	4.13276675356403
2988	4.1880569934712
2990	4.24334723337837
2992	4.29863747328554
2994	4.35392771319271
2996	4.40921795309987
2998	4.46450819300704
3000	4.51979843291421
3002	4.57508867282138
3004	4.59584207922628
3006	4.61166161377287
3008	4.62748114831945
3010	4.64330068286603
3012	4.65912021741261
3014	4.67493975195919
3016	4.69075928650577
3018	4.70657882105235
3020	4.72239835559893
3022	4.73821789014551
3024	4.75403742469209
3026	4.76985695923868
3028	4.78567649378525
3030	4.80149602833184
3032	4.81731556287842
3034	4.833135097425
3036	4.84895463197158
3038	4.86477416651816
3040	4.88059370106474
3042	4.89641323561132
3044	4.91352267803547
3046	4.96159048152504
3048	5.00965828501461
3050	5.05772608850418
3052	5.10579389199375
3054	5.15386169548331
3056	5.20192949897288
3058	5.24999730246245
3060	5.29806510595202
3062	5.34613290944159
3064	5.39420071293116
3066	5.44226851642073
3068	5.49033631991029
3070	5.53840412339986
3072	5.58647192688943
3074	5.634539730379
3076	5.68260753386857
3078	5.73067533735813
3080	5.7787431408477
3082	5.82681094433727
3084	5.87487874782684
3086	5.92294655131641
3088	5.97101435480598
3090	5.97328547112693
3092	5.97130238478744
3094	5.96931929844796
3096	5.96733621210847
3098	5.96535312576898
3100	5.9633700394295
3102	5.96138695309001
3104	5.95940386675053
3106	5.95742078041104
3108	5.95543769407156
3110	5.95345460773207
3112	5.95147152139258
3114	5.9494884350531
3116	5.94750534871361
3118	5.94552226237413
3120	5.94353917603464
3122	5.94155608969515
3124	5.93957300335567
3126	5.93758991701618
3128	5.9356068306767
3130	5.93362374433721
3132	5.93164065799773
3134	5.92965757165824
3136	5.92944099358111
3138	5.93412401673141
3140	5.93880703988171
3142	5.94349006303201
3144	5.94817308618231
3146	5.95285610933261
3148	5.95753913248291
3150	5.9622221556332
3152	5.9669051787835
3154	5.9715882019338
3156	5.9762712250841
3158	5.9809542482344
3160	5.9856372713847
3162	5.990320294535
3164	5.9950033176853
3166	5.9996863408356
3168	6.00436936398589
3170	6.00905238713619
3172	6.01373541028649
3174	6.01841843343679
3176	6.02310145658709
3178	6.02778447973739
3180	6.03246750288769
3182	6.03715052603799
3184	6.04183354918829
3186	6.04651657233859
3188	6.05106149413381
3190	6.05556970578247
3192	6.06007791743113
3194	6.06458612907978
3196	6.06909434072844
3198	6.0736025523771
3200	6.07811076402576
3202	6.08261897567441
3204	6.08712718732307
3206	6.09163539897173
3208	6.09614361062038
3210	6.10065182226904
3212	6.1051600339177
3214	6.10966824556635
3216	6.11417645721501
3218	6.11868466886367
3220	6.12319288051232
3222	6.12770109216098
3224	6.13220930380964
3226	6.13671751545829
3228	6.14122572710695
3230	6.14573393875561
3232	6.15024215040426
3234	6.15475036205292
3236	6.15925857370158
3238	6.16376678535023
3240	6.16827499699889
3242	6.17245410255353
3244	6.17309058548154
3246	6.17372706840955
3248	6.17436355133756
3250	6.17500003426557
3252	6.17563651719359
3254	6.1762730001216
3256	6.17690948304961
3258	6.17754596597762
3260	6.17818244890563
3262	6.17881893183364
3264	6.17945541476166
3266	6.18009189768967
3268	6.18072838061768
3270	6.18136486354569
3272	6.1820013464737
3274	6.18263782940171
3276	6.18327431232973
3278	6.18391079525774
3280	6.18454727818575
3282	6.18518376111376
3284	6.18582024404177
3286	6.18645672696978
3288	6.1870932098978
3290	6.18772969282581
3292	6.18836617575382
3294	6.18900265868183
3296	6.18963914160984
3298	6.19027562453785
3300	6.19091210746587
3302	6.19154859039388
3304	6.18828312712768
3306	6.1824701314825
3308	6.17665713583732
3310	6.17084414019214
3312	6.16503114454696
3314	6.15921814890179
3316	6.15340515325661
3318	6.14759215761143
3320	6.14177916196625
3322	6.13596616632107
3324	6.13015317067589
3326	6.12434017503071
3328	6.11852717938554
3330	6.11271418374036
3332	6.10690118809518
3334	6.10108819245
3336	6.09527519680482
3338	6.08946220115964
3340	6.08364920551447
3342	6.07783620986929
3344	6.07202321422411
3346	6.06621021857893
3348	6.06039722293375
3350	6.05458422728857
3352	6.04877123164339
3354	6.04295823599822
3356	6.03714524035304
3358	6.03133224470786
3360	6.02551924906268
3362	6.0197062534175
3364	6.01389325777232
3366	6.00808026212715
3368	6.00226726648197
3370	5.99645427083679
3372	5.98969383906604
3374	5.98228851029894
3376	5.97488318153183
3378	5.96747785276473
3380	5.96007252399763
3382	5.95266719523052
3384	5.94526186646342
3386	5.93785653769631
3388	5.93045120892921
3390	5.9230458801621
3392	5.915640551395
3394	5.9082352226279
3396	5.90082989386079
3398	5.89342456509369
3400	5.88601923632659
3402	5.87861390755948
3404	5.87120857879238
3406	5.86380325002527
3408	5.85639792125817
3410	5.84899259249107
3412	5.84158726372396
3414	5.83418193495686
3416	5.82677660618975
3418	5.81937127742265
3420	5.81196594865555
3422	5.80456061988844
3424	5.97674558454675
3426	6.09155461078104
3428	5.76612865166666
3430	5.58
3432	5.55378472062549
3434	5.40375778318825
3436	5.50796124980149
3438	5.65456798517748
3440	5.2715465815519
3442	4.9645500269043
3444	5.23140109397453
3446	5.44640379410669
3448	5.5913888061998
3450	5.74322882755701
3452	5.48279879025424
3454	5.25674423500574
3456	5.4342948786634
3458	5.22582571368093
3460	5.04670385261028
3462	5.25100833640993
3464	5.27112819200085
3466	5.13332689299122
3468	5.24783340736421
3470	5.32221217195154
3472	5.25883072951465
3474	5.18440638561157
3476	5.35361556120508
3478	5.31413635026037
3480	5.23562053589384
3482	5.19311145490872
3484	4.96053054083081
3486	4.85564747330362
3488	5.18787742928248
3490	5.58965802103764
3492	5.6386511873968
3494	5.46158307276319
3496	5.3286152708138
3498	5.47561074991082
3500	5.88139290596149
3502	5.85996488578753
3504	5.38912495095449
3506	5.15491964505156
3508	5.11212688829622
3510	5.07636719618375
3512	5.10305672672303
3514	5.63448399266907
3516	6.05047494956417
3518	6.07841777040445
3520	5.92099953028234
3522	5.68095463455361
3524	5.90608954846786
3526	6.42992418286005
3528	6.45290203093784
3530	6.18700767217505
3532	5.96865721308346
3534	5.88793146589236
3536	6.21046293105568
3538	6.51764265757009
3540	6.35877094498282
3542	6.0925563571849
3544	5.97818435341209
3546	5.9959168024397
3548	5.80870522924814
3550	5.37658729968996
3552	5.29188744723097
3554	5.54166891926454
3556	5.80577009133202
3558	5.84805867794946
3560	5.62613236560109
3562	5.49401138479288
3564	5.53599759435288
3566	5.48998356625343
3568	5.45402332896656
3570	5.75024515446255
3572	6.11223446207988
3574	6.0497876314028
3576	5.81974273571984
3578	5.85015107998158
3580	5.82982647217696
3582	5.57745129613769
3584	5.5
3586	5.38951827721228
3588	5.06310474852193
3590	5.09474296851883
3592	5.38673959330126
3594	5.29707428719239
3596	5.08157632852982
3598	5.07615020295999
3600	5.13423877314487
3602	5.24850448369952
3604	5.19720286833604
3606	5.06381388438353
3608	5.23717056857335
3610	5.39620407390797
3612	5.34378694694627
3614	5.42866609659843
3616	5.5
3618	5.37692011732693
3620	5.20500418774424
3622	5.20064483050135
3624	5.45200183502849
3626	5.63255178094743
3628	5.46414837216254
3630	5.28741231006621
3632	5.46411976878848
3634	5.69524721303359
3636	5.56207530557511
3638	5.35468102042119
3640	5.29
3642	5.27182614841605
3644	5.33907004691346
3646	5.56637679936703
3648	5.54631411740044
3650	5.3280819198709
3652	5.14623332172793
3654	5.22840944590392
3656	5.32717889307386
3658	5.07685350543379
3660	4.81785752500666
3662	4.74
3664	4.73533032009223
3666	4.58595055416201
3668	4.33298132495722
3670	4.07939635125102
3672	3.91231171819328
3674	3.7987716365594
3676	3.68874918869502
3678	3.61698139266451
3680	3.44914944452578
3682	3.14778203917898
3684	2.91385510304315
3686	2.95136300843953
3688	2.97
3690	2.92515525752652
3692	2.81028357764323
3694	2.78
3696	2.77170495220954
3698	2.65190323845667
3700	2.65321610774483
3702	2.77154258254543
3704	2.81
3706	2.76504753848524
3708	2.73167802326012
3710	2.67836766845912
3712	2.55834522061762
3714	2.55500633633432
3716	2.59166006498693
3718	2.48993346264324
3720	2.42
3722	2.50176701019274
3724	2.58507367483426
3726	2.5916376188157
3728	2.52653255110574
3730	2.44651459283257
3732	2.41837584136016
3734	2.53028198557071
3736	2.58838482049675
3738	2.52483206980486
3740	2.50160620200487
3742	2.40121198702394
3744	2.27638889143648
3746	2.37725813371008
3748	2.41158824371337
3750	2.32791881362229
3752	2.23631709262465
3754	2.2652756492364
3756	2.31685941196086
3758	2.36530258664618
3760	2.47063211070216
3762	2.50155682690253
3764	2.45465701198897
3766	2.41309569551356
3768	2.44536992544829
3770	2.57768905111174
3772	2.64
3774	2.63694020379163
3776	2.67
3778	2.57912551380555
3780	2.57393428240283
3782	2.800344782197
3784	2.98095528919882
3786	2.98150296222732
3788	2.95149847265444
3790	2.95
3792	2.98702101298262
3794	3.04554496213849
3796	3.15259738473896
3798	3.21557189954827
3800	3.28411382433756
3802	3.38266472826341
3804	3.43707487044195
3806	3.49416769915711
3808	3.73674260600024
3810	4.01261082937473
3812	4.07
3814	4.11279940796822
3816	4.24995059816563
3818	4.36427540799908
3820	4.47001339097649
3822	4.60146698681817
3824	4.61283535859067
3826	4.66010767191071
3828	4.87450429825375
3830	4.93280842404529
3832	4.92300138775115
3834	5.14465243835416
3836	5.22
3838	5.17277250746229
3840	5.16
3842	5.14137728337996
3844	5.11274558762331
3846	5.08136830424336
3848	5.12454474129973
3850	5.17728134978646
3852	5.12541934768123
3854	5.05540138938973
3856	4.99403757332367
3858	4.8880482092101
3860	4.80534751451521
3862	4.76133239789628
3864	4.74132790832798
3866	4.67529367503873
3868	4.58527571676555
3870	4.58737112075383
3872	4.61
3874	4.58130546181797
3876	4.54260194449019
3878	4.51129648267222
3880	4.51870800690066
3882	4.57484998589412
3884	4.66486790862282
3886	4.69
3888	4.7074519125846
3890	4.7474608917212
3892	4.79493974171556
3894	4.92243654998312
3896	4.95125608671564
3898	4.87375479142828
3900	4.88750578486023
3902	4.94627214600897
3904	4.98752374315174
3906	5.05506544459497
3908	5.20016673420784
3910	5.36020265075421
3912	5.45511928365027
3914	5.49756862096174
3916	5.55636640014749
3918	5.58879328961746
3920	5.67278666775745
3922	5.82922040779206
3924	5.99045405684264
3926	6.09524498671281
3928	6.11
3930	6.14528086731183
3932	6.28059765116999
3934	6.51477954753914
3936	6.7471705408613
3938	6.78348547469656
3940	6.66578667665281
3942	6.63884715306191
3944	6.63229671473042
3946	6.54457547116935
3948	6.48341813465838
3950	6.46886511135342
3952	6.54434795939969
3954	6.64549632579292
3956	6.68775714203305
3958	6.70111693941518
3960	6.62444979938753
3962	6.61889203972142
3964	6.67668958449276
3966	6.67219796452575
3968	6.56656695613998
3970	6.51109000311712
3972	6.555657945823
3974	6.77594657011485
3976	6.89784691300042
3978	6.76072053931496
3980	6.5774729505424
3982	6.4653153739745
3984	6.30058585226608
3986	6.1273786771339
3988	6.09895039283946
3990	6.08313535276298
3992	6.02312188404437
3994	6.02792772311618
3996	6.06896835113097
3998	6.07897283155219
4000	6.08204535775904
4002	6.03101818931122
4004	6.04898630025707
4006	6.06899078982537
4008	6.05200944121266
4010	5.9830006961746
4012	5.97900425751468
4014	5.99900874708755
4016	5.96296029001872
4018	5.8919645475334
4020	5.97511103302081
4022	5.99097330382754
4024	5.93193762851849
4026	6.0142140518543
4028	6.02287950536795
4030	5.81146414665229
4032	5.71095085695586
4034	5.75716089785104
4036	5.79905812218989
4038	5.76281216471171
4040	5.60839608797926
4042	5.49185683668772
4044	5.57445642734661
4046	5.70540280396368
4048	5.71182989927794
4050	5.60546276042406
4052	5.4936238820095
4054	5.50729555443942
4056	5.61551503859676
4058	5.65910749729222
4060	5.61355205253961
4062	5.53265057068607
4064	5.54824191341623
4066	5.59737633882925
4068	5.63825987168943
4070	5.65
4072	5.63086108501869
4074	5.6108565954504
4076	5.60914789324881
4078	5.71406667975179
4080	5.9015687239456
4082	5.96916136196744
4084	5.92250244537907
4086	5.9191703317601
4088	5.98669928531356
4090	6.08589655448345
4092	6.21428660325491
4094	6.37350632026626
4096	6.50596389800787
4098	6.45481638498073
4100	6.40840351584805
4102	6.58126872246581
4104	6.7836858965582
4106	6.9337218131412
4108	7.06609858107763
4110	7.10922419638037
4112	7.12845737189734
4114	7.16846635103393
4116	7.21695066034104
4118	7.38242154653556
4120	7.61171308644037
4122	7.73700453210543
4124	7.71148875480153
4126	7.72852022434422
4128	7.81779380523497
4130	7.74365454341071
4132	7.65217928570294
4134	7.77350254900577
4136	7.96354295512043
4138	8.00071295986276
4140	7.93283388117785
4142	7.92859203854765
4144	8.00720203251479
4146	8.06860999540315
4148	8.0986189745489
4150	8.19656988423661
4152	8.24
4154	8.10609348164107
4156	7.99201769184213
4158	8.01866385124184
4160	7.97331792405393
4162	7.85329547621245
4164	7.83934539432581
4166	7.88869976646206
4168	7.9
4170	7.89
4172	7.87063664805035
4174	7.83126431695492
4176	7.74251071385477
4178	7.7006231888954
4180	7.72938130067289
4182	7.69122841951761
4184	7.74756111923797
4186	7.75060523062221
4188	7.63420519166641
4190	7.48417376465634
4192	7.36355057512527
4194	7.24352363768803
4196	7.22
4198	7.23057829380225
4200	7.09573813843423
4202	6.84740121557665
4204	6.67338900824099
4206	6.59224138055411
4208	6.48333513342138
4210	6.40165409800583
4212	6.34164063097427
4214	6.26216954967419
4216	6.22
4218	6.27786636690885
4220	6.27158675609974
4222	6.17209775516577
4224	6.17896010155371
4226	6.2579381613806
4228	6.27051097008655
4230	6.18202592207306
4232	6.17050199094996
4234	6.10149250566725
4236	6.02295807389724
4238	5.83488522743332
4240	5.76145209951137
4242	5.72095908719514
4244	5.64190025495787
4246	5.57141172251349
4248	5.51139825380861
4250	5.4223079751729
4252	5.32228552733142
4254	5.24181046359195
4256	5.16179250714696
4258	5.04310546049706
4260	4.90307403348694
4262	4.86956534193188
4264	4.8608603369905
4266	4.71383119818738
4268	4.5529483938344
4270	4.45208354775447
4272	4.4008244399652
4274	4.34163092165721
4276	4.19362916761406
4278	4.01319001347527
4280	3.97039426211153
4282	3.98
4284	3.93077056593157
4286	3.90038079339291
4288	3.89
4290	3.92925635186556
4292	3.96963266550109
4294	3.94072568986125
4296	3.95928328927536
4298	4.01929226841195
4300	3.98104812867719
4302	3.9306897740184
4304	3.90034039743633
4306	3.87067181572689
4308	3.86033141829057
4310	3.78163464358846
4312	3.75
4314	3.77936408110612
4316	3.75094040963593
4318	3.72
4320	3.73
4322	3.77909999647873
4324	3.79029551190686
4326	3.76029102233399
4328	3.75028653276111
4330	3.69084612956468
4332	3.70888978553859
4334	3.87754233433071
4336	3.93
4338	3.88052818965333
4340	3.88974039474163
4342	3.88051023138016
4344	3.82075187836535
4346	3.83950772639096
4348	3.87975835276835
4350	3.85047431531754
4352	3.83
4354	3.89908728594789
4356	3.92977630108872
4358	3.99890395328507
4360	4.09892640112655
4362	4.08063069061918
4364	4.01061722191429
4366	3.9997987489302
4368	3.98039352340438
4370	3.96
4372	3.94018778255643
4374	3.96963341403287
4376	4.02946358976794
4378	4.0105229715779
4380	3.99
4382	4.04933862110913
4384	4.09983914484559
4386	4.1
4388	4.15939249592872
4390	4.25941045360061
4392	4.28985710297303
4394	4.32958477763771
4396	4.41933041059384
4398	4.53922343014992
4400	4.61962518379358
4402	4.62012045923903
4404	4.59023193934147
4406	4.58988851989756
4408	4.6496790283976
4410	4.64010250096584
4412	4.71941193161469
4414	4.86934534652752
4416	4.8602670970553
4418	4.78033817111556
4420	4.75991994679399
4422	4.80977330910061
4424	4.83
4426	4.82
4428	4.84987578989908
4430	4.86
4432	4.82010625182775
4434	4.81
4436	4.8399558531777
4438	4.85
4440	4.84003516767655
4442	4.88990796568898
4444	4.95992143440763
4446	4.99
4448	4.96001721956677
4450	4.96
4452	4.99998351913962
4454	5.03999249827621
4456	5.0700007387064
4458	5.06998954345058
4460	5.030009717843
4462	5.0700426222339
4464	5.12003739395919
4466	5.15
4468	5.15005533189024
4470	5.19003215551799
4472	5.2
4474	5.2
4476	5.2
4478	5.18989977248323
4480	5.15989079334664
4482	5.11988181421005
4484	5.06980925261015
4486	4.98965963984215
4488	4.87941950720108
4490	4.72938359065471
4492	4.57967387751868
4494	4.5300860201932
4496	4.57009050976608
4498	4.55971500198311
4500	4.49990051108816
4502	4.48
4504	4.4697830641061
4506	4.41943521242377
4508	4.31929531749869
4510	4.23012193665185
4512	4.27063213110072
4514	4.35013090572267
4516	4.35972920940891
4518	4.31972023026316
4520	4.28971125111741
4522	4.26014886401418
4524	4.30061341372254
4526	4.3804735289968
4528	4.40951300229832
4530	4.33949953359343
4532	4.32085655851914
4534	4.44140641017707
4536	4.57090140412506
4538	4.66092385198943
4540	4.77094629985381
4542	4.86077499817454
4544	4.96138767381552
4546	5.10121637089565
4548	5.19020721805091
4550	5.20042341523842
4552	5.25108098593753
4554	5.34088274702321
4556	5.4002251763241
4558	5.42022965592734
4560	5.46070243650065
4562	5.53143181043856
4564	5.6407293739379
4566	5.69
4568	5.68
4570	5.70128296551443
4572	5.81156649602715
4574	5.91
4576	5.8889197527689
4578	5.81
4580	5.83111612411873
4582	5.89028352060255
4584	5.89
4586	5.89087749924493
4588	5.96148494660592
4590	6.04
4592	6.00938806369026
4594	5.98031045772316
4596	6.01031494729146
4598	5.99936112628049
4600	5.99097177928416
4602	6.07098524798905
4604	6.08866841718044
4606	6.00932522944447
4608	5.99034187485064
4610	6.00965363557648
4612	5.9685965840144
4614	5.8892893135863
4616	5.84892050167459
4618	5.78927135531313
4620	5.76036881191173
4622	5.76925339703993
4624	5.71848883580668
4626	5.63885318757831
4628	5.56922647923979
4630	5.54078249990596
4632	5.58079147905171
4634	5.60919954180256
4636	5.54797640870589
4638	5.44836316869153
4640	5.41
4642	5.41958181303629
4644	5.38
4646	5.42213583050156
4648	5.52129493772869
4650	5.55956386451755
4652	5.53955937494468
4654	5.52044511462819
4656	5.54044960420106
4658	5.5604540933108
4660	5.57
4662	5.54907385510521
4664	5.49906487596862
4666	5.48047205158399
4668	5.48904691769545
4670	5.47
4672	5.49145653175434
4674	5.54049000015764
4676	5.52802204107788
4678	5.44850306208979
4680	5.42201387345111
4682	5.51152387379322
4684	5.53795021000252
4686	5.44741531466163
4688	5.37895714672808
4690	5.34947408379574
4692	5.32946959422745
4694	5.31946511431289
4696	5.3
4698	5.3
4700	5.29945164559425
4702	5.27944715602138
4704	5.24832800105084
4706	5.18775270979463
4708	5.09830106364108
4710	5.03885839662411
4712	4.97769883497504
4714	4.88768087670186
4716	4.85058426078945
4718	4.86941124963767
4720	4.81703380032403
4722	4.74940227049192
4724	4.72819334275712
4726	4.65635975178983
4728	4.54755520958671
4730	4.48876862565676
4732	4.46
4734	4.47124933261644
4736	4.49874168824697
4738	4.44683182054104
4740	4.35872374907067
4742	4.32
4744	4.29870579077916
4746	4.24934840581672
4748	4.240656083087
4750	4.24867885468939
4752	4.1973397511056
4754	4.13866089641621
4756	4.10932595863981
4758	4.07864293814302
4760	4.03863397801175
4762	3.99
4764	4.01207597041965
4766	4.06
4768	4.02859806142875
4770	4.01211637441695
4772	4.07141989541456
4774	4.09928556272442
4776	4.07928107315612
4778	4.05927658358782
4780	4.06218371794139
4782	4.12292954438586
4784	4.17926312433067
4786	4.15851726951559
4788	4.12
4790	4.10924965561203
4792	4.07849033207832
4794	4.05
4796	4.04923618767244
4798	4.04
4800	4.0384544170717
4802	3.99922271896756
4804	3.99078177060074
4806	4.03235875231502
4808	4.06920925965545
4810	4.04840954016515
4812	4.0092002805097
4814	3.98919579093682
4816	3.93514781313255
4818	3.8043076883433
4820	3.70918232305217
4822	3.71082216651612
4824	3.71917334391557
4826	3.67750656304183
4828	3.63832874825198
4830	3.59747965365933
4832	3.54831078996047
4834	3.51915090540736
4836	3.49829283166897
4838	3.48
4840	3.48
4842	3.45826589600039
4844	3.41738537529569
4846	3.3791239688636
4848	3.38176104140941
4850	3.42177000195269
4852	3.44733152835231
4854	3.38731805963369
4856	3.33910153030503
4858	3.30909704073215
4860	3.28
4862	3.30364774993397
4864	3.40366570820715
4866	3.43723725013975
4868	3.34444756286971
4870	3.26
4872	3.29186875215737
4874	3.31812226869688
4876	3.25716993432672
4878	3.23284353439193
4880	3.30190466874037
4882	3.30712953109849
4884	3.2471160623936
4886	3.20806839579248
4888	3.17902970832793
4890	3.18194956248071
4892	3.2319585416173
4894	3.24704871886916
4896	3.14209407396886
4898	2.98503634836616
4900	2.91
4902	2.92
4904	2.9189938009546
4906	2.91
4908	2.90796964568851
4910	2.86796066655194
4912	2.806927531123
4914	2.74691406241811
4916	2.7
4918	2.71103761585623
4920	2.71895789457089
4922	2.67581361999206
4924	2.61894891542514
4926	2.62
4928	2.61893993736058
4930	2.57680634337685
4932	2.52786191644798
4934	2.50107353134431
4936	2.53323406273781
4938	2.56891748951909
4940	2.52565203616574
4942	2.48
4944	2.48
4946	2.49
4948	2.48889505074993
4950	2.49221887538279
4952	2.52
4954	2.51888158317201
4956	2.51336871918887
4958	2.59676437578752
4960	2.72565942766441
4962	2.8
4964	2.77885914436622
4966	2.76229069041333
4968	2.81229966955906
4970	2.84115432435241
4972	2.86347643823012
4974	2.93348990693501
4976	2.99233558375995
4978	3.02234456289654
4980	3.08588385508283
4982	3.19472504233942
4984	3.24
4986	3.23119023073612
4988	3.26358416092696
4990	3.30119920988187
4992	3.34361109836424
4994	3.40120818902762
4996	3.4
4998	3.40121716693195
5000	3.43244331300051
5002	3.48245229213708
5004	3.52
5006	3.5062946243846
5008	3.46
5010	3.48373228623399
5012	3.51750283003159
5014	3.47874692544292
5016	3.48125756412996
5018	3.49747589516873
5020	3.47126654198392
5022	3.49127103155222
5024	3.49
5026	3.49128001068882
5028	3.49743099948577
5030	3.46
5032	3.47388041154101
5034	3.53
5036	3.4734877517029
5038	3.38869306076771
5040	3.40524570987043
5042	3.49526366814361
5044	3.5613204066042
5046	3.56602531148251
5048	3.49335307129604
5050	3.39599837407271
5052	3.38535342417251
5054	3.47537138246403
5056	3.54134733518888
5058	3.54864817523824
5060	3.51864368566537
5062	3.5
5064	3.48590412373635
5066	3.42589065503146
5068	3.40274854244895
5070	3.45275752158554
5072	3.48138325036107
5074	3.5
5076	3.47443111712663
5078	3.38441315883516
5080	3.32719760027182
5082	3.27718862112606
5084	3.24423053702953
5086	3.32707333569925
5088	3.40283831341631
5090	3.40715270744708
5092	3.35714372831051
5094	3.33
5096	3.33712577003732
5098	3.2842336167173
5100	3.23
5102	3.25145057496643
5104	3.26
5106	3.26145955411218
5108	3.27146404219184
5110	3.28
5112	3.29147302132842
5114	3.26556746730982
5116	3.23444600139507
5118	3.30445947009996
5120	3.34
5122	3.32850453950411
5124	3.33149995006877
5126	3.35150443964164
5128	3.37
5130	3.37
5132	3.36151790681211
5134	3.38304479276081
5136	3.4215268859487
5138	3.438468624483
5140	3.4215358650853
5142	3.46308069205069
5144	3.5
5146	3.47845067482889
5148	3.48310762948796
5150	3.5068833913663
5152	3.44531162311265
5154	3.43313456372818
5156	3.47314354286477
5158	3.50315252200136
5160	3.54316150113796
5162	3.56682951972545
5164	3.49205139436156
5166	3.42840578929944
5168	3.40840129972656
5170	3.37839681015369
5172	3.39643071767676
5174	3.48644866939107
5176	3.52515002925181
5178	3.45675770703127
5180	3.43
5182	3.41836987437904
5184	3.40163461518925
5186	3.43491731427263
5188	3.4916435858029
5190	3.51
5192	3.51330512989731
5194	3.55331410904306
5196	3.58
5198	3.58
5200	3.58832947846366
5202	3.55832498889536
5204	3.56335900134587
5206	3.61336798048245
5208	3.63831152019048
5210	3.60492111728431
5212	3.55830254952189
5214	3.56340388010197
5216	3.59
5218	3.57657816160651
5220	3.56
5222	3.53656020682336
5224	3.50827561384339
5226	3.51
5228	3.51
5230	3.49478643541548
5232	3.43651532798485
5234	3.42524047674136
5236	3.46824868484667
5238	3.4247325858214
5240	3.37823970570092
5242	3.354705653784
5244	3.31
5246	3.31
5248	3.31
5250	3.29821725965482
5252	3.27
5254	3.28537513332973
5256	3.34359240136558
5258	3.34639861948867
5260	3.30638964034292
5262	3.27819033059859
5264	3.24818584287603
5266	3.26363729338454
5268	3.31364627252114
5270	3.35182762582887
5272	3.36183211539716
5274	3.37
5276	3.36
5278	3.36184557578512
5280	3.393700130716
5282	3.44370910986175
5284	3.4562819109925
5286	3.40440939777012
5288	3.3837360434885
5290	3.42374502262509
5292	3.4262459982383
5294	3.38623701910171
5296	3.35188598001743
5298	3.35621906082854
5300	3.30242019645017
5302	3.24
5304	3.24
5306	3.22809158039391
5308	3.19617418164207
5310	3.17
5312	3.17
5314	3.15422087220155
5316	3.08227653799553
5318	3.00225857972234
5320	2.93418046608687
5322	2.8980556740102
5324	2.88805118443733
5326	2.8460933897289
5328	2.79804220529158
5330	2.76607543143739
5332	2.72213291260715
5334	2.6540862157505
5336	2.60407274704562
5338	2.54405927834072
5340	2.48801526987861
5342	2.46801078031031
5344	2.45
5346	2.44800180933499
5348	2.41399195928631
5350	2.35799283018924
5352	2.35
5354	2.33395155929947
5356	2.26191745412608
5358	2.19594974792645
5360	2.18
5362	2.20406821034674
5364	2.23
5366	2.22591384761106
5368	2.19795243423266
5370	2.16794794465977
5372	2.16
5374	2.17
5376	2.18
5378	2.18
5380	2.18207450108876
5382	2.21415798131411
5384	2.23791651977465
5386	2.21791203020636
5388	2.21418491872387
5390	2.25209694086968
5392	2.27210143044255
5394	2.29421184003087
5396	2.30788959041169
5398	2.30422979832237
5400	2.35635815971731
5402	2.38787612385927
5404	2.34787163429097
5406	2.33213285527733
5408	2.33786265515438
5410	2.32428366882783
5412	2.37858526388807
5414	2.44430161108979
5416	2.45
5418	2.45431956938129
5420	2.49649282279057
5422	2.51783123837558
5424	2.47565349761457
5426	2.442177740761
5428	2.4743644606586
5430	2.49
5432	2.50438241893179
5434	2.54219569107436
5436	2.55779981935277
5438	2.51338598933967
5440	2.45779084020702
5442	2.46664094809757
5444	2.50221813667639
5446	2.51444525248937
5448	2.56445423162596
5450	2.59
5452	2.60223609494957
5454	2.64448116903576
5456	2.67
5458	2.66775044425043
5460	2.65
5462	2.64225853489532
5464	2.65452604893638
5466	2.67773248827164
5468	2.64545599740668
5470	2.63
5472	2.64
5474	2.62
5476	2.63
5478	2.64229444913814
5480	2.68459786170381
5482	2.68769657957522
5484	2.64538418000469
5486	2.58537520085894
5488	2.56
5490	2.57232137634864
5492	2.56302240224919
5494	2.49300893354428
5496	2.46233484505354
5498	2.50701800386548
5500	2.55
5502	2.54
5504	2.53764720447289
5506	2.50057085960005
5508	2.44763822532713
5510	2.43236626424575
5512	2.41288774579813
5514	2.36762475903108
5516	2.36
5518	2.34523155978898
5520	2.26566774195717
5522	2.17
5524	2.20719304316974
5526	2.23759782937055
5528	2.20759333979767
5530	2.21482229955041
5532	2.23516872130383
5534	2.17031949418959
5536	2.11515076795822
5538	2.07757089441081
5540	2.05756640484252
5542	2.06
5544	2.06
5546	2.04755294384109
5548	2.03
5550	2.03
5552	2.04
5554	2.02260495664875
5556	1.96259149548629
5558	1.93494798214574
5560	1.97743544192351
5562	2.00751702979054
5564	1.97502508044447
5566	1.96498389869212
5568	2.0049928625225
5570	2.01749907916587
5572	1.99250541040701
5574	2.01250989997988
5576	2.03502877910549
5578	2.08755663737688
5580	2.14252336612485
5582	2.1650557113863
5584	2.20253234526145
5586	2.23253683482974
5588	2.25508264879608
5590	2.28254581396633
5592	2.31255029593647
5594	2.34
5596	2.33
5598	2.35256376465509
5600	2.37513650845594
5602	2.42771822353048
5604	2.46257723074513
5606	2.48516344062684
5608	2.55034483952687
5610	2.61259069945001
5612	2.60480962196339
5614	2.5725996710388
5616	2.58260416061168
5618	2.57739134981545
5620	2.5904525590297
5622	2.68047051732123
5624	2.73
5626	2.7226266057971
5628	2.7426310953654
5630	2.74736441506631
5632	2.72735992549801
5634	2.72
5636	2.73529809228228
5638	2.79530707142803
5640	2.83265802528689
5642	2.83733748514023
5644	2.82466599113472
5646	2.81
5648	2.84535196169816
5650	2.88268047041737
5652	2.90268495998567
5654	2.93268944955397
5656	2.90922424351092
5658	2.82920631502611
5660	2.8
5662	2.7818777988323
5664	2.7172881100379
5666	2.74
5668	2.56286180701217
5670	2.18002108508842
5672	2.18367752750968
5674	2.49007768541416
5676	2.62
5678	2.61274331417424
5680	2.61450439251493
5682	2.55449542816263
5684	2.53
5686	2.51171620480669
5688	2.44446849072537
5690	2.44831073263057
5692	2.50554946190607
5694	2.50444155895734
5696	2.46
5698	2.47278819965793
5700	2.49279268922622
5702	2.50279717879451
5704	2.52280166102103
5706	2.5171938494061
5708	2.51281064016677
5710	2.53
5712	2.53
5714	2.53282410600502
5716	2.54
5718	2.54283308514161
5720	2.5628375747099
5722	2.5671579357218
5724	2.56
5726	2.56
5728	2.54428894860753
5730	2.51427996946178
5732	2.47427099031603
5734	2.46286899441486
5736	2.49574696211399
5738	2.50136608812413
5740	2.46
5742	2.47577389952375
5744	2.51578287866035
5746	2.54
5748	2.52419917754861
5750	2.48709509920143
5752	2.49290939037145
5754	2.52291387994432
5756	2.5270816304828
5758	2.50415428778207
5760	2.46707265432274
5762	2.45
5764	2.47293632481386
5766	2.48411837123569
5768	2.42116408814865
5770	2.39589957265607
5772	2.44886282770273
5774	2.46704123452621
5776	2.44703674495334
5778	2.44
5780	2.45
5782	2.43404655854152
5784	2.39701878970246
5786	2.40597139973168
5788	2.43
5790	2.42
5792	2.42
5794	2.42
5796	2.41398371884776
5798	2.37397473970202
5800	2.32396576055626
5802	2.31302160929475
5804	2.34605219156244
5806	2.37696941465048
5808	2.35696492508219
5810	2.35607912897223
5812	2.40608810810881
5814	2.4169514563773
5816	2.38389394778884
5818	2.36305751567846
5820	2.38306200525133
5822	2.38386701035159
5824	2.33385803120582
5826	2.2969245291668
5828	2.3030799604015
5830	2.31308444996979
5832	2.30691106046192
5834	2.32618685821277
5836	2.35
5838	2.33689759879207
5840	2.3262137815616
5842	2.35311138035367
5844	2.38
5846	2.35751856200232
5848	2.29
5850	2.30625867090694
5852	2.34313382502176
5854	2.35
5856	2.35314280415836
5858	2.37314729372666
5860	2.36684822368975
5862	2.33053120235059
5864	2.29
5866	2.31949573508666
5868	2.37316973460176
5870	2.39
5872	2.38682128949456
5874	2.35681679992625
5876	2.35318768964204
5878	2.38957653763102
5880	2.45959000633591
5882	2.4703965249592
5884	2.34756051310171
5886	2.24678986944166
5888	2.26964386039365
5890	2.3232191097041
5892	2.34322359927697
5894	2.37968425667228
5896	2.43969772537717
5898	2.45352587061195
5900	2.40027533721304
5902	2.35675395616939
5904	2.36
5906	2.36
5908	2.36325950566068
5910	2.38
5912	2.36673151519357
5914	2.35327297437931
5916	2.40310984243762
5918	2.4567180498223
5920	2.423427120508
5922	2.4232909293143
5924	2.44329541888259
5926	2.45670009154912
5928	2.43669560880986
5930	2.43
5932	2.42668662966411
5934	2.41
5936	2.4
5938	2.4
5940	2.40333132522968
5942	2.4400074443939
5944	2.51336121746508
5946	2.54331041213087
5948	2.47325358248566
5950	2.42
5952	2.42
5954	2.41327450912353
5956	2.40336723501111
5958	2.41662827541602
5960	2.37987136785991
5962	2.34
5964	2.35338518984995
5966	2.36661032058175
5968	2.36
5970	2.34320268289031
5972	2.30319370375371
5974	2.29340763096769
5976	2.31
5978	2.30316677977311
5980	2.23973670094105
5982	2.19
5984	2.21029022600089
5986	2.26686912980387
5988	2.26656094552977
5990	2.25
5992	2.28034410082047
5994	2.31
5996	2.26962898178991
5998	2.23
6000	2.21653401478423
6002	2.18652952521135
6004	2.19694992872306
6006	2.22652054961439
6008	2.17954818013827
6010	2.14
6012	2.14
6014	2.14
6016	2.10599240709164
6018	2.01597447531052
6020	1.97
6022	1.96648463968189
6024	1.93648015010901
6026	1.89942698160839
6028	1.85294234912482
6030	1.82293336998822
6032	1.77584878170325
6034	1.69583082343012
6036	1.63935964886767
6038	1.57224363360464
6040	1.4893327311759
6042	1.47
6044	1.46
6046	1.42929232502001
6048	1.36213142716899
6050	1.28926539853128
6052	1.26
6054	1.25
6056	1.21922499241663
6058	1.15921152371174
6060	1.1027987033379
6062	1.09
6064	1.08278075810017
6066	1.02915766843162
6068	0.984210239846933
6070	0.959739219298312
6072	0.948274484151718
6074	0.939731141401147
6076	0.921090756257489
6078	0.914456417698574
6080	0.913260806040843
6082	0.867319925174304
6084	0.814249133163276
6086	0.814122594473153
6088	0.839099045687537
6090	0.82029725208419
6092	0.774287823981157
6094	0.745793827393749
6096	0.750785872210364
6098	0.779474371892046
6100	0.750297784034593
6102	0.704935600246617
6104	0.705699398435008
6106	0.723481555201321
6108	0.714920791729951
6110	0.697257427854508
6112	0.706345615270301
6114	0.706161608164821
6116	0.667056809329376
6118	0.627642266307583
6120	0.638217670520612
6122	0.669747958870078
6124	0.652885860554503
6126	0.616501471815623
6128	0.607125978916583
6130	0.617503098502769
6132	0.6142377641702
6134	0.595869982379198
6136	0.59750848599022
6138	0.60902056363874
6140	0.632804342478402
6142	0.650322980248896
6144	0.598148159553851
6146	0.578034927176529
6148	0.60631740795454
6150	0.619239472378548
6152	0.611096439320372
6154	0.61104928874571
6156	0.635724150757524
6158	0.656382059007789
6160	0.641027396454009
6162	0.630382956531775
6164	0.628849783534185
6166	0.628383854445434
6168	0.629
6170	0.625615247640906
6172	0.639778019738858
6174	0.661542601091015
6176	0.652594619551738
6178	0.625747976831911
6180	0.621095972144183
6182	0.647586573080266
6184	0.670551577730389
6186	0.678106743950419
6188	0.68288966439494
6190	0.657161386388068
6192	0.636610310135708
6194	0.639390138821122
6196	0.64512470222361
6198	0.666692433364172
6200	0.675868119432252
6202	0.64968872568919
6204	0.64
6206	0.644535487485483
6208	0.676258890479004
6210	0.709756106190811
6212	0.698693145397444
6214	0.672842981044081
6216	0.668975381631595
6218	0.68435077811463
6220	0.709751683486981
6222	0.721414309675192
6224	0.697856312307188
6226	0.677
6228	0.690171002889847
6230	0.714982180041984
6232	0.73498666961028
6234	0.752192927342861
6236	0.762799129749374
6238	0.763199972336966
6240	0.763601851153386
6242	0.770801822268297
6244	0.765387759177075
6246	0.753205427146171
6248	0.773240644108201
6250	0.801416241779792
6252	0.803
6254	0.809018022331131
6256	0.824252694499713
6258	0.864326066636775
6260	0.914454464703859
6262	0.904513595303296
6264	0.885
6266	0.897844083211693
6268	0.892966267205213
6270	0.906922323776163
6272	0.939707022629453
6274	0.964305214600651
6276	0.997579381399881
6278	1.02408990928253
6280	1.03
6282	1.04409888841912
6284	1.06820675597484
6286	1.10821573511144
6288	1.13
6290	1.13
6292	1.14824266052957
6294	1.18412581983766
6296	1.19
6298	1.20826958953242
6300	1.27069642167253
6302	1.34414377390281
6304	1.34
6306	1.34
6308	1.35415724260769
6310	1.39248517866411
6312	1.45249864738274
6314	1.48
6316	1.46
6318	1.48417968451288
6320	1.49
6322	1.53675463754595
6324	1.60838629790957
6326	1.60160472295383
6328	1.59420212809137
6330	1.62420661765967
6332	1.64842220264741
6334	1.70264677268975
6336	1.74422008046946
6338	1.73577542995767
6340	1.72422905961521
6342	1.74846708974034
6344	1.8027141033154
6346	1.84
6348	1.83575298642495
6350	1.8385030062867
6352	1.86
6354	1.85426047642604
6356	1.87426496599892
6358	1.89
6360	1.9
6362	1.91427843471754
6364	1.93428292429042
6366	1.95428740949044
6368	1.97429189905874
6370	2.00859277725405
6372	2.04860175639066
6374	2.07
6376	2.06
6378	2.06
6380	2.06
6382	2.06
6384	2.06
6386	2.05
6388	2.06
6390	2.03565872588928
6392	2.02869152735803
6394	2.08305075974193
6396	2.10129051436879
6398	2.08435923238391
6400	2.10872743240719
6402	2.14873641155293
6404	2.16125460930133
6406	2.14
6408	2.1443816744951
6410	2.15438615959439
6412	2.15560935083731
6414	2.15439513873099
6416	2.18319888489787
6418	2.22
6420	2.20118278512825
6422	2.17558690869407
6424	2.17
6426	2.15
6428	2.15442656002455
6430	2.15556895040257
6432	2.12112893070725
6434	2.1
6436	2.11444451378297
6438	2.13
6440	2.11109301416088
6442	2.09
6444	2.09
6446	2.09
6448	2.09447144555402
6450	2.08552406487311
6452	2.07
6454	2.08448490969836
6456	2.08102120146669
6458	2.04101222233011
6460	2.02
6462	2.01549713202846
6464	2.01
6466	2.01
6468	2.02
6470	1.99643753803093
6472	1.94094937954153
6474	1.93452979980211
6476	1.95453428937498
6478	1.97
6480	1.96545673611308
6482	1.94090449308956
6484	1.92
6486	1.92
6488	1.91
6490	1.91
6492	1.91
6494	1.91
6496	1.89542082509556
6498	1.88
6500	1.88
6502	1.8854073610611
6504	1.8462086144784
6506	1.8246016180755
6508	1.84460610764379
6510	1.82616820836374
6512	1.77538491871185
6514	1.76
6516	1.76
6518	1.75537144999322
6520	1.75463303957966
6522	1.76
6524	1.75
6526	1.75929300711835
6528	1.76534900687253
6530	1.74068903460846
6532	1.71
6534	1.71
6536	1.71533105403664
6538	1.70532656446376
6540	1.68532207489089
6542	1.65063517063602
6544	1.64
6546	1.63
6548	1.63
6550	1.64
6552	1.63529514225226
6554	1.64
6556	1.63528616850718
6558	1.5958450368029
6560	1.58472281063858
6562	1.6
6564	1.58053642043134
6566	1.56
6568	1.56474076409484
6570	1.57
6572	1.56
6574	1.55
6576	1.55
6578	1.56952642387264
6580	1.58523230383196
6582	1.54568344277725
6584	1.52
6586	1.53478116488667
6588	1.55478565445954
6590	1.54520986085319
6592	1.5252053712849
6594	1.5147991182834
6596	1.5348036078517
6598	1.53038380516001
6600	1.48556223903512
6602	1.45518292872962
6604	1.46482156084325
6606	1.48
6608	1.49
6610	1.47032994087624
6612	1.46
6614	1.47484400376709
6616	1.48
6618	1.46514701709632
6620	1.46485747247198
6622	1.48
6624	1.46513355362729
6626	1.44
6628	1.45975085103692
6630	1.47512008490867
6632	1.44534678600734
6634	1.40511111074923
6636	1.40978675763813
6638	1.46469360516209
6640	1.47019528408869
6642	1.4301863049521
6644	1.42
6646	1.44491582147505
6648	1.46
6650	1.4550751993792
6652	1.43507070980632
6654	1.42506622023345
6656	1.43
6658	1.44
6660	1.43
6662	1.43504826699236
6664	1.41504377742407
6666	1.41
6668	1.42496520171252
6670	1.43
6672	1.43
6674	1.42502133470398
6676	1.42498315486889
6678	1.44498764444176
6680	1.45500787107698
6682	1.42500338150869
6684	1.39999778388078
6686	1.36499440237209
6688	1.35501008719621
6690	1.3750145767645
6692	1.3850190612526
6694	1.39
6696	1.39
6698	1.39503252997122
6700	1.3949629804559
6702	1.38
6704	1.38
6706	1.37494951688841
6708	1.35494502732011
6710	1.34505946224818
6712	1.37012790363297
6714	1.39
6716	1.39
6718	1.39507741550068
6720	1.4
6722	1.36982721070713
6724	1.33490912097303
6726	1.36019073719055
6728	1.39
6730	1.36979130453627
6732	1.35510883730016
6734	1.36511332686845
6736	1.38
6738	1.39512230103015
6740	1.4
6742	1.3848687198241
6744	1.37
6746	1.36485974592105
6748	1.34485525635275
6750	1.32485076678445
6752	1.33
6754	1.34515821235213
6756	1.36
6758	1.35483280851127
6760	1.31965664773504
6762	1.31517616570536
6764	1.35036131055647
6766	1.35481485514889
6768	1.33481036557602
6770	1.32
6772	1.32519860826752
6774	1.33
6776	1.31479241259588
6778	1.31
6780	1.32
6782	1.32522105123482
6784	1.34
6786	1.34476996961943
6788	1.33
6790	1.31476099047368
6792	1.3
6794	1.3
6796	1.3152524728878
6798	1.32474303754391
6800	1.30473854797561
6802	1.29
6804	1.3
6806	1.3
6808	1.29
6810	1.28528389505578
6812	1.29
6814	1.29
6816	1.28470264162852
6818	1.26469815206023
6820	1.27530633750807
6822	1.28
6824	1.27
6826	1.28
6828	1.28
6830	1.26467121941476
6832	1.23933345968377
6834	1.214662240269
6836	1.21534224385516
6838	1.22534673342345
6840	1.23
6842	1.2192885748799
6844	1.19463979787165
6846	1.21072938339328
6848	1.23
6850	1.20925266777059
6852	1.19
6854	1.18
6856	1.19
6858	1.19
6860	1.18
6862	1.19540059804373
6864	1.22540508761202
6866	1.21459042281968
6868	1.17917186650277
6870	1.15
6872	1.17626912365112
6874	1.22085506157984
6876	1.2191359592744
6878	1.18912698012866
6880	1.15455900049146
6882	1.13
6884	1.15089994619141
6886	1.17
6888	1.14908209553541
6890	1.13
6892	1.13546793136889
6894	1.13452758368062
6896	1.11452309410775
6898	1.12548139546513
6900	1.14548588503801
6902	1.15
6904	1.14
6906	1.13450065185232
6908	1.13
6910	1.13
6912	1.14551281685258
6914	1.16
6916	1.14447820857828
6918	1.11447371900541
6920	1.12553077056746
6922	1.15
6924	1.15
6926	1.14
6928	1.12445127680034
6930	1.11444678723204
6932	1.1
6934	1.11556219190456
6936	1.12
6938	1.11
6940	1.11557565609693
6942	1.1144198543302
6944	1.08441536475732
6946	1.06441087518445
6948	1.06559360868335
6950	1.10119619650328
6952	1.12
6954	1.08878584522353
6956	1.06
6958	1.06561605652483
6960	1.08562054609312
6962	1.08
6964	1.08562952077214
6966	1.09563401034501
6968	1.1
6970	1.1
6972	1.09435252669638
6974	1.07434803712808
6976	1.06
6978	1.06
6980	1.0656654315768
6982	1.0756699211451
6984	1.0643255936984
6986	1.02864220825104
6988	1.02
6990	1.03568787502023
6992	1.0456923645931
6994	1.05
6996	1.06
6998	1.04858834501562
7000	1.00800833417298
7002	0.99785740331439
7004	1.01
7006	1.02
7008	1.03572827097681
7010	1.04426723945031
7012	1.04
7014	1.02425826030456
7016	1.01
7018	1.03150142595174
7020	1.06
7022	1.03848061577507
7024	1.01
7026	1.01
7028	1.02
7030	1.02
7032	1.02
7034	1.03
7036	1.04
7038	1.03420440154045
7040	1.02580008802785
7042	1.0516091551923
7044	1.05419093283556
7046	1.01255932980178
7048	0.989418195369897
7050	1.00582253160861
7052	1.02
7054	1.02
7056	1.03583600032724
7058	1.02415951009989
7060	1.02
7062	1.02584946307983
7064	1.03414604735188
7066	1.01414155778359
7068	1.01586293178471
7070	1.03586742135301
7072	1.03412808907869
7074	1.01
7076	1.0058808858567
7078	1.01
7080	1.00411013499755
7082	1
7084	1.0158988381318
7086	1.0359033277001
7088	1.03409218273161
7090	1.02
7092	1.03591679640499
7094	1.03407871402671
7096	1.00288907433661
7098	1.01593026095904
7100	1.02
7102	1.02593924010479
7104	1.03594372967766
7106	1.04
7108	1.04595270275208
7110	1.04404280767963
7112	1.00807663622266
7114	1.00596617145697
7116	1.03
7118	1.0240248535115
7120	1.02
7122	1.03598412563425
7124	1.03401138479288
7126	1.03
7128	1.02
7130	1.02
7132	1.01399343262765
7134	0.990983414589026
7136	0.972
7138	0.985418032469517
7140	1.005229425909
7142	1.02205802232742
7144	1.03
7146	1.00033921550487
7148	0.989208495976467
7150	1.00565165961651
7152	1.01
7154	1.01
7156	1.02
7158	1.01393507843908
7160	0.989895883306174
7162	0.985644340418508
7164	1.00529406351925
7166	1.01
7168	0.99513010767056
7170	0.984172443504597
7172	0.985438537823018
7174	0.997270579535611
7176	1.01610531747631
7178	1.0077803859108
7180	0.98594285169355
7182	0.988059393090598
7184	0.998836982724849
7186	0.991421134084265
7188	0.975839675282378
7190	0.976704281640105
7192	0.965
7194	0.976916575727909
7196	0.992690121775994
7198	0.999615469252828
7200	0.996536327161368
7202	0.981836328335124
7204	0.968383183876683
7206	0.978320855561031
7208	0.986617713647072
7210	0.977054699165122
7212	0.959432495945179
7214	0.943904697405327
7216	0.941
7218	0.934140126596412
7220	0.945824474338288
7222	0.968829412863414
7224	0.982485218686743
7226	0.989865260885546
7228	0.984266784487927
7230	0.971641441898859
7232	0.947030398166507
7234	0.927752901856239
7236	0.936615982262512
7238	0.970737833702028
7240	0.975376779791298
7242	0.9288677704723
7244	0.914503172880216
7246	0.931009937415069
7248	0.942506764534853
7250	0.956525681086507
7252	0.964979287621025
7254	0.926555134628991
7256	0.896229080507313
7258	0.904289355394021
7260	0.928811382953654
7262	0.955558001447725
7264	0.972411972378954
7266	0.974954154197987
7268	0.931958148583816
7270	0.900210228166537
7272	0.912952853553141
7274	0.92453010621028
7276	0.933531900540241
7278	0.934099727722956
7280	0.920929015602911
7282	0.919537288027695
7284	0.923
7286	0.91972956145276
7288	0.918
7290	0.912819414063608
7292	0.915455963008757
7294	0.934096120807506
7296	0.939725071884464
7298	0.948017039098237
7300	0.959446553589673
7302	0.932862599362487
7304	0.9184748166201
7306	0.936919125423333
7308	0.917477177981292
7310	0.889796971321766
7312	0.89684632815486
7314	0.902
7316	0.908135620849087
7318	0.928781614066694
7320	0.920357247667074
7322	0.875777316856503
7324	0.872149984560823
7326	0.88722098513695
7328	0.885710708030644
7330	0.893225471420074
7332	0.89048119731409
7334	0.874770039011627
7336	0.88775729385405
7338	0.893118659331996
7340	0.861053218636733
7342	0.851534513660329
7344	0.865241183115247
7346	0.874594742321346
7348	0.877350865462376
7350	0.876
7352	0.868449772834604
7354	0.86
7356	0.868905578217233
7358	0.873697242680595
7360	0.861785379067747
7362	0.844477234266391
7364	0.826778195758473
7366	0.832491263732674
7368	0.861882607815136
7370	0.855459279521418
7372	0.839690957989709
7374	0.848274849812166
7376	0.841101235738834
7378	0.82140892954351
7380	0.822312632329798
7382	0.817716174391354
7384	0.810685571842882
7386	0.818603641247719
7388	0.832632446574065
7390	0.824097272790353
7392	0.786501789721983
7394	0.761043248907721
7396	0.769939167254
7398	0.775679288487123
7400	0.778643218853069
7402	0.782338746329903
7404	0.772368081611513
7406	0.767986454751269
7408	0.76801219837824
7410	0.749380361001244
7412	0.726028517000658
7414	0.7236557882733
7416	0.735986376153676
7418	0.731016395153896
7420	0.708347067383648
7422	0.699668515563069
7424	0.696001426474115
7426	0.692
7428	0.699669623622682
7430	0.709667538045784
7432	0.701324093352108
7434	0.695
7436	0.704344422892793
7438	0.697306664641538
7440	0.661604350137321
7442	0.640659538466333
7444	0.662401555302271
7446	0.684355643402466
7448	0.673612645989449
7450	0.660655946811695
7452	0.667034853305888
7454	0.670327075492189
7456	0.667326626868496
7458	0.661630889556036
7460	0.648280102677438
7462	0.648048320020207
7464	0.656
7466	0.642568210482527
7468	0.624619669071546
7470	0.62132348485748
7472	0.630446605092847
7474	0.648032239168538
7476	0.630476345778843
7478	0.605965068074785
7480	0.625502634386367
7482	0.641679208556314
7484	0.627203424863981
7486	0.617319893529111
7488	0.623041664202177
7490	0.614870966782002
7492	0.588459662931953
7494	0.575318098395453
7496	0.585094103368265
7498	0.591
7500	0.585583759240138
7502	0.56579563468888
7504	0.548579269667261
7506	0.552422975119177
7508	0.551574780094386
7510	0.541258031042975
7512	0.541371882392172
7514	0.543313609847084
7516	0.534192126231782
7518	0.529687288066575
7520	0.532687737023405
7522	0.521429957715727
7524	0.502868192283039
7526	0.497621832846438
7528	0.498379065068136
7530	0.503689981491356
7532	0.504690429744454
7534	0.508381757402567
7536	0.507926017025659
7538	0.49784934031034
7540	0.491307774428227
7542	0.496848721700218
7544	0.517931231724394
7546	0.52322571148109
7548	0.501365768042837
7550	0.49847235022151
7552	0.512169514009539
7554	0.513609264082245
7556	0.511
7558	0.520177590979868
7560	0.522213143519434
7562	0.500936879999379
7564	0.501278508304201
7566	0.521584487925038
7568	0.520808942160236
7570	0.522892710180742
7572	0.534398815109073
7574	0.528500717440881
7576	0.528501527345557
7578	0.53670075371168
7580	0.539103608005528
7582	0.535088438622628
7584	0.521595798835664
7586	0.522297450461002
7588	0.522405996991655
7590	0.540848260102724
7592	0.56251948053741
7594	0.552660894417066
7596	0.539180823911768
7598	0.526421355309827
7600	0.467712189843042
7602	0.437412280347413
7604	0.497556976090917
7606	0.544363342786294
7608	0.524095181381262
7610	0.544282528023593
7612	0.592167693208573
7614	0.591202830205122
7616	0.574162869699988
7618	0.590936241452071
7620	0.608130541468736
7622	0.600314970223405
7624	0.580889223210953
7626	0.573
7628	0.556032341704102
7630	0.558686368240906
7632	0.600544596618243
7634	0.615286677829337
7636	0.605431144360252
7638	0.593286239318103
7640	0.604864042765438
7642	0.651302359996242
7644	0.649119807909094
7646	0.587655483740526
7648	0.550417679295338
7650	0.575621348857479
7652	0.611195154928062
7654	0.63574248809137
7656	0.626944360444497
7658	0.595969039532721
7660	0.635417255077715
7662	0.653560786894483
7664	0.628919222859357
7666	0.627043531271334
7668	0.652209526893004
7670	0.632293368723531
7672	0.617721850602959
7674	0.634222995597889
7676	0.647890994066474
7678	0.648276802526552
7680	0.647
7682	0.629138573414435
7684	0.603479103433067
7686	0.60897492322308
7688	0.634979861753239
7690	0.658710682333979
7692	0.671
7694	0.647464237836863
7696	0.611273155220163
7698	0.619915290327251
7700	0.665475239487511
7702	0.696828669269206
7704	0.689709673840618
7706	0.662787257974837
7708	0.646080277877946
7710	0.655764553853612
7712	0.691424070894836
7714	0.702731276656525
7716	0.694414469479805
7718	0.663285206877036
7720	0.657395741162085
7722	0.688928377193033
7724	0.703
7726	0.689394268864449
7728	0.681265580916541
7730	0.686674340203733
7732	0.698411901988205
7734	0.699792704385321
7736	0.674484359250714
7738	0.656526673762894
7740	0.674319569055356
7742	0.700113171354336
7744	0.711214029967126
7746	0.714476917891741
7748	0.720955630545623
7750	0.720781930218921
7752	0.711040777796078
7754	0.712961018033072
7756	0.715296482672221
7758	0.691623876663108
7760	0.674775198128749
7762	0.692130743708711
7764	0.719197489761871
7766	0.711542315034564
7768	0.717947171608551
7770	0.735206916026472
7772	0.734767117688219
7774	0.726765770816356
7776	0.726
7778	0.718780513169473
7780	0.698539108278803
7782	0.70022576690264
7784	0.72046987085778
7786	0.722010255829572
7788	0.713504230001125
7790	0.733225009344002
7792	0.730517042803782
7794	0.684018441260154
7796	0.683744569714616
7798	0.710000518114945
7800	0.684487273307494
7802	0.666004106709268
7804	0.712295744658516
7806	0.750759622954878
7808	0.732219143878534
7810	0.714235887476826
7812	0.712
7814	0.720783481503961
7816	0.745804198617126
7818	0.743189964938136
7820	0.688347988830934
7822	0.655977936014975
7824	0.686875247832785
7826	0.721346197090158
7828	0.740541172577041
7830	0.739213444734983
7832	0.715391359862339
7834	0.695450746200025
7836	0.694275973032023
7838	0.697
7840	0.683163999672763
7842	0.676520009098405
7844	0.695885895584373
7846	0.702717292608665
7848	0.681102441620963
7850	0.678856196412345
7852	0.705671479814818
7854	0.722050790060124
7856	0.728289439415581
7858	0.705200900568834
7860	0.667595514406528
7862	0.677938410327938
7864	0.710239072950986
7866	0.722234608983276
7868	0.70940496015593
7870	0.709065152598958
7872	0.718300211319707
7874	0.718534372126798
7876	0.718929459919085
7878	0.691478740344134
7880	0.683842664669438
7882	0.714072688136611
7884	0.728538861224765
7886	0.727460240860659
7888	0.717378028838251
7890	0.704916890063017
7892	0.71825470785925
7894	0.73740172228237
7896	0.742
7898	0.737682282423723
7900	0.738546042964512
7902	0.736679588682744
7904	0.730678242504013
7906	0.722128159386918
7908	0.723874085399521
7910	0.750954788669449
7912	0.762897140022084
7914	0.754776163160136
7916	0.762329836350892
7918	0.756560572483442
7920	0.730337349540643
7922	0.714777958987453
7924	0.740232935052811
7926	0.758778856675563
7928	0.740427638038645
7930	0.741017791311235
7932	0.773142646116522
7934	0.765974127457589
7936	0.749313396008007
7938	0.748
7940	0.741872005684031
7942	0.739564895071644
7944	0.756828964926516
7946	0.762783345449481
7948	0.774270355250485
7950	0.785352729429252
7952	0.776722463197031
7954	0.756933730481072
7956	0.749
7958	0.760288311777871
7960	0.76364053861792
7962	0.751491447410673
7964	0.74242522991796
7966	0.752090505980646
7968	0.759423434090643
7970	0.747267608530952
7972	0.748156722613268
7974	0.762527407274237
7976	0.77869086424682
7978	0.785047362374099
7980	0.748225587938306
7982	0.888462242679081
7984	1.42964334092247
7986	1.60869097084045
7988	0.986313119025245
7990	0.764030504364201
7992	0.746
7994	0.742588236327102
7996	0.779685909537607
7998	0.786229903531243
8000	0.760863489504199
8002	0.756387741978103
8004	0.774963621377562
8006	0.783203188905414
8008	0.759041099228791
8010	0.75758396305771
8012	0.767596315930148
8014	0.774194427687617
8016	0.78059811134757
8018	0.777601486106782
8020	0.7620004641164
8022	0.749598792363059
8024	0.778220436070445
8026	0.803801299642953
8028	0.778172022403471
8030	0.756384617103711
8032	0.751394706973115
8034	0.735559758886463
8036	0.712571644583187
8038	0.72184392502421
8040	0.747044421413059
8042	0.744365762309846
8044	0.727778639776477
8046	0.744669468158021
8048	0.757612475940912
8050	0.742126452845214
8052	0.724157189629139
8054	0.731460672149125
8056	0.74080803297547
8058	0.725915180677003
8060	0.728471447113028
8062	0.765187593030784
8064	0.764282056694072
8066	0.724984171111589
8068	0.722296538710621
8070	0.73543352644207
8072	0.750927859711966
8074	0.773932798237091
8076	0.768062263237783
8078	0.747122177115991
8080	0.753693936062479
8082	0.766255473577307
8084	0.764742731352905
8086	0.751481871047515
8088	0.738739139694604
8090	0.726659023697272
8092	0.707471096072609
8094	0.703816561115377
8096	0.713719070505445
8098	0.723
8100	0.710274644098947
8102	0.712910141656171
8104	0.725637611799049
8106	0.696434161231866
8108	0.673081778224233
8110	0.690021678452405
8112	0.692358796912259
8114	0.699568404009258
8116	0.739072969652644
8118	0.743424419380771
8120	0.714841655452269
8122	0.698708618035748
8124	0.704939766687355
8126	0.711
8128	0.693285501630865
8130	0.668753588604713
8132	0.655874549515923
8134	0.652
8136	0.653
8138	0.653
8140	0.663441965743409
8142	0.665035995763412
8144	0.630616557078519
8146	0.603374144375268
8148	0.604486042729761
8150	0.599854350666251
8152	0.588511264050714
8154	0.597640220856396
8156	0.613152382821684
8158	0.603352595827005
8160	0.590674502084352
8162	0.591831822587799
8164	0.583174099187598
8166	0.569003676991245
8168	0.572999016749733
8170	0.595670657811657
8172	0.63201321269505
8174	0.637992903040029
8176	0.591620976716064
8178	0.558152101478002
8180	0.583553123669027
8182	0.620708367848043
8184	0.616632399070028
8186	0.586279073302422
8188	0.579350632026626
8190	0.597381069634853
8192	0.590775884876536
8194	0.564609951228546
8196	0.567715629361839
8198	0.587719221020134
8200	0.59636140633922
8202	0.612408005420918
8204	0.632729995995029
8206	0.645050185589168
8208	0.652842146555023
8210	0.635203662834046
8212	0.599825199563686
8214	0.57103458546833
8216	0.559156057617656
8218	0.574599520624162
8220	0.568241278897993
8222	0.539475374479376
8224	0.508468191162786
8226	0.464383885788526
8228	0.445306729793215
8230	0.47294168120443
8232	0.518645726375145
8234	0.55202376566045
8236	0.574484309307112
8238	0.581848879887542
8240	0.597191946132446
8242	0.592652445872169
8244	0.58
8246	0.58840270225024
8248	0.585595501920614
8250	0.570187412182935
8252	0.546923719649544
8254	0.524180235821996
8256	0.525411677916316
8258	0.539120210615457
8260	0.551122904356438
8262	0.570396929845252
8264	0.586418860632869
8266	0.575303522960452
8268	0.550877030053701
8270	0.530295441729274
8272	0.518717445063156
8274	0.506715204646911
8276	0.504857408027448
8278	0.512431427937108
8280	0.514858305941107
8282	0.519717509795872
8284	0.507267165307115
8286	0.492561389326195
8288	0.517341930889049
8290	0.529139449416974
8292	0.519556001838742
8294	0.515
8296	0.530342758909793
8298	0.54
8300	0.531686027552625
8302	0.51536756553696
8304	0.485317229146714
8306	0.473728282719926
8308	0.505156393752393
8310	0.528730078271947
8312	0.52286548809326
8314	0.527402188848354
8316	0.499271437866798
8318	0.476798995513915
8320	0.483203698227058
8322	0.495338659973358
8324	0.501736361903004
8326	0.50747451963333
8328	0.516476315460645
8330	0.512521889244323
8332	0.501910163476558
8334	0.477554892758066
8336	0.476483498243124
8338	0.490227941108415
8340	0.489512910098576
8342	0.480255558913918
8344	0.511453389997396
8346	0.489172038582492
8348	0.464252865172939
8350	0.474244098222157
8352	0.486246791963139
8354	0.497249484938641
8356	0.492872458203913
8358	0.48224837585797
8360	0.490257566169821
8362	0.49687670998559
8364	0.506017264385914
8366	0.507734357969593
8368	0.474194992685831
8370	0.453607475406364
8372	0.463273723253345
8374	0.466241194335224
8376	0.449081334999934
8378	0.444760601247925
8380	0.466449744556216
8382	0.478
8384	0.459065172537582
8386	0.469938859980921
8388	0.474234910979468
8390	0.449521084927767
8392	0.446417212119627
8394	0.467955022426788
8396	0.437428852910724
8398	0.455580572715074
8400	0.47854095253678
8402	0.459486067810717
8404	0.458202952341388
8406	0.490958530109046
8408	0.493016702472296
8410	0.468237697829895
8412	0.454560345138527
8414	0.457553519716493
8416	0.470332973315723
8418	0.470442888628869
8420	0.463110273312859
8422	0.475901756444274
8424	0.475875003186275
8426	0.457326779322988
8428	0.489721972842103
8430	0.52091970563832
8432	0.514537902396696
8434	0.513785736954982
8436	0.52067995230296
8438	0.516424934435399
8440	0.500057846520193
8442	0.477948021256713
8444	0.488846244701292
8446	0.515851183231446
8448	0.49397578968448
8450	0.459242479681684
8452	0.485731997643884
8454	0.512281499181024
8456	0.505613164103864
8458	0.495305235181446
8460	0.493
8462	0.493
8464	0.489301194569977
8466	0.488800101329791
8468	0.497502498110919
8470	0.499198102841059
8472	0.483887422169171
8474	0.455668609601198
8476	0.450120650779512
8478	0.497568587197185
8480	0.525322347113013
8482	0.526807282803093
8484	0.533808180716751
8486	0.516240988902325
8488	0.496285035474607
8490	0.522486994118683
8492	0.534905886089704
8494	0.529
8496	0.565135680085589
8498	0.571463839818732
8500	0.538661742124489
8502	0.529908129949914
8504	0.537634315626973
8506	0.530545832818558
8508	0.527
8510	0.529
8512	0.530910374642652
8514	0.531
8516	0.518709819542186
8518	0.521382050601594
8520	0.548682543121799
8522	0.580689277474207
8524	0.5806954603591
8526	0.546556704585026
8528	0.545225688318945
8530	0.578716214884008
8532	0.594574315977979
8534	0.586762190624042
8536	0.575084238889827
8538	0.60890525168648
8540	0.648083249272224
8542	0.608403868521008
8544	0.549978655916473
8546	0.5520980545634
8548	0.595205986177065
8550	0.625783543109523
8552	0.665467684785172
8554	0.669561394486596
8556	0.615392510106456
8558	0.595158602759187
8560	0.611132623354626
8562	0.624607982674908
8564	0.629844090984537
8566	0.62146503894793
8568	0.617922942465509
8570	0.641774262757376
8572	0.671009924929163
8574	0.681848578671991
8576	0.666827878778919
8578	0.652224438479943
8580	0.651
8582	0.65470434035171
8584	0.666485738316499
8586	0.670146033994995
8588	0.678346879124873
8590	0.704134559648463
8592	0.695860052869571
8594	0.654424442312709
8596	0.64385845368239
8598	0.667156109576285
8600	0.673930124683586
8602	0.669069426359127
8604	0.680586135588958
8606	0.686862943110896
8608	0.690795761538204
8610	0.696067631480927
8612	0.659612380578397
8614	0.620867536374481
8616	0.652276600128631
8618	0.706485779967003
8620	0.685373120632342
8622	0.671870124387637
8624	0.710516756475464
8626	0.720256159566418
8628	0.694890273080452
8630	0.676378851862177
8632	0.691184990743342
8634	0.714439794829914
8636	0.721876407875861
8638	0.719184041315718
8640	0.717
8642	0.714241796766327
8644	0.707180000704254
8646	0.705059551338661
8648	0.704
8650	0.708765386303665
8652	0.708232817867189
8654	0.685577555095088
8656	0.684885384972596
8658	0.703317697317543
8660	0.737153855999359
8662	0.738335763859274
8664	0.707888186982109
8666	0.691385439106872
8668	0.672546138284248
8670	0.660270824355691
8672	0.65994628408615
8674	0.66
8676	0.672577456005788
8678	0.674052370008502
8680	0.695273105276549
8682	0.663492690750492
8684	0.621612277656189
8686	0.661381626202068
8688	0.676401001794853
8690	0.65719870527277
8692	0.662852317917288
8694	0.643829232861496
8696	0.617338306124303
8698	0.637281792664364
8700	0.648142297509917
8702	0.630281901278861
8704	0.649301981155303
8706	0.676585229304656
8708	0.662502003435859
8710	0.643316314034097
8712	0.644865783576125
8714	0.644132869552015
8716	0.6292630453603
8718	0.63286982419171
8720	0.633
8722	0.645702535013236
8724	0.649
8726	0.64320798542225
8728	0.60882296255239
8730	0.58040699170789
8732	0.600396246790595
8734	0.60511940377139
8736	0.589314818723501
8738	0.560661357513538
8740	0.536346089832748
8742	0.56120188515994
8744	0.596549321864569
8746	0.595185542680403
8748	0.563696532005752
8750	0.544108631867264
8752	0.577141720025777
8754	0.628223120407233
8756	0.613732138790602
8758	0.528548667359161
8760	0.506694307143747
8762	0.562262627856171
8764	0.533793631000121
8766	0.509934761997893
8768	0.576970527011764
8770	0.579222054518376
8772	0.56609381935167
8774	0.579907527518817
8776	0.527002381717612
8778	0.463867861155271
8780	0.437117909279878
8782	0.494984007306158
8784	0.513028579405394
8786	0.489421956721618
8788	0.463304496399014
8790	0.478645964166105
8792	0.490973215431144
8794	0.477237020508241
8796	0.46020709324157
8798	0.426534191665718
8800	0.423775101326166
8802	0.476288345517673
8804	0.484216817672039
8806	0.43459104737901
8808	0.424884035310631
8810	0.463545120388291
8812	0.478933111938536
8814	0.457305858891203
8816	0.436149786747788
8818	0.439937152550006
8820	0.439041000386335
8822	0.430060153709017
8824	0.443803977004969
8826	0.462865926604484
8828	0.458074817539713
8830	0.460926978289441
8832	0.473893161177881
8834	0.473034715026129
8836	0.458152186026148
8838	0.431246909024457
8840	0.402192139737621
8842	0.412844373120287
8844	0.415030227462281
8846	0.428838687482568
8848	0.456857841680193
8850	0.35501874872736
8852	0.189985525888018
8854	0.279816055669214
8856	0.437341739849976
8858	0.453023944106522
8860	0.449965430710703
8862	0.467900332743584
8864	0.47202125036555
8866	0.472959295096223
8868	0.477029181807342
8870	0.458083504895735
8872	0.44307063491568
8874	0.42210056488608
8876	0.403039657249425
8878	0.419925175074035
8880	0.463795998106127
8882	0.530841945810382
8884	0.468294558451459
8886	0.367216131747846
8888	0.426779973728584
8890	0.469932943305181
8892	0.473008681623025
8894	0.466015567416904
8896	0.451027543175514
8898	0.450991018181042
8900	0.466979640141086
8902	0.457018873385814
8904	0.441008240430189
8906	0.447992805224757
8908	0.439007501723785
8910	0.406005120664316
8912	0.410003250308175
8914	0.458013127358447
8916	0.494005228274709
8918	0.496986548494066
8920	0.467966959333784
8922	0.457055028084881
8924	0.505036926047975
8926	0.506907896169568
8928	0.457985046480785
8930	0.463062810056384
8932	0.479921182995559
8934	0.443933891728325
8936	0.429038739423153
8938	0.44197008419931
8940	0.416781308023129
8942	0.352910546040635
8944	0.346161260673811
8946	0.393124463799304
8948	0.412950638403503
8950	0.399017351780076
8952	0.407972625458026
8954	0.390846819126222
8956	0.366120273142795
8958	0.406230377587166
8960	0.430879872681301
8962	0.400761237934498
8964	0.364988181421005
8966	0.379208548109041
8968	0.399923701044061
8970	0.378881520013148
8972	0.37620420100408
8974	0.405112498860455
8976	0.412956466055464
8978	0.41405984108852
8980	0.409676406512217
8982	0.363603545736639
8984	0.315722778834826
8986	0.284899463494838
8988	0.286378510902492
8990	0.338529619935585
8992	0.390181019532159
8994	0.411371018210086
8996	0.447998653956208
8998	0.447856932271514
9000	0.447715210586819
