# based on SN2011fe
# The UV and optical spectra are from HST  with a blackbody extension. 
      1020.00  6.22634e-17
      1040.00  6.85899e-17
      1060.00  7.51475e-17
      1080.00  8.19110e-17
      1100.00  8.88543e-17
      1120.00  9.59508e-17
      1140.00  1.03174e-16
      1160.00  1.10496e-16
      1180.00  1.17891e-16
      1200.00  1.25334e-16
      1220.00  1.32798e-16
      1240.00  1.40259e-16
      1260.00  1.47693e-16
      1280.00  1.55080e-16
      1300.00  9.03339e-17
      1320.00  1.53537e-16
      1340.00  3.39295e-16
      1360.00  6.06230e-16
      1380.00  5.45240e-16
      1400.00  3.10725e-16
      1420.00  2.27338e-16
      1440.00  2.27239e-16
      1460.00  3.84568e-16
      1480.00  7.63616e-16
      1500.00  1.21163e-15
      1520.00  1.60979e-15
      1540.00  1.69075e-15
      1560.00  1.46738e-15
      1580.00  1.22230e-15
      1600.00  1.53888e-15
      1620.00  2.28311e-15
      1640.00  2.59471e-15
      1660.00  2.68195e-15
      1680.00  2.58297e-15
      1700.00  2.25999e-15
      1720.00  4.35146e-15
      1740.00  1.25418e-14
      1760.00  2.08824e-14
      1780.00  2.24922e-14
      1800.00  2.00384e-14
      1820.00  2.00594e-14
      1840.00  2.47691e-14
      1860.00  2.59663e-14
      1880.00  3.36105e-14
      1900.00  3.64590e-14
      1920.00  3.83357e-14
      1940.00  2.94027e-14
      1960.00  3.02309e-14
      1980.00  2.82136e-14
      2000.00  3.13188e-14
      2020.00  3.66537e-14
      2040.00  3.55099e-14
      2060.00  3.30009e-14
      2080.00  2.67563e-14
      2100.00  2.58050e-14
      2120.00  2.09614e-14
      2140.00  1.97010e-14
      2160.00  1.82544e-14
      2180.00  1.65488e-14
      2200.00  1.49364e-14
      2220.00  1.38838e-14
      2240.00  1.32688e-14
      2260.00  1.35962e-14
      2280.00  1.46566e-14
      2300.00  1.69143e-14
      2320.00  2.27230e-14
      2340.00  2.96832e-14
      2360.00  3.30120e-14
      2380.00  3.41424e-14
      2400.00  3.55617e-14
      2420.00  3.11306e-14
      2440.00  2.77969e-14
      2460.00  2.49680e-14
      2480.00  2.46226e-14
      2500.00  2.71985e-14
      2520.00  3.61014e-14
      2540.00  4.98837e-14
      2560.00  5.46034e-14
      2580.00  5.32289e-14
      2600.00  4.50387e-14
      2620.00  3.31609e-14
      2640.00  2.95497e-14
      2660.00  3.03720e-14
      2680.00  4.06006e-14
      2700.00  6.01843e-14
      2720.00  7.44667e-14
      2740.00  8.58016e-14
      2760.00  1.00998e-13
      2780.00  1.18502e-13
      2800.00  1.18161e-13
      2820.00  1.15241e-13
      2840.00  1.22979e-13
      2860.00  1.39335e-13
      2880.00  1.72898e-13
      2900.00  2.36506e-13
      2920.00  2.83230e-13
      2940.00  3.10925e-13
      2960.00  3.18697e-13
      2980.00  2.99071e-13
      3000.00  2.54391e-13
      3020.00  2.36396e-13
      3040.00  2.40735e-13
      3060.00  2.26415e-13
      3080.00  2.19997e-13
      3100.00  2.27774e-13
      3120.00  2.55789e-13
      3140.00  3.03623e-13
      3160.00  3.47308e-13
      3180.00  3.89705e-13
      3200.00  3.94936e-13
      3220.00  3.48262e-13
      3240.00  2.88663e-13
      3260.00  2.62569e-13
      3280.00  2.48336e-13
      3300.00  2.46691e-13
      3320.00  2.63504e-13
      3340.00  3.01291e-13
      3360.00  3.14282e-13
      3380.00  3.11052e-13
      3400.00  3.41135e-13
      3420.00  3.57079e-13
      3440.00  3.68843e-13
      3460.00  3.95355e-13
      3480.00  4.10944e-13
      3500.00  4.71586e-13
      3520.00  5.56364e-13
      3540.00  6.11209e-13
      3560.00  6.62195e-13
      3580.00  7.05193e-13
      3600.00  6.93394e-13
      3620.00  6.56983e-13
      3640.00  6.86871e-13
      3660.00  7.17700e-13
      3680.00  7.04463e-13
      3700.00  5.69163e-13
      3720.00  4.45792e-13
      3740.00  3.75340e-13
      3760.00  3.64131e-13
      3780.00  3.44436e-13
      3800.00  3.26196e-13
      3820.00  3.45642e-13
      3840.00  4.15915e-13
      3860.00  5.35137e-13
      3880.00  7.20112e-13
      3900.00  8.45752e-13
      3920.00  8.91456e-13
      3940.00  9.25136e-13
      3960.00  9.36413e-13
      3980.00  8.28063e-13
      4000.00  7.18367e-13
      4020.00  6.95094e-13
      4040.00  7.65634e-13
      4060.00  8.27174e-13
      4080.00  8.64008e-13
      4100.00  8.69934e-13
      4120.00  8.43838e-13
      4140.00  8.11765e-13
      4160.00  7.85148e-13
      4180.00  7.96800e-13
      4200.00  7.80767e-13
      4220.00  7.13760e-13
      4240.00  6.50301e-13
      4260.00  6.06872e-13
      4280.00  5.58183e-13
      4300.00  4.95888e-13
      4320.00  4.64671e-13
      4340.00  4.78616e-13
      4360.00  5.04827e-13
      4380.00  5.11478e-13
      4400.00  5.18747e-13
      4420.00  5.24551e-13
      4440.00  5.12159e-13
      4460.00  5.51690e-13
      4480.00  6.13588e-13
      4500.00  6.68463e-13
      4520.00  6.84419e-13
      4540.00  6.92002e-13
      4560.00  6.68231e-13
      4580.00  6.50162e-13
      4600.00  6.67517e-13
      4620.00  6.70204e-13
      4640.00  6.29298e-13
      4660.00  5.62334e-13
      4680.00  5.04881e-13
      4700.00  4.96883e-13
      4720.00  4.76650e-13
      4740.00  4.47727e-13
      4760.00  4.19038e-13
      4780.00  4.02682e-13
      4800.00  4.15788e-13
      4820.00  3.99009e-13
      4840.00  3.66552e-13
      4860.00  3.27538e-13
      4880.00  3.17024e-13
      4900.00  3.47312e-13
      4920.00  3.93408e-13
      4940.00  4.04976e-13
      4960.00  3.82932e-13
      4980.00  3.63755e-13
      5000.00  3.54157e-13
      5020.00  3.62954e-13
      5040.00  3.81043e-13
      5060.00  3.96997e-13
      5080.00  4.32552e-13
      5100.00  4.66298e-13
      5120.00  4.94815e-13
      5140.00  5.03438e-13
      5160.00  4.81844e-13
      5180.00  4.73094e-13
      5200.00  4.84235e-13
      5220.00  4.95514e-13
      5240.00  4.59553e-13
      5260.00  3.91372e-13
      5280.00  3.35406e-13
      5300.00  3.04374e-13
      5320.00  3.14726e-13
      5340.00  3.26553e-13
      5360.00  3.43748e-13
      5380.00  3.59820e-13
      5400.00  3.54255e-13
      5420.00  3.37319e-13
      5440.00  3.08017e-13
      5460.00  2.74351e-13
      5480.00  2.59620e-13
      5500.00  2.79251e-13
      5520.00  3.27106e-13
      5540.00  3.68281e-13
      5560.00  3.99751e-13
      5580.00  4.09100e-13
      5600.00  4.12498e-13
      5620.00  4.15636e-13
      5640.00  4.06518e-13
      5660.00  3.95856e-13
      5680.00  3.85373e-13
      5700.00  3.77894e-13
      5720.00  3.70934e-13
      5740.00  3.55617e-13
      5760.00  3.36525e-13
      5780.00  3.23862e-13
      5800.00  3.20927e-13
      5820.00  3.33021e-13
      5840.00  3.48227e-13
      5860.00  3.53541e-13
      5880.00  3.53025e-13
      5900.00  3.50376e-13
      5920.00  3.49960e-13
      5940.00  3.51643e-13
      5960.00  3.48174e-13
      5980.00  3.41985e-13
      6000.00  3.39403e-13
      6020.00  3.32517e-13
      6040.00  3.22739e-13
      6060.00  2.93296e-13
      6080.00  2.27078e-13
      6100.00  1.61581e-13
      6120.00  1.22335e-13
      6140.00  1.06514e-13
      6160.00  1.09161e-13
      6180.00  1.26494e-13
      6200.00  1.58496e-13
      6220.00  2.00565e-13
      6240.00  2.38820e-13
      6260.00  2.70574e-13
      6280.00  2.89027e-13
      6300.00  3.02204e-13
      6320.00  3.10863e-13
      6340.00  3.07641e-13
      6360.00  3.00958e-13
      6380.00  2.94204e-13
      6400.00  2.89367e-13
      6420.00  2.86377e-13
      6440.00  2.81280e-13
      6460.00  2.70504e-13
      6480.00  2.64907e-13
      6500.00  2.57519e-13
      6520.00  2.52866e-13
      6540.00  2.44210e-13
      6560.00  2.39841e-13
      6580.00  2.31403e-13
      6600.00  2.24393e-13
      6620.00  2.15055e-13
      6640.00  2.07071e-13
      6660.00  1.98921e-13
      6680.00  1.92837e-13
      6700.00  1.86689e-13
      6720.00  1.81940e-13
      6740.00  1.74582e-13
      6760.00  1.67550e-13
      6780.00  1.61112e-13
      6800.00  1.54860e-13
      6820.00  1.53378e-13
      6840.00  1.50728e-13
      6860.00  1.49055e-13
      6880.00  1.43726e-13
      6900.00  1.40291e-13
      6920.00  1.37060e-13
      6940.00  1.34188e-13
      6960.00  1.32719e-13
      6980.00  1.30357e-13
      7000.00  1.28464e-13
      7020.00  1.23732e-13
      7040.00  1.23375e-13
      7060.00  1.20945e-13
      7080.00  1.20541e-13
      7100.00  1.20666e-13
      7120.00  1.21174e-13
      7140.00  1.18889e-13
      7160.00  1.16465e-13
      7180.00  1.15409e-13
      7200.00  1.13620e-13
      7220.00  1.13343e-13
      7240.00  1.09973e-13
      7260.00  1.09041e-13
      7280.00  1.05033e-13
      7300.00  1.02167e-13
      7320.00  9.63679e-14
      7340.00  9.15992e-14
      7360.00  8.63494e-14
      7380.00  8.51580e-14
      7400.00  8.13918e-14
      7420.00  7.91073e-14
      7440.00  7.67412e-14
      7460.00  7.05489e-14
      7480.00  6.53011e-14
      7500.00  6.02798e-14
      7520.00  6.20784e-14
      7540.00  6.50177e-14
      7560.00  6.83122e-14
      7580.00  7.25362e-14
      7600.00  7.43492e-14
      7620.00  7.45004e-14
      7640.00  7.72906e-14
      7660.00  7.52771e-14
      7680.00  7.82212e-14
      7700.00  7.84294e-14
      7720.00  7.61253e-14
      7740.00  7.69107e-14
      7760.00  8.46336e-14
      7780.00  8.60970e-14
      7800.00  9.00447e-14
      7820.00  9.18749e-14
      7840.00  9.01713e-14
      7860.00  9.77774e-14
      7880.00  9.27481e-14
      7900.00  9.45980e-14
      7920.00  9.76918e-14
      7940.00  9.02396e-14
      7960.00  9.05966e-14
      7980.00  9.07990e-14
      8000.00  8.47129e-14
      8020.00  8.65095e-14
      8040.00  8.08689e-14
      8060.00  7.16601e-14
      8080.00  7.50700e-14
      8100.00  7.76292e-14
      8120.00  7.26823e-14
      8140.00  6.98525e-14
      8160.00  6.69768e-14
      8180.00  5.84460e-14
      8200.00  4.89554e-14
      8220.00  4.41093e-14
      8240.00  4.22620e-14
      8260.00  4.25587e-14
      8280.00  4.36161e-14
      8300.00  4.27385e-14
      8320.00  4.45131e-14
      8340.00  4.87579e-14
      8360.00  5.03523e-14
      8380.00  5.33383e-14
      8400.00  5.89283e-14
      8420.00  6.91856e-14
      8440.00  7.92170e-14
      8460.00  8.47227e-14
      8480.00  8.46159e-14
      8500.00  9.22430e-14
      8520.00  9.69645e-14
      8540.00  9.34287e-14
      8560.00  9.76647e-14
      8580.00  9.90220e-14
      8600.00  9.64086e-14
      8620.00  9.57155e-14
      8640.00  9.46948e-14
      8660.00  9.33443e-14
      8680.00  9.31525e-14
      8700.00  9.18763e-14
      8720.00  9.08700e-14
      8740.00  8.87020e-14
      8760.00  8.67897e-14
      8780.00  8.36654e-14
      8800.00  8.06341e-14
      8820.00  7.72827e-14
      8840.00  7.32731e-14
      8860.00  6.75729e-14
      8880.00  6.41519e-14
      8900.00  5.92644e-14
      8920.00  5.67920e-14
      8940.00  5.65211e-14
      8960.00  5.60614e-14
      8980.00  5.62770e-14
      9000.00  5.70527e-14
      9020.00  5.71236e-14
      9040.00  5.81195e-14
      9060.00  5.68379e-14
      9080.00  5.50901e-14
      9100.00  5.33066e-14
      9120.00  5.08933e-14
      9140.00  4.96028e-14
      9160.00  4.96069e-14
      9180.00  5.00432e-14
      9200.00  5.10625e-14
      9220.00  5.10884e-14
      9240.00  5.10220e-14
      9260.00  5.13480e-14
      9280.00  5.05924e-14
      9300.00  4.91856e-14
      9320.00  4.89881e-14
      9340.00  4.84464e-14
      9360.00  4.75160e-14
      9380.00  4.65756e-14
      9400.00  4.61187e-14
      9420.00  4.44751e-14
      9440.00  4.35079e-14
      9460.00  4.22835e-14
      9480.00  4.13772e-14
      9500.00  4.12361e-14
      9520.00  4.02338e-14
      9540.00  3.89678e-14
      9560.00  3.75054e-14
      9580.00  3.64748e-14
      9600.00  3.48409e-14
      9620.00  3.35915e-14
      9640.00  3.24554e-14
      9660.00  3.16878e-14
      9680.00  3.05611e-14
      9700.00  2.92871e-14
      9720.00  2.85122e-14
      9740.00  2.77984e-14
      9760.00  2.72046e-14
      9780.00  2.67495e-14
      9800.00  2.62506e-14
      9820.00  2.57808e-14
      9840.00  2.51924e-14
      9860.00  2.45370e-14
      9880.00  2.43213e-14
      9900.00  2.37890e-14
      9920.00  2.35643e-14
      9940.00  2.33037e-14
      9960.00  2.31977e-14
      9980.00  2.29673e-14
      10000.0  2.25252e-14
      10020.0  2.26522e-14
      10040.0  2.16209e-14
      10060.0  2.17632e-14
      10080.0  2.13612e-14
      10100.0  2.10155e-14
      10120.0  2.02758e-14
      10140.0  1.97479e-14
      10160.0  1.95537e-14
      10180.0  1.91177e-14
      10200.0  1.89819e-14
      10220.0  1.86927e-14
      10240.0  1.82579e-14
      10260.0  1.81563e-14
      10280.0  1.77726e-14
      10300.0  1.73459e-14
      10320.0  1.73953e-14
      10340.0  1.71380e-14
      10360.0  1.68845e-14
      10380.0  1.66353e-14
      10400.0  1.64138e-14
      10420.0  1.60534e-14
      10440.0  1.57392e-14
      10460.0  1.53119e-14
      10480.0  1.48701e-14
      10500.0  1.47401e-14
      10520.0  1.46878e-14
      10540.0  1.48382e-14
      10560.0  1.50467e-14
      10580.0  1.55232e-14
      10600.0  1.57686e-14
      10620.0  1.60006e-14
      10640.0  1.61991e-14
      10660.0  1.65095e-14
      10680.0  1.68103e-14
      10700.0  1.70491e-14
      10720.0  1.71734e-14
      10740.0  1.72188e-14
      10760.0  1.71314e-14
      10780.0  1.72527e-14
      10800.0  1.73105e-14
      10820.0  1.74177e-14
      10840.0  1.73222e-14
      10860.0  1.75061e-14
      10880.0  1.75654e-14
      10900.0  1.78663e-14
      10920.0  1.80782e-14
      10940.0  1.80079e-14
      10960.0  1.80721e-14
      10980.0  1.78440e-14
      11000.0  1.75759e-14
      11020.0  1.71151e-14
      11040.0  1.69698e-14
      11060.0  1.68801e-14
      11080.0  1.67456e-14
      11100.0  1.65572e-14
      11120.0  1.65820e-14
      11140.0  1.63323e-14
      11160.0  1.61796e-14
      11180.0  1.60725e-14
      11200.0  1.59497e-14
      11220.0  1.55116e-14
      11240.0  1.56583e-14
      11260.0  1.55455e-14
      11280.0  1.54459e-14
      11300.0  1.50999e-14
      11320.0  1.53429e-14
      11340.0  1.51531e-14
      11360.0  1.48953e-14
      11380.0  1.51155e-14
      11400.0  1.51829e-14
      11420.0  1.49662e-14
      11440.0  1.47787e-14
      11460.0  1.46160e-14
      11480.0  1.50459e-14
      11500.0  1.50528e-14
      11520.0  1.48886e-14
      11540.0  1.47411e-14
      11560.0  1.47899e-14
      11580.0  1.47676e-14
      11600.0  1.47691e-14
      11620.0  1.45739e-14
      11640.0  1.44301e-14
      11660.0  1.43758e-14
      11680.0  1.40395e-14
      11700.0  1.41054e-14
      11720.0  1.39544e-14
      11740.0  1.42389e-14
      11760.0  1.40060e-14
      11780.0  1.38728e-14
      11800.0  1.37852e-14
      11820.0  1.40195e-14
      11840.0  1.38170e-14
      11860.0  1.37943e-14
      11880.0  1.37747e-14
      11900.0  1.37561e-14
      11920.0  1.36720e-14
      11940.0  1.37839e-14
      11960.0  1.37232e-14
      11980.0  1.38492e-14
      12000.0  1.35400e-14
      12020.0  1.37203e-14
      12040.0  1.33567e-14
      12060.0  1.36409e-14
      12080.0  1.37836e-14
      12100.0  1.37658e-14
      12120.0  1.36808e-14
      12140.0  1.38619e-14
      12160.0  1.38744e-14
      12180.0  1.36153e-14
      12200.0  1.36135e-14
      12220.0  1.36712e-14
      12240.0  1.37971e-14
      12260.0  1.39436e-14
      12280.0  1.39688e-14
      12300.0  1.40874e-14
      12320.0  1.42270e-14
      12340.0  1.43591e-14
      12360.0  1.45203e-14
      12380.0  1.46609e-14
      12400.0  1.47840e-14
      12420.0  1.48899e-14
      12440.0  1.50367e-14
      12460.0  1.51180e-14
      12480.0  1.52487e-14
      12500.0  1.54741e-14
      12520.0  1.56342e-14
      12540.0  1.56084e-14
      12560.0  1.57281e-14
      12580.0  1.56613e-14
      12600.0  1.56916e-14
      12620.0  1.56074e-14
      12640.0  1.54936e-14
      12660.0  1.53175e-14
      12680.0  1.51563e-14
      12700.0  1.49935e-14
      12720.0  1.48624e-14
      12740.0  1.46782e-14
      12760.0  1.46464e-14
      12780.0  1.45617e-14
      12800.0  1.43794e-14
      12820.0  1.42668e-14
      12840.0  1.39635e-14
      12860.0  1.37435e-14
      12880.0  1.33418e-14
      12900.0  1.29403e-14
      12920.0  1.28084e-14
      12940.0  1.26065e-14
      12960.0  1.24088e-14
      12980.0  1.22739e-14
      13000.0  1.21510e-14
      13020.0  1.19600e-14
      13040.0  1.18102e-14
      13060.0  1.16652e-14
      13080.0  1.14418e-14
      13100.0  1.13004e-14
      13120.0  1.10921e-14
      13140.0  1.09401e-14
      13160.0  1.08656e-14
      13180.0  1.08065e-14
      13200.0  1.08324e-14
      13220.0  1.07313e-14
      13240.0  1.06555e-14
      13260.0  1.06563e-14
      13280.0  1.06921e-14
      13300.0  1.06433e-14
      13320.0  1.06191e-14
      13340.0  1.05250e-14
      13360.0  1.04229e-14
      13380.0  1.03542e-14
      13400.0  1.03562e-14
      13420.0  1.03514e-14
      13440.0  1.06849e-14
      13460.0  1.05882e-14
      13480.0  1.10732e-14
      13500.0  1.09946e-14
      13520.0  1.50574e-14
      13540.0  1.37243e-14
      13560.0  1.32366e-14
      13580.0  1.28516e-14
      13600.0  1.27996e-14
      13620.0  1.30368e-14
      13640.0  1.22434e-14
      13660.0  1.24405e-14
      13680.0  1.19221e-14
      13700.0  1.19771e-14
      13720.0  1.14102e-14
      13740.0  1.07417e-14
      13760.0  1.05373e-14
      13780.0  1.04455e-14
      13800.0  1.03821e-14
      13820.0  1.09580e-14
      13840.0  1.01758e-14
      13860.0  9.82330e-15
      13880.0  9.45671e-15
      13900.0  9.03753e-15
      13920.0  8.87409e-15
      13940.0  1.00330e-14
      13960.0  8.43146e-15
      13980.0  9.15419e-15
      14000.0  1.04935e-14
      14020.0  7.93599e-15
      14040.0  8.36787e-15
      14060.0  7.89686e-15
      14080.0  8.03240e-15
      14100.0  7.59537e-15
      14120.0  7.28597e-15
      14140.0  7.63549e-15
      14160.0  6.97922e-15
      14180.0  7.25251e-15
      14200.0  6.86359e-15
      14220.0  6.90184e-15
      14240.0  6.68740e-15
      14260.0  6.63135e-15
      14280.0  6.63137e-15
      14300.0  6.57152e-15
      14320.0  6.41014e-15
      14340.0  6.02130e-15
      14360.0  6.61208e-15
      14380.0  6.31024e-15
      14400.0  6.48441e-15
      14420.0  6.33072e-15
      14440.0  6.33126e-15
      14460.0  6.20622e-15
      14480.0  6.11435e-15
      14500.0  6.29316e-15
      14520.0  6.04965e-15
      14540.0  6.16763e-15
      14560.0  6.09192e-15
      14580.0  5.96939e-15
      14600.0  5.99082e-15
      14620.0  6.00853e-15
      14640.0  5.95992e-15
      14660.0  5.89991e-15
      14680.0  5.86394e-15
      14700.0  5.91544e-15
      14720.0  5.79622e-15
      14740.0  5.72244e-15
      14760.0  5.71453e-15
      14780.0  5.64347e-15
      14800.0  5.58503e-15
      14820.0  5.51697e-15
      14840.0  5.49121e-15
      14860.0  5.45045e-15
      14880.0  5.35776e-15
      14900.0  5.29963e-15
      14920.0  5.29751e-15
      14940.0  5.23019e-15
      14960.0  5.12358e-15
      14980.0  5.06721e-15
      15000.0  5.05278e-15
      15020.0  5.04888e-15
      15040.0  5.01062e-15
      15060.0  5.07003e-15
      15080.0  5.19353e-15
      15100.0  5.28016e-15
      15120.0  5.35614e-15
      15140.0  5.42694e-15
      15160.0  5.45926e-15
      15180.0  5.47725e-15
      15200.0  5.48215e-15
      15220.0  5.45302e-15
      15240.0  5.46129e-15
      15260.0  5.47014e-15
      15280.0  5.43585e-15
      15300.0  5.42097e-15
      15320.0  5.47751e-15
      15340.0  5.38167e-15
      15360.0  5.23757e-15
      15380.0  5.17331e-15
      15400.0  5.12859e-15
      15420.0  5.07713e-15
      15440.0  5.02466e-15
      15460.0  4.96709e-15
      15480.0  4.89464e-15
      15500.0  4.82117e-15
      15520.0  4.74828e-15
      15540.0  4.69944e-15
      15560.0  4.65063e-15
      15580.0  4.57883e-15
      15600.0  4.49961e-15
      15620.0  4.41637e-15
      15640.0  4.32345e-15
      15660.0  4.18385e-15
      15680.0  3.99117e-15
      15700.0  3.79015e-15
      15720.0  3.67387e-15
      15740.0  3.67749e-15
      15760.0  3.63487e-15
      15780.0  3.57531e-15
      15800.0  3.56492e-15
      15820.0  3.55850e-15
      15840.0  3.56637e-15
      15860.0  3.62092e-15
      15880.0  3.62981e-15
      15900.0  3.60482e-15
      15920.0  3.56210e-15
      15940.0  3.46660e-15
      15960.0  3.38264e-15
      15980.0  3.28381e-15
      16000.0  3.10939e-15
      16020.0  3.02547e-15
      16040.0  3.07126e-15
      16060.0  3.02354e-15
      16080.0  2.96604e-15
      16100.0  2.98469e-15
      16120.0  3.01671e-15
      16140.0  3.06726e-15
      16160.0  3.07802e-15
      16180.0  3.06264e-15
      16200.0  3.02226e-15
      16220.0  3.00666e-15
      16240.0  3.03066e-15
      16260.0  3.05166e-15
      16280.0  3.10602e-15
      16300.0  3.20194e-15
      16320.0  3.33292e-15
      16340.0  3.44425e-15
      16360.0  3.53129e-15
      16380.0  3.59873e-15
      16400.0  3.61852e-15
      16420.0  3.63382e-15
      16440.0  3.63987e-15
      16460.0  3.64219e-15
      16480.0  3.65659e-15
      16500.0  3.69650e-15
      16520.0  3.75767e-15
      16540.0  3.81624e-15
      16560.0  3.86678e-15
      16580.0  3.88308e-15
      16600.0  3.85885e-15
      16620.0  3.79404e-15
      16640.0  3.68035e-15
      16660.0  3.73022e-15
      16680.0  3.79976e-15
      16700.0  3.84388e-15
      16720.0  3.92125e-15
      16740.0  3.92195e-15
      16760.0  3.88598e-15
      16780.0  3.85315e-15
      16800.0  3.82222e-15
      16820.0  3.81905e-15
      16840.0  3.82858e-15
      16860.0  3.83839e-15
      16880.0  3.81188e-15
      16900.0  3.80763e-15
      16920.0  3.85163e-15
      16940.0  3.91546e-15
      16960.0  3.95336e-15
      16980.0  3.97015e-15
      17000.0  4.01781e-15
      17020.0  4.09790e-15
      17040.0  4.12146e-15
      17060.0  4.14535e-15
      17080.0  4.20504e-15
      17100.0  4.25143e-15
      17120.0  4.29835e-15
      17140.0  4.34383e-15
      17160.0  4.38429e-15
      17180.0  4.38763e-15
      17200.0  4.38178e-15
      17220.0  4.42226e-15
      17240.0  4.50007e-15
      17260.0  4.56873e-15
      17280.0  4.59167e-15
      17300.0  4.56826e-15
      17320.0  4.57828e-15
      17340.0  4.58604e-15
      17360.0  4.59298e-15
      17380.0  4.57334e-15
      17400.0  4.54444e-15
      17420.0  4.52575e-15
      17440.0  4.50789e-15
      17460.0  4.48327e-15
      17480.0  4.49524e-15
      17500.0  4.56742e-15
      17520.0  4.60234e-15
      17540.0  4.65682e-15
      17560.0  4.67680e-15
      17580.0  4.68582e-15
      17600.0  4.71208e-15
      17620.0  4.65171e-15
      17640.0  4.64758e-15
      17660.0  4.67320e-15
      17680.0  4.69792e-15
      17700.0  4.72313e-15
      17720.0  4.74384e-15
      17740.0  4.77371e-15
      17760.0  4.78989e-15
      17780.0  4.79809e-15
      17800.0  4.79968e-15
      17820.0  4.79925e-15
      17840.0  4.76811e-15
      17860.0  4.72253e-15
      17880.0  4.73771e-15
      17900.0  4.78482e-15
      17920.0  4.74470e-15
      17940.0  4.68059e-15
      17960.0  4.64078e-15
      17980.0  4.61055e-15
      18000.0  4.60907e-15
      18020.0  4.63628e-15
      18040.0  4.57247e-15
      18060.0  4.57154e-15
      18080.0  4.62317e-15
      18100.0  4.59447e-15
      18120.0  4.53745e-15
      18140.0  4.61747e-15
      18160.0  4.63792e-15
      18180.0  4.53089e-15
      18200.0  4.52921e-15
      18220.0  4.55082e-15
      18240.0  4.46691e-15
      18260.0  4.45759e-15
      18280.0  4.51607e-15
      18300.0  4.57822e-15
      18320.0  4.60562e-15
      18340.0  4.45658e-15
      18360.0  4.73174e-15
      18380.0  4.73794e-15
      18400.0  4.56984e-15
      18420.0  4.66845e-15
      18440.0  4.69564e-15
      18460.0  4.63817e-15
      18480.0  4.84236e-15
      18500.0  4.66606e-15
      18520.0  4.83613e-15
      18540.0  4.93364e-15
      18560.0  4.66569e-15
      18580.0  4.73509e-15
      18600.0  4.97369e-15
      18620.0  4.84044e-15
      18640.0  4.95360e-15
      18660.0  4.42766e-15
      18680.0  5.13645e-15
      18700.0  5.21009e-15
      18720.0  5.22625e-15
      18740.0  6.11377e-15
      18760.0  4.36387e-15
      18780.0  5.04675e-15
      18800.0  4.34683e-15
      18820.0  4.73005e-15
      18840.0  4.40213e-15
      18860.0  4.24281e-15
      18880.0  4.14806e-15
      18900.0  4.20776e-15
      18920.0  4.05510e-15
      18940.0  4.04653e-15
      18960.0  4.02270e-15
      18980.0  3.87898e-15
      19000.0  3.98235e-15
      19020.0  4.04805e-15
      19040.0  3.97314e-15
      19060.0  3.80300e-15
      19080.0  3.89541e-15
      19100.0  3.69076e-15
      19120.0  3.85288e-15
      19140.0  3.83107e-15
      19160.0  3.72981e-15
      19180.0  3.70607e-15
      19200.0  3.46673e-15
      19220.0  3.71145e-15
      19240.0  3.71966e-15
      19260.0  3.57277e-15
      19280.0  3.71615e-15
      19300.0  3.54730e-15
      19320.0  3.59258e-15
      19340.0  3.57153e-15
      19360.0  3.58625e-15
      19380.0  3.52446e-15
      19400.0  3.56728e-15
      19420.0  3.60277e-15
      19440.0  3.53008e-15
      19460.0  3.59283e-15
      19480.0  3.54018e-15
      19500.0  3.55790e-15
      19520.0  3.50750e-15
      19540.0  3.56167e-15
      19560.0  3.56306e-15
      19580.0  3.47781e-15
      19600.0  3.57123e-15
      19620.0  3.46308e-15
      19640.0  3.51032e-15
      19660.0  3.51001e-15
      19680.0  3.49169e-15
      19700.0  3.49212e-15
      19720.0  3.51560e-15
      19740.0  3.46489e-15
      19760.0  3.48136e-15
      19780.0  3.47052e-15
      19800.0  3.45648e-15
      19820.0  3.43282e-15
      19840.0  3.44616e-15
      19860.0  3.38920e-15
      19880.0  3.44795e-15
      19900.0  3.38634e-15
      19920.0  3.35461e-15
      19940.0  3.37182e-15
      19960.0  3.37073e-15
      19980.0  3.38732e-15
      20000.0  3.38051e-15
      20020.0  3.36976e-15
      20040.0  3.35144e-15
      20060.0  3.33064e-15
      20080.0  3.32224e-15
      20100.0  3.25422e-15
      20120.0  3.24196e-15
      20140.0  3.20977e-15
      20160.0  3.12637e-15
      20180.0  2.99529e-15
      20200.0  2.96063e-15
      20220.0  2.88383e-15
      20240.0  2.78840e-15
      20260.0  2.70502e-15
      20280.0  2.70684e-15
      20300.0  2.67766e-15
      20320.0  2.62417e-15
      20340.0  2.61037e-15
      20360.0  2.59076e-15
      20380.0  2.56637e-15
      20400.0  2.53897e-15
      20420.0  2.51881e-15
      20440.0  2.50931e-15
      20460.0  2.52294e-15
      20480.0  2.51275e-15
      20500.0  2.50783e-15
      20520.0  2.51529e-15
      20540.0  2.48399e-15
      20560.0  2.44788e-15
      20580.0  2.44619e-15
      20600.0  2.43840e-15
      20620.0  2.43584e-15
      20640.0  2.45088e-15
      20660.0  2.45129e-15
      20680.0  2.45530e-15
      20700.0  2.44962e-15
      20720.0  2.45314e-15
      20740.0  2.48916e-15
      20760.0  2.49310e-15
      20780.0  2.50913e-15
      20800.0  2.51333e-15
      20820.0  2.53344e-15
      20840.0  2.53134e-15
      20860.0  2.55124e-15
      20880.0  2.55424e-15
      20900.0  2.57063e-15
      20920.0  2.58280e-15
      20940.0  2.57999e-15
      20960.0  2.57563e-15
      20980.0  2.57383e-15
      21000.0  2.57389e-15
      21020.0  2.55956e-15
      21040.0  2.54502e-15
      21060.0  2.53144e-15
      21080.0  2.50693e-15
      21100.0  2.48233e-15
      21120.0  2.46791e-15
      21140.0  2.44703e-15
      21160.0  2.41385e-15
      21180.0  2.39056e-15
      21200.0  2.35322e-15
      21220.0  2.32362e-15
      21240.0  2.30586e-15
      21260.0  2.27050e-15
      21280.0  2.24045e-15
      21300.0  2.20196e-15
      21320.0  2.17727e-15
      21340.0  2.16585e-15
      21360.0  2.13711e-15
      21380.0  2.11216e-15
      21400.0  2.11120e-15
      21420.0  2.05838e-15
      21440.0  2.06131e-15
      21460.0  2.04565e-15
      21480.0  2.01068e-15
      21500.0  1.99835e-15
      21520.0  2.00142e-15
      21540.0  1.99083e-15
      21560.0  1.99167e-15
      21580.0  1.97891e-15
      21600.0  1.94446e-15
      21620.0  1.94607e-15
      21640.0  1.93363e-15
      21660.0  1.91380e-15
      21680.0  1.90260e-15
      21700.0  1.88690e-15
      21720.0  1.84976e-15
      21740.0  1.83697e-15
      21760.0  1.79364e-15
      21780.0  1.77197e-15
      21800.0  1.76872e-15
      21820.0  1.74593e-15
      21840.0  1.72413e-15
      21860.0  1.70072e-15
      21880.0  1.68704e-15
      21900.0  1.67017e-15
      21920.0  1.63900e-15
      21940.0  1.62001e-15
      21960.0  1.62116e-15
      21980.0  1.60949e-15
      22000.0  1.59655e-15
      22020.0  1.56697e-15
      22040.0  1.55081e-15
      22060.0  1.53799e-15
      22080.0  1.51098e-15
      22100.0  1.49624e-15
      22120.0  1.48063e-15
      22140.0  1.46955e-15
      22160.0  1.46709e-15
      22180.0  1.46206e-15
      22200.0  1.45642e-15
      22220.0  1.43457e-15
      22240.0  1.43830e-15
      22260.0  1.43633e-15
      22280.0  1.43008e-15
      22300.0  1.41379e-15
      22320.0  1.41027e-15
      22340.0  1.40503e-15
      22360.0  1.39322e-15
      22380.0  1.39165e-15
      22400.0  1.38585e-15
      22420.0  1.37126e-15
      22440.0  1.36111e-15
      22460.0  1.34864e-15
      22480.0  1.34336e-15
      22500.0  1.34566e-15
      22520.0  1.33075e-15
      22540.0  1.32579e-15
      22560.0  1.31228e-15
      22580.0  1.31120e-15
      22600.0  1.29346e-15
      22620.0  1.28781e-15
      22640.0  1.28406e-15
      22660.0  1.27470e-15
      22680.0  1.25944e-15
      22700.0  1.25300e-15
      22720.0  1.24478e-15
      22740.0  1.23609e-15
      22760.0  1.22925e-15
      22780.0  1.23380e-15
      22800.0  1.23572e-15
      22820.0  1.22664e-15
      22840.0  1.22925e-15
      22860.0  1.22510e-15
      22880.0  1.21857e-15
      22900.0  1.22792e-15
      22920.0  1.22934e-15
      22940.0  1.20814e-15
      22960.0  1.22811e-15
      22980.0  1.21668e-15
      23000.0  1.21603e-15
      23020.0  1.21036e-15
      23040.0  1.20428e-15
      23060.0  1.19076e-15
      23080.0  1.18952e-15
      23100.0  1.18868e-15
      23120.0  1.19186e-15
      23140.0  1.19234e-15
      23160.0  1.18224e-15
      23180.0  1.19113e-15
      23200.0  1.19349e-15
      23220.0  1.19185e-15
      23240.0  1.18878e-15
      23260.0  1.19769e-15
      23280.0  1.22351e-15
      23300.0  1.22695e-15
      23320.0  1.24894e-15
      23340.0  1.28612e-15
      23360.0  1.29027e-15
      23380.0  1.32826e-15
      23400.0  1.34531e-15
      23420.0  1.35885e-15
      23440.0  1.37708e-15
      23460.0  1.38899e-15
      23480.0  1.41173e-15
      23500.0  1.41286e-15
      23520.0  1.41690e-15
      23540.0  1.42579e-15
      23560.0  1.42657e-15
      23580.0  1.43825e-15
      23600.0  1.44040e-15
      23620.0  1.44742e-15
      23640.0  1.45021e-15
      23660.0  1.45709e-15
      23680.0  1.48727e-15
      23700.0  1.48334e-15
      23720.0  1.49891e-15
      23740.0  1.51844e-15
      23760.0  1.51630e-15
      23780.0  1.51893e-15
      23800.0  1.54795e-15
      23820.0  1.53773e-15
      23840.0  1.55975e-15
      23860.0  1.55076e-15
      23880.0  1.56630e-15
      23900.0  1.55367e-15
      23920.0  1.57678e-15
      23940.0  1.57238e-15
      23960.0  1.55432e-15
      23980.0  1.55762e-15
      24000.0  1.55300e-15
      24020.0  1.54422e-15
      24040.0  1.56357e-15
      24060.0  1.53835e-15
      24080.0  1.55195e-15
      24100.0  1.55701e-15
      24120.0  1.56543e-15
      24140.0  1.54110e-15
      24160.0  1.56757e-15
      24180.0  1.54946e-15
      24200.0  1.55864e-15
      24220.0  1.54895e-15
      24240.0  1.57563e-15
      24260.0  1.54459e-15
      24280.0  1.55858e-15
      24300.0  1.55779e-15
      24320.0  1.56337e-15
      24340.0  1.53794e-15
      24360.0  1.56808e-15
      24380.0  1.53097e-15
      24400.0  1.53551e-15
      24420.0  1.55093e-15
      24440.0  1.52644e-15
      24460.0  1.55501e-15
      24480.0  1.53461e-15
      24500.0  1.46364e-15
      24520.0  1.45492e-15
      24540.0  1.45045e-15
      24560.0  1.44599e-15
      24580.0  1.44156e-15
      24600.0  1.43714e-15
      24620.0  1.43273e-15
      24640.0  1.42834e-15
      24660.0  1.42397e-15
      24680.0  1.41962e-15
      24700.0  1.41528e-15
      24720.0  1.41096e-15
      24740.0  1.40666e-15
      24760.0  1.40237e-15
      24780.0  1.39810e-15
      24800.0  1.39384e-15
      24820.0  1.38960e-15
      24840.0  1.38538e-15
      24860.0  1.38117e-15
      24880.0  1.37698e-15
      24900.0  1.37281e-15
      24920.0  1.36865e-15
      24940.0  1.36450e-15
      24960.0  1.36038e-15
      24980.0  1.35626e-15
      25000.0  1.35217e-15
      25020.0  1.34809e-15
      25040.0  1.34402e-15
      25060.0  1.33997e-15
      25080.0  1.33593e-15
      25100.0  1.33191e-15
      25120.0  1.32791e-15
      25140.0  1.32392e-15
      25160.0  1.31994e-15
      25180.0  1.31598e-15
      25200.0  1.31203e-15
      25220.0  1.30810e-15
      25240.0  1.30419e-15
      25260.0  1.30029e-15
      25280.0  1.29640e-15
      25300.0  1.29253e-15
      25320.0  1.28867e-15
      25340.0  1.28482e-15
      25360.0  1.28099e-15
      25380.0  1.27718e-15
      25400.0  1.27338e-15
      25420.0  1.26959e-15
      25440.0  1.26582e-15
      25460.0  1.26206e-15
      25480.0  1.25831e-15
      25500.0  1.25458e-15
      25520.0  1.25087e-15
      25540.0  1.24716e-15
      25560.0  1.24347e-15
      25580.0  1.23980e-15
      25600.0  1.23613e-15
      25620.0  1.23248e-15
      25640.0  1.22885e-15
      25660.0  1.22522e-15
      25680.0  1.22162e-15
      25700.0  1.21802e-15
      25720.0  1.21444e-15
      25740.0  1.21087e-15
      25760.0  1.20731e-15
      25780.0  1.20377e-15
      25800.0  1.20024e-15
      25820.0  1.19672e-15
      25840.0  1.19322e-15
      25860.0  1.18972e-15
      25880.0  1.18624e-15
      25900.0  1.18278e-15
      25920.0  1.17932e-15
      25940.0  1.17588e-15
      25960.0  1.17245e-15
      25980.0  1.16904e-15
      26000.0  1.16563e-15
      26020.0  1.16224e-15
      26040.0  1.15886e-15
      26060.0  1.15550e-15
      26080.0  1.15214e-15
      26100.0  1.14880e-15
      26120.0  1.14547e-15
      26140.0  1.14215e-15
      26160.0  1.13884e-15
      26180.0  1.13555e-15
      26200.0  1.13227e-15
      26220.0  1.12900e-15
      26240.0  1.12574e-15
      26260.0  1.12249e-15
      26280.0  1.11925e-15
      26300.0  1.11603e-15
      26320.0  1.11282e-15
      26340.0  1.10962e-15
      26360.0  1.10643e-15
      26380.0  1.10325e-15
      26400.0  1.10008e-15
      26420.0  1.09693e-15
      26440.0  1.09379e-15
      26460.0  1.09065e-15
      26480.0  1.08753e-15
      26500.0  1.08442e-15
      26520.0  1.08132e-15
      26540.0  1.07823e-15
      26560.0  1.07516e-15
      26580.0  1.07209e-15
      26600.0  1.06903e-15
      26620.0  1.06599e-15
      26640.0  1.06296e-15
      26660.0  1.05993e-15
      26680.0  1.05692e-15
      26700.0  1.05392e-15
      26720.0  1.05093e-15
      26740.0  1.04795e-15
      26760.0  1.04498e-15
      26780.0  1.04202e-15
      26800.0  1.03907e-15
      26820.0  1.03613e-15
      26840.0  1.03321e-15
      26860.0  1.03029e-15
      26880.0  1.02738e-15
      26900.0  1.02448e-15
      26920.0  1.02160e-15
      26940.0  1.01872e-15
      26960.0  1.01585e-15
      26980.0  1.01300e-15
      27000.0  1.01015e-15
      27020.0  1.00731e-15
      27040.0  1.00449e-15
      27060.0  1.00167e-15
      27080.0  9.98864e-16
      27100.0  9.96067e-16
      27120.0  9.93280e-16
      27140.0  9.90502e-16
      27160.0  9.87734e-16
      27180.0  9.84976e-16
      27200.0  9.82227e-16
      27220.0  9.79488e-16
      27240.0  9.76759e-16
      27260.0  9.74039e-16
      27280.0  9.71328e-16
      27300.0  9.68627e-16
      27320.0  9.65935e-16
      27340.0  9.63253e-16
      27360.0  9.60580e-16
      27380.0  9.57916e-16
      27400.0  9.55261e-16
      27420.0  9.52616e-16
      27440.0  9.49979e-16
      27460.0  9.47352e-16
      27480.0  9.44734e-16
      27500.0  9.42125e-16
      27520.0  9.39524e-16
      27540.0  9.36933e-16
      27560.0  9.34351e-16
      27580.0  9.31777e-16
      27600.0  9.29213e-16
      27620.0  9.26657e-16
      27640.0  9.24110e-16
      27660.0  9.21572e-16
      27680.0  9.19042e-16
      27700.0  9.16521e-16
      27720.0  9.14009e-16
      27740.0  9.11505e-16
      27760.0  9.09010e-16
      27780.0  9.06523e-16
      27800.0  9.04045e-16
      27820.0  9.01576e-16
      27840.0  8.99114e-16
      27860.0  8.96662e-16
      27880.0  8.94217e-16
      27900.0  8.91781e-16
      27920.0  8.89353e-16
      27940.0  8.86933e-16
      27960.0  8.84522e-16
      27980.0  8.82118e-16
      28000.0  8.79723e-16
      28020.0  8.77336e-16
      28040.0  8.74957e-16
      28060.0  8.72587e-16
      28080.0  8.70224e-16
      28100.0  8.67869e-16
      28120.0  8.65522e-16
      28140.0  8.63183e-16
      28160.0  8.60852e-16
      28180.0  8.58528e-16
      28200.0  8.56213e-16
      28220.0  8.53905e-16
      28240.0  8.51605e-16
      28260.0  8.49313e-16
      28280.0  8.47029e-16
      28300.0  8.44752e-16
      28320.0  8.42483e-16
      28340.0  8.40221e-16
      28360.0  8.37967e-16
      28380.0  8.35721e-16
      28400.0  8.33482e-16
      28420.0  8.31250e-16
      28440.0  8.29026e-16
      28460.0  8.26810e-16
      28480.0  8.24600e-16
      28500.0  8.22399e-16
      28520.0  8.20204e-16
      28540.0  8.18017e-16
      28560.0  8.15837e-16
      28580.0  8.13665e-16
      28600.0  8.11499e-16
      28620.0  8.09341e-16
      28640.0  8.07190e-16
      28660.0  8.05046e-16
      28680.0  8.02909e-16
      28700.0  8.00779e-16
      28720.0  7.98657e-16
      28740.0  7.96541e-16
      28760.0  7.94432e-16
      28780.0  7.92331e-16
      28800.0  7.90236e-16
      28820.0  7.88148e-16
      28840.0  7.86067e-16
      28860.0  7.83993e-16
      28880.0  7.81925e-16
      28900.0  7.79865e-16
      28920.0  7.77811e-16
      28940.0  7.75764e-16
      28960.0  7.73724e-16
      28980.0  7.71690e-16
      29000.0  7.69664e-16
      29020.0  7.67643e-16
      29040.0  7.65630e-16
      29060.0  7.63623e-16
      29080.0  7.61622e-16
      29100.0  7.59628e-16
      29120.0  7.57641e-16
      29140.0  7.55660e-16
      29160.0  7.53685e-16
      29180.0  7.51717e-16
      29200.0  7.49756e-16
      29220.0  7.47801e-16
      29240.0  7.45852e-16
      29260.0  7.43909e-16
      29280.0  7.41973e-16
      29300.0  7.40043e-16
      29320.0  7.38119e-16
      29340.0  7.36202e-16
      29360.0  7.34291e-16
      29380.0  7.32386e-16
      29400.0  7.30487e-16
      29420.0  7.28594e-16
      29440.0  7.26708e-16
      29460.0  7.24827e-16
      29480.0  7.22953e-16
      29500.0  7.21084e-16
      29520.0  7.19222e-16
      29540.0  7.17366e-16
      29560.0  7.15515e-16
      29580.0  7.13671e-16
      29600.0  7.11832e-16
      29620.0  7.10000e-16
      29640.0  7.08173e-16
      29660.0  7.06352e-16
      29680.0  7.04537e-16
      29700.0  7.02728e-16
      29720.0  7.00925e-16
      29740.0  6.99127e-16
      29760.0  6.97335e-16
      29780.0  6.95549e-16
      29800.0  6.93769e-16
      29820.0  6.91994e-16
      29840.0  6.90225e-16
      29860.0  6.88462e-16
      29880.0  6.86704e-16
      29900.0  6.84952e-16
      29920.0  6.83205e-16
      29940.0  6.81464e-16
      29960.0  6.79729e-16
      29980.0  6.77999e-16
      30000.0  6.76274e-16
      30020.0  6.74555e-16
      30040.0  6.72842e-16
      30060.0  6.71134e-16
      30080.0  6.69431e-16
      30100.0  6.67734e-16
      30120.0  6.66042e-16
      30140.0  6.64355e-16
      30160.0  6.62674e-16
      30180.0  6.60998e-16
      30200.0  6.59327e-16
      30220.0  6.57662e-16
      30240.0  6.56002e-16
      30260.0  6.54347e-16
      30280.0  6.52697e-16
      30300.0  6.51053e-16
      30320.0  6.49413e-16
      30340.0  6.47779e-16
      30360.0  6.46150e-16
      30380.0  6.44526e-16
      30400.0  6.42907e-16
      30420.0  6.41294e-16
      30440.0  6.39685e-16
      30460.0  6.38081e-16
      30480.0  6.36483e-16
      30500.0  6.34889e-16
      30520.0  6.33300e-16
      30540.0  6.31716e-16
      30560.0  6.30138e-16
      30580.0  6.28564e-16
      30600.0  6.26995e-16
      30620.0  6.25431e-16
      30640.0  6.23872e-16
      30660.0  6.22317e-16
      30680.0  6.20768e-16
      30700.0  6.19223e-16
      30720.0  6.17683e-16
      30740.0  6.16148e-16
      30760.0  6.14618e-16
      30780.0  6.13092e-16
      30800.0  6.11571e-16
      30820.0  6.10055e-16
      30840.0  6.08544e-16
      30860.0  6.07037e-16
      30880.0  6.05535e-16
      30900.0  6.04037e-16
      30920.0  6.02544e-16
      30940.0  6.01056e-16
      30960.0  5.99572e-16
      30980.0  5.98093e-16
      31000.0  5.96618e-16
      31020.0  5.95148e-16
      31040.0  5.93683e-16
      31060.0  5.92222e-16
      31080.0  5.90765e-16
      31100.0  5.89313e-16
      31120.0  5.87866e-16
      31140.0  5.86423e-16
      31160.0  5.84984e-16
      31180.0  5.83549e-16
      31200.0  5.82120e-16
      31220.0  5.80694e-16
      31240.0  5.79273e-16
      31260.0  5.77856e-16
      31280.0  5.76443e-16
      31300.0  5.75035e-16
      31320.0  5.73631e-16
      31340.0  5.72231e-16
      31360.0  5.70836e-16
      31380.0  5.69445e-16
      31400.0  5.68058e-16
      31420.0  5.66675e-16
      31440.0  5.65297e-16
      31460.0  5.63922e-16
      31480.0  5.62552e-16
      31500.0  5.61186e-16
      31520.0  5.59824e-16
      31540.0  5.58467e-16
      31560.0  5.57113e-16
      31580.0  5.55764e-16
      31600.0  5.54418e-16
      31620.0  5.53077e-16
      31640.0  5.51739e-16
      31660.0  5.50406e-16
      31680.0  5.49077e-16
      31700.0  5.47752e-16
      31720.0  5.46430e-16
      31740.0  5.45113e-16
      31760.0  5.43800e-16
      31780.0  5.42490e-16
      31800.0  5.41185e-16
      31820.0  5.39883e-16
      31840.0  5.38586e-16
      31860.0  5.37292e-16
      31880.0  5.36002e-16
      31900.0  5.34716e-16
      31920.0  5.33434e-16
      31940.0  5.32156e-16
      31960.0  5.30881e-16
      31980.0  5.29611e-16
      32000.0  5.28344e-16
      32020.0  5.27081e-16
      32040.0  5.25821e-16
      32060.0  5.24566e-16
      32080.0  5.23314e-16
      32100.0  5.22066e-16
      32120.0  5.20821e-16
      32140.0  5.19581e-16
      32160.0  5.18344e-16
      32180.0  5.17110e-16
      32200.0  5.15881e-16
      32220.0  5.14655e-16
      32240.0  5.13432e-16
      32260.0  5.12214e-16
      32280.0  5.10999e-16
      32300.0  5.09787e-16
      32320.0  5.08579e-16
      32340.0  5.07375e-16
      32360.0  5.06174e-16
      32380.0  5.04977e-16
      32400.0  5.03783e-16
      32420.0  5.02593e-16
      32440.0  5.01406e-16
      32460.0  5.00223e-16
      32480.0  4.99043e-16
      32500.0  4.97867e-16
      32520.0  4.96694e-16
      32540.0  4.95525e-16
      32560.0  4.94359e-16
      32580.0  4.93197e-16
      32600.0  4.92037e-16
      32620.0  4.90882e-16
      32640.0  4.89730e-16
      32660.0  4.88581e-16
      32680.0  4.87435e-16
      32700.0  4.86293e-16
      32720.0  4.85154e-16
      32740.0  4.84019e-16
      32760.0  4.82886e-16
      32780.0  4.81758e-16
      32800.0  4.80632e-16
      32820.0  4.79510e-16
      32840.0  4.78391e-16
      32860.0  4.77275e-16
      32880.0  4.76162e-16
      32900.0  4.75053e-16
      32920.0  4.73947e-16
      32940.0  4.72844e-16
      32960.0  4.71745e-16
      32980.0  4.70648e-16
      33000.0  4.69555e-16
      33020.0  4.68465e-16
      33040.0  4.67378e-16
      33060.0  4.66294e-16
      33080.0  4.65213e-16
      33100.0  4.64136e-16
      33120.0  4.63061e-16
      33140.0  4.61990e-16
      33160.0  4.60922e-16
      33180.0  4.59857e-16
      33200.0  4.58795e-16
      33220.0  4.57736e-16
      33240.0  4.56680e-16
      33260.0  4.55627e-16
      33280.0  4.54577e-16
      33300.0  4.53530e-16
      33320.0  4.52486e-16
      33340.0  4.51445e-16
      33360.0  4.50408e-16
      33380.0  4.49373e-16
      33400.0  4.48341e-16
      33420.0  4.47312e-16
      33440.0  4.46286e-16
      33460.0  4.45263e-16
      33480.0  4.44243e-16
      33500.0  4.43225e-16
      33520.0  4.42211e-16
      33540.0  4.41200e-16
      33560.0  4.40191e-16
      33580.0  4.39185e-16
      33600.0  4.38183e-16
      33620.0  4.37183e-16
      33640.0  4.36186e-16
      33660.0  4.35191e-16
      33680.0  4.34200e-16
      33700.0  4.33211e-16
      33720.0  4.32226e-16
      33740.0  4.31243e-16
      33760.0  4.30262e-16
      33780.0  4.29285e-16
      33800.0  4.28310e-16
      33820.0  4.27339e-16
      33840.0  4.26369e-16
      33860.0  4.25403e-16
      33880.0  4.24439e-16
      33900.0  4.23478e-16
      33920.0  4.22520e-16
      33940.0  4.21565e-16
      33960.0  4.20612e-16
      33980.0  4.19662e-16
      34000.0  4.18714e-16
      34020.0  4.17770e-16
      34040.0  4.16828e-16
      34060.0  4.15888e-16
      34080.0  4.14951e-16
      34100.0  4.14017e-16
      34120.0  4.13086e-16
      34140.0  4.12157e-16
      34160.0  4.11230e-16
      34180.0  4.10307e-16
      34200.0  4.09386e-16
      34220.0  4.08467e-16
      34240.0  4.07551e-16
      34260.0  4.06638e-16
      34280.0  4.05727e-16
      34300.0  4.04818e-16
      34320.0  4.03913e-16
      34340.0  4.03009e-16
      34360.0  4.02109e-16
      34380.0  4.01210e-16
      34400.0  4.00315e-16
      34420.0  3.99422e-16
      34440.0  3.98531e-16
      34460.0  3.97643e-16
      34480.0  3.96757e-16
      34500.0  3.95874e-16
      34520.0  3.94993e-16
      34540.0  3.94114e-16
      34560.0  3.93238e-16
      34580.0  3.92365e-16
      34600.0  3.91494e-16
      34620.0  3.90625e-16
      34640.0  3.89759e-16
      34660.0  3.88895e-16
      34680.0  3.88033e-16
      34700.0  3.87174e-16
      34720.0  3.86317e-16
      34740.0  3.85463e-16
      34760.0  3.84611e-16
      34780.0  3.83761e-16
      34800.0  3.82914e-16
      34820.0  3.82069e-16
      34840.0  3.81226e-16
      34860.0  3.80386e-16
      34880.0  3.79548e-16
      34900.0  3.78712e-16
      34920.0  3.77879e-16
      34940.0  3.77048e-16
      34960.0  3.76219e-16
      34980.0  3.75392e-16
      35000.0  3.74568e-16
      35020.0  3.73746e-16
      35040.0  3.72926e-16
      35060.0  3.72109e-16
      35080.0  3.71293e-16
      35100.0  3.70480e-16
      35120.0  3.69669e-16
      35140.0  3.68861e-16
      35160.0  3.68054e-16
      35180.0  3.67250e-16
      35200.0  3.66448e-16
      35220.0  3.65648e-16
      35240.0  3.64850e-16
      35260.0  3.64055e-16
      35280.0  3.63262e-16
      35300.0  3.62470e-16
      35320.0  3.61681e-16
      35340.0  3.60895e-16
      35360.0  3.60110e-16
      35380.0  3.59327e-16
      35400.0  3.58547e-16
      35420.0  3.57768e-16
      35440.0  3.56992e-16
      35460.0  3.56218e-16
      35480.0  3.55446e-16
      35500.0  3.54676e-16
      35520.0  3.53908e-16
      35540.0  3.53142e-16
      35560.0  3.52378e-16
      35580.0  3.51617e-16
      35600.0  3.50857e-16
      35620.0  3.50099e-16
      35640.0  3.49344e-16
      35660.0  3.48590e-16
      35680.0  3.47839e-16
      35700.0  3.47089e-16
      35720.0  3.46342e-16
      35740.0  3.45597e-16
      35760.0  3.44853e-16
      35780.0  3.44112e-16
      35800.0  3.43372e-16
      35820.0  3.42635e-16
      35840.0  3.41899e-16
      35860.0  3.41166e-16
      35880.0  3.40434e-16
      35900.0  3.39705e-16
      35920.0  3.38977e-16
      35940.0  3.38251e-16
      35960.0  3.37528e-16
      35980.0  3.36806e-16
      36000.0  3.36086e-16
      36020.0  3.35368e-16
      36040.0  3.34652e-16
      36060.0  3.33938e-16
      36080.0  3.33226e-16
      36100.0  3.32515e-16
      36120.0  3.31807e-16
      36140.0  3.31100e-16
      36160.0  3.30395e-16
      36180.0  3.29693e-16
      36200.0  3.28992e-16
      36220.0  3.28293e-16
      36240.0  3.27595e-16
      36260.0  3.26900e-16
      36280.0  3.26206e-16
      36300.0  3.25515e-16
      36320.0  3.24825e-16
      36340.0  3.24137e-16
      36360.0  3.23451e-16
      36380.0  3.22766e-16
      36400.0  3.22084e-16
      36420.0  3.21403e-16
      36440.0  3.20724e-16
      36460.0  3.20047e-16
      36480.0  3.19371e-16
      36500.0  3.18697e-16
      36520.0  3.18026e-16
      36540.0  3.17355e-16
      36560.0  3.16687e-16
      36580.0  3.16021e-16
      36600.0  3.15356e-16
      36620.0  3.14693e-16
      36640.0  3.14031e-16
      36660.0  3.13372e-16
      36680.0  3.12714e-16
      36700.0  3.12058e-16
      36720.0  3.11403e-16
      36740.0  3.10750e-16
      36760.0  3.10099e-16
      36780.0  3.09450e-16
      36800.0  3.08802e-16
      36820.0  3.08156e-16
      36840.0  3.07512e-16
      36860.0  3.06870e-16
      36880.0  3.06229e-16
      36900.0  3.05590e-16
      36920.0  3.04952e-16
      36940.0  3.04316e-16
      36960.0  3.03682e-16
      36980.0  3.03049e-16
      37000.0  3.02418e-16
      37020.0  3.01789e-16
      37040.0  3.01161e-16
      37060.0  3.00535e-16
      37080.0  2.99911e-16
      37100.0  2.99288e-16
      37120.0  2.98667e-16
      37140.0  2.98048e-16
      37160.0  2.97430e-16
      37180.0  2.96813e-16
      37200.0  2.96198e-16
      37220.0  2.95585e-16
      37240.0  2.94974e-16
      37260.0  2.94364e-16
      37280.0  2.93755e-16
      37300.0  2.93148e-16
      37320.0  2.92543e-16
      37340.0  2.91939e-16
      37360.0  2.91337e-16
      37380.0  2.90737e-16
      37400.0  2.90137e-16
      37420.0  2.89540e-16
      37440.0  2.88944e-16
      37460.0  2.88349e-16
      37480.0  2.87756e-16
      37500.0  2.87165e-16
      37520.0  2.86575e-16
      37540.0  2.85987e-16
      37560.0  2.85400e-16
      37580.0  2.84815e-16
      37600.0  2.84231e-16
      37620.0  2.83648e-16
      37640.0  2.83067e-16
      37660.0  2.82488e-16
      37680.0  2.81910e-16
      37700.0  2.81334e-16
      37720.0  2.80759e-16
      37740.0  2.80185e-16
      37760.0  2.79613e-16
      37780.0  2.79042e-16
      37800.0  2.78473e-16
      37820.0  2.77906e-16
      37840.0  2.77339e-16
      37860.0  2.76775e-16
      37880.0  2.76211e-16
      37900.0  2.75649e-16
      37920.0  2.75089e-16
      37940.0  2.74530e-16
      37960.0  2.73972e-16
      37980.0  2.73416e-16
      38000.0  2.72861e-16
      38020.0  2.72307e-16
      38040.0  2.71755e-16
      38060.0  2.71205e-16
      38080.0  2.70655e-16
      38100.0  2.70108e-16
      38120.0  2.69561e-16
      38140.0  2.69016e-16
      38160.0  2.68472e-16
      38180.0  2.67930e-16
      38200.0  2.67389e-16
      38220.0  2.66849e-16
      38240.0  2.66311e-16
      38260.0  2.65774e-16
      38280.0  2.65239e-16
      38300.0  2.64705e-16
      38320.0  2.64172e-16
      38340.0  2.63640e-16
      38360.0  2.63110e-16
      38380.0  2.62581e-16
      38400.0  2.62054e-16
      38420.0  2.61527e-16
      38440.0  2.61003e-16
      38460.0  2.60479e-16
      38480.0  2.59957e-16
      38500.0  2.59436e-16
      38520.0  2.58916e-16
      38540.0  2.58398e-16
      38560.0  2.57881e-16
      38580.0  2.57365e-16
      38600.0  2.56851e-16
      38620.0  2.56337e-16
      38640.0  2.55825e-16
      38660.0  2.55315e-16
      38680.0  2.54806e-16
      38700.0  2.54297e-16
      38720.0  2.53791e-16
      38740.0  2.53285e-16
      38760.0  2.52781e-16
      38780.0  2.52278e-16
      38800.0  2.51776e-16
      38820.0  2.51275e-16
      38840.0  2.50776e-16
      38860.0  2.50278e-16
      38880.0  2.49781e-16
      38900.0  2.49286e-16
      38920.0  2.48791e-16
      38940.0  2.48298e-16
      38960.0  2.47806e-16
      38980.0  2.47315e-16
      39000.0  2.46826e-16
      39020.0  2.46338e-16
      39040.0  2.45851e-16
      39060.0  2.45365e-16
      39080.0  2.44880e-16
      39100.0  2.44396e-16
      39120.0  2.43914e-16
      39140.0  2.43433e-16
      39160.0  2.42953e-16
      39180.0  2.42474e-16
      39200.0  2.41997e-16
      39220.0  2.41520e-16
      39240.0  2.41045e-16
      39260.0  2.40571e-16
      39280.0  2.40098e-16
      39300.0  2.39627e-16
      39320.0  2.39156e-16
      39340.0  2.38687e-16
      39360.0  2.38218e-16
      39380.0  2.37751e-16
      39400.0  2.37285e-16
      39420.0  2.36820e-16
      39440.0  2.36357e-16
      39460.0  2.35894e-16
      39480.0  2.35433e-16
      39500.0  2.34972e-16
      39520.0  2.34513e-16
      39540.0  2.34055e-16
      39560.0  2.33598e-16
      39580.0  2.33142e-16
      39600.0  2.32688e-16
      39620.0  2.32234e-16
      39640.0  2.31782e-16
      39660.0  2.31330e-16
      39680.0  2.30880e-16
      39700.0  2.30431e-16
      39720.0  2.29983e-16
      39740.0  2.29536e-16
      39760.0  2.29090e-16
      39780.0  2.28645e-16
      39800.0  2.28201e-16
      39820.0  2.27758e-16
      39840.0  2.27317e-16
      39860.0  2.26876e-16
      39880.0  2.26437e-16
      39900.0  2.25998e-16
      39920.0  2.25561e-16
      39940.0  2.25124e-16
      39960.0  2.24689e-16
      39980.0  2.24255e-16
      40000.0  2.23822e-16
      40020.0  2.23390e-16
      40040.0  2.22959e-16
      40060.0  2.22529e-16
      40080.0  2.22100e-16
      40100.0  2.21672e-16
      40120.0  2.21245e-16
      40140.0  2.20819e-16
      40160.0  2.20394e-16
      40180.0  2.19970e-16
      40200.0  2.19547e-16
      40220.0  2.19125e-16
      40240.0  2.18704e-16
      40260.0  2.18285e-16
      40280.0  2.17866e-16
      40300.0  2.17448e-16
      40320.0  2.17031e-16
      40340.0  2.16615e-16
      40360.0  2.16201e-16
      40380.0  2.15787e-16
      40400.0  2.15374e-16
      40420.0  2.14962e-16
      40440.0  2.14551e-16
      40460.0  2.14141e-16
      40480.0  2.13732e-16
      40500.0  2.13324e-16
      40520.0  2.12918e-16
      40540.0  2.12512e-16
      40560.0  2.12107e-16
      40580.0  2.11702e-16
      40600.0  2.11299e-16
      40620.0  2.10897e-16
      40640.0  2.10496e-16
      40660.0  2.10096e-16
      40680.0  2.09697e-16
      40700.0  2.09298e-16
      40720.0  2.08901e-16
      40740.0  2.08504e-16
      40760.0  2.08109e-16
      40780.0  2.07714e-16
      40800.0  2.07321e-16
      40820.0  2.06928e-16
      40840.0  2.06536e-16
      40860.0  2.06145e-16
      40880.0  2.05755e-16
      40900.0  2.05366e-16
      40920.0  2.04978e-16
      40940.0  2.04591e-16
      40960.0  2.04205e-16
      40980.0  2.03820e-16
      41000.0  2.03435e-16
      41020.0  2.03052e-16
      41040.0  2.02669e-16
      41060.0  2.02287e-16
      41080.0  2.01906e-16
      41100.0  2.01526e-16
      41120.0  2.01147e-16
      41140.0  2.00769e-16
      41160.0  2.00392e-16
      41180.0  2.00016e-16
      41200.0  1.99640e-16
      41220.0  1.99266e-16
      41240.0  1.98892e-16
      41260.0  1.98519e-16
      41280.0  1.98147e-16
      41300.0  1.97776e-16
      41320.0  1.97406e-16
      41340.0  1.97036e-16
      41360.0  1.96668e-16
      41380.0  1.96300e-16
      41400.0  1.95933e-16
      41420.0  1.95567e-16
      41440.0  1.95202e-16
      41460.0  1.94838e-16
      41480.0  1.94475e-16
      41500.0  1.94112e-16
      41520.0  1.93750e-16
      41540.0  1.93389e-16
      41560.0  1.93029e-16
      41580.0  1.92670e-16
      41600.0  1.92312e-16
      41620.0  1.91954e-16
      41640.0  1.91598e-16
      41660.0  1.91242e-16
      41680.0  1.90887e-16
      41700.0  1.90533e-16
      41720.0  1.90179e-16
      41740.0  1.89827e-16
      41760.0  1.89475e-16
      41780.0  1.89124e-16
      41800.0  1.88774e-16
      41820.0  1.88424e-16
      41840.0  1.88076e-16
      41860.0  1.87728e-16
      41880.0  1.87381e-16
      41900.0  1.87035e-16
      41920.0  1.86690e-16
      41940.0  1.86345e-16
      41960.0  1.86002e-16
      41980.0  1.85659e-16
      42000.0  1.85317e-16
      42020.0  1.84975e-16
      42040.0  1.84635e-16
      42060.0  1.84295e-16
      42080.0  1.83956e-16
      42100.0  1.83618e-16
      42120.0  1.83280e-16
      42140.0  1.82944e-16
      42160.0  1.82608e-16
      42180.0  1.82273e-16
      42200.0  1.81938e-16
      42220.0  1.81605e-16
      42240.0  1.81272e-16
      42260.0  1.80940e-16
      42280.0  1.80608e-16
      42300.0  1.80278e-16
      42320.0  1.79948e-16
      42340.0  1.79619e-16
      42360.0  1.79291e-16
      42380.0  1.78963e-16
      42400.0  1.78636e-16
      42420.0  1.78310e-16
      42440.0  1.77985e-16
      42460.0  1.77660e-16
      42480.0  1.77337e-16
      42500.0  1.77014e-16
      42520.0  1.76691e-16
      42540.0  1.76370e-16
      42560.0  1.76049e-16
      42580.0  1.75728e-16
      42600.0  1.75409e-16
      42620.0  1.75090e-16
      42640.0  1.74772e-16
      42660.0  1.74455e-16
      42680.0  1.74139e-16
      42700.0  1.73823e-16
      42720.0  1.73508e-16
      42740.0  1.73193e-16
      42760.0  1.72880e-16
      42780.0  1.72567e-16
      42800.0  1.72254e-16
      42820.0  1.71943e-16
      42840.0  1.71632e-16
      42860.0  1.71322e-16
      42880.0  1.71012e-16
      42900.0  1.70704e-16
      42920.0  1.70395e-16
      42940.0  1.70088e-16
      42960.0  1.69781e-16
      42980.0  1.69475e-16
      43000.0  1.69170e-16
      43020.0  1.68866e-16
      43040.0  1.68562e-16
      43060.0  1.68258e-16
      43080.0  1.67956e-16
      43100.0  1.67654e-16
      43120.0  1.67353e-16
      43140.0  1.67052e-16
      43160.0  1.66752e-16
      43180.0  1.66453e-16
      43200.0  1.66155e-16
      43220.0  1.65857e-16
      43240.0  1.65560e-16
      43260.0  1.65263e-16
      43280.0  1.64967e-16
      43300.0  1.64672e-16
      43320.0  1.64378e-16
      43340.0  1.64084e-16
      43360.0  1.63790e-16
      43380.0  1.63498e-16
      43400.0  1.63206e-16
      43420.0  1.62915e-16
      43440.0  1.62624e-16
      43460.0  1.62334e-16
      43480.0  1.62045e-16
      43500.0  1.61756e-16
      43520.0  1.61468e-16
      43540.0  1.61181e-16
      43560.0  1.60894e-16
      43580.0  1.60608e-16
      43600.0  1.60322e-16
      43620.0  1.60038e-16
      43640.0  1.59753e-16
      43660.0  1.59470e-16
      43680.0  1.59187e-16
      43700.0  1.58905e-16
      43720.0  1.58623e-16
      43740.0  1.58342e-16
      43760.0  1.58061e-16
      43780.0  1.57781e-16
      43800.0  1.57502e-16
      43820.0  1.57224e-16
      43840.0  1.56946e-16
      43860.0  1.56668e-16
      43880.0  1.56392e-16
      43900.0  1.56115e-16
      43920.0  1.55840e-16
      43940.0  1.55565e-16
      43960.0  1.55291e-16
      43980.0  1.55017e-16
      44000.0  1.54744e-16
      44020.0  1.54471e-16
      44040.0  1.54199e-16
      44060.0  1.53928e-16
      44080.0  1.53657e-16
      44100.0  1.53387e-16
      44120.0  1.53118e-16
      44140.0  1.52849e-16
      44160.0  1.52580e-16
      44180.0  1.52313e-16
      44200.0  1.52045e-16
      44220.0  1.51779e-16
      44240.0  1.51513e-16
      44260.0  1.51247e-16
      44280.0  1.50983e-16
      44300.0  1.50718e-16
      44320.0  1.50455e-16
      44340.0  1.50192e-16
      44360.0  1.49929e-16
      44380.0  1.49667e-16
      44400.0  1.49406e-16
      44420.0  1.49145e-16
      44440.0  1.48885e-16
      44460.0  1.48625e-16
      44480.0  1.48366e-16
      44500.0  1.48107e-16
      44520.0  1.47849e-16
      44540.0  1.47592e-16
      44560.0  1.47335e-16
      44580.0  1.47079e-16
      44600.0  1.46823e-16
      44620.0  1.46568e-16
      44640.0  1.46313e-16
      44660.0  1.46059e-16
      44680.0  1.45805e-16
      44700.0  1.45552e-16
      44720.0  1.45300e-16
      44740.0  1.45048e-16
      44760.0  1.44797e-16
      44780.0  1.44546e-16
      44800.0  1.44296e-16
      44820.0  1.44046e-16
      44840.0  1.43797e-16
      44860.0  1.43548e-16
      44880.0  1.43300e-16
      44900.0  1.43052e-16
      44920.0  1.42805e-16
      44940.0  1.42559e-16
      44960.0  1.42313e-16
      44980.0  1.42067e-16
      45000.0  1.41822e-16
      45020.0  1.41578e-16
      45040.0  1.41334e-16
      45060.0  1.41091e-16
      45080.0  1.40848e-16
      45100.0  1.40606e-16
      45120.0  1.40364e-16
      45140.0  1.40123e-16
      45160.0  1.39882e-16
      45180.0  1.39642e-16
      45200.0  1.39402e-16
      45220.0  1.39163e-16
      45240.0  1.38924e-16
      45260.0  1.38686e-16
      45280.0  1.38448e-16
      45300.0  1.38211e-16
      45320.0  1.37975e-16
      45340.0  1.37738e-16
      45360.0  1.37503e-16
      45380.0  1.37268e-16
      45400.0  1.37033e-16
      45420.0  1.36799e-16
      45440.0  1.36565e-16
      45460.0  1.36332e-16
      45480.0  1.36100e-16
      45500.0  1.35867e-16
      45520.0  1.35636e-16
      45540.0  1.35405e-16
      45560.0  1.35174e-16
      45580.0  1.34944e-16
      45600.0  1.34714e-16
      45620.0  1.34485e-16
      45640.0  1.34256e-16
      45660.0  1.34028e-16
      45680.0  1.33800e-16
      45700.0  1.33573e-16
      45720.0  1.33346e-16
      45740.0  1.33120e-16
      45760.0  1.32894e-16
      45780.0  1.32669e-16
      45800.0  1.32444e-16
      45820.0  1.32220e-16
      45840.0  1.31996e-16
      45860.0  1.31772e-16
      45880.0  1.31549e-16
      45900.0  1.31327e-16
      45920.0  1.31105e-16
      45940.0  1.30883e-16
      45960.0  1.30662e-16
      45980.0  1.30442e-16
      46000.0  1.30222e-16
      46020.0  1.30002e-16
      46040.0  1.29783e-16
      46060.0  1.29564e-16
      46080.0  1.29346e-16
      46100.0  1.29128e-16
      46120.0  1.28910e-16
      46140.0  1.28694e-16
      46160.0  1.28477e-16
      46180.0  1.28261e-16
      46200.0  1.28045e-16
      46220.0  1.27830e-16
      46240.0  1.27616e-16
      46260.0  1.27402e-16
      46280.0  1.27188e-16
      46300.0  1.26974e-16
      46320.0  1.26762e-16
      46340.0  1.26549e-16
      46360.0  1.26337e-16
      46380.0  1.26126e-16
      46400.0  1.25915e-16
      46420.0  1.25704e-16
      46440.0  1.25494e-16
      46460.0  1.25284e-16
      46480.0  1.25075e-16
      46500.0  1.24866e-16
      46520.0  1.24657e-16
      46540.0  1.24449e-16
      46560.0  1.24242e-16
      46580.0  1.24035e-16
      46600.0  1.23828e-16
      46620.0  1.23622e-16
      46640.0  1.23416e-16
      46660.0  1.23210e-16
      46680.0  1.23005e-16
      46700.0  1.22801e-16
      46720.0  1.22597e-16
      46740.0  1.22393e-16
      46760.0  1.22190e-16
      46780.0  1.21987e-16
      46800.0  1.21784e-16
      46820.0  1.21582e-16
      46840.0  1.21381e-16
      46860.0  1.21179e-16
      46880.0  1.20979e-16
      46900.0  1.20778e-16
      46920.0  1.20578e-16
      46940.0  1.20379e-16
      46960.0  1.20180e-16
      46980.0  1.19981e-16
      47000.0  1.19783e-16
      47020.0  1.19585e-16
      47040.0  1.19387e-16
      47060.0  1.19190e-16
      47080.0  1.18993e-16
      47100.0  1.18797e-16
      47120.0  1.18601e-16
      47140.0  1.18406e-16
      47160.0  1.18211e-16
      47180.0  1.18016e-16
      47200.0  1.17822e-16
      47220.0  1.17628e-16
      47240.0  1.17434e-16
      47260.0  1.17241e-16
      47280.0  1.17049e-16
      47300.0  1.16856e-16
      47320.0  1.16665e-16
      47340.0  1.16473e-16
      47360.0  1.16282e-16
      47380.0  1.16091e-16
      47400.0  1.15901e-16
      47420.0  1.15711e-16
      47440.0  1.15521e-16
      47460.0  1.15332e-16
      47480.0  1.15144e-16
      47500.0  1.14955e-16
      47520.0  1.14767e-16
      47540.0  1.14580e-16
      47560.0  1.14392e-16
      47580.0  1.14206e-16
      47600.0  1.14019e-16
      47620.0  1.13833e-16
      47640.0  1.13647e-16
      47660.0  1.13462e-16
      47680.0  1.13277e-16
      47700.0  1.13092e-16
      47720.0  1.12908e-16
      47740.0  1.12724e-16
      47760.0  1.12541e-16
      47780.0  1.12358e-16
      47800.0  1.12175e-16
      47820.0  1.11993e-16
      47840.0  1.11811e-16
      47860.0  1.11629e-16
      47880.0  1.11448e-16
      47900.0  1.11267e-16
      47920.0  1.11087e-16
      47940.0  1.10907e-16
      47960.0  1.10727e-16
      47980.0  1.10548e-16
      48000.0  1.10369e-16
      48020.0  1.10190e-16
      48040.0  1.10012e-16
      48060.0  1.09834e-16
      48080.0  1.09656e-16
      48100.0  1.09479e-16
      48120.0  1.09302e-16
      48140.0  1.09125e-16
      48160.0  1.08949e-16
      48180.0  1.08773e-16
      48200.0  1.08598e-16
      48220.0  1.08423e-16
      48240.0  1.08248e-16
      48260.0  1.08074e-16
      48280.0  1.07900e-16
      48300.0  1.07726e-16
      48320.0  1.07553e-16
      48340.0  1.07380e-16
      48360.0  1.07207e-16
      48380.0  1.07035e-16
      48400.0  1.06863e-16
      48420.0  1.06691e-16
      48440.0  1.06520e-16
      48460.0  1.06349e-16
      48480.0  1.06179e-16
      48500.0  1.06008e-16
      48520.0  1.05838e-16
      48540.0  1.05669e-16
      48560.0  1.05500e-16
      48580.0  1.05331e-16
      48600.0  1.05162e-16
      48620.0  1.04994e-16
      48640.0  1.04826e-16
      48660.0  1.04659e-16
      48680.0  1.04491e-16
      48700.0  1.04325e-16
      48720.0  1.04158e-16
      48740.0  1.03992e-16
      48760.0  1.03826e-16
      48780.0  1.03660e-16
      48800.0  1.03495e-16
      48820.0  1.03330e-16
      48840.0  1.03166e-16
      48860.0  1.03002e-16
      48880.0  1.02838e-16
      48900.0  1.02674e-16
      48920.0  1.02511e-16
      48940.0  1.02348e-16
      48960.0  1.02185e-16
      48980.0  1.02023e-16
      49000.0  1.01861e-16
      49020.0  1.01700e-16
      49040.0  1.01538e-16
      49060.0  1.01377e-16
      49080.0  1.01217e-16
      49100.0  1.01056e-16
      49120.0  1.00896e-16
      49140.0  1.00736e-16
      49160.0  1.00577e-16
      49180.0  1.00418e-16
      49200.0  1.00259e-16
      49220.0  1.00101e-16
      49240.0  9.99426e-17
      49260.0  9.97848e-17
      49280.0  9.96273e-17
      49300.0  9.94701e-17
      49320.0  9.93131e-17
      49340.0  9.91566e-17
      49360.0  9.90003e-17
      49380.0  9.88443e-17
      49400.0  9.86886e-17
      49420.0  9.85333e-17
      49440.0  9.83782e-17
      49460.0  9.82234e-17
      49480.0  9.80690e-17
      49500.0  9.79148e-17
      49520.0  9.77610e-17
      49540.0  9.76075e-17
      49560.0  9.74542e-17
      49580.0  9.73013e-17
      49600.0  9.71486e-17
      49620.0  9.69963e-17
      49640.0  9.68442e-17
      49660.0  9.66925e-17
      49680.0  9.65411e-17
      49700.0  9.63899e-17
      49720.0  9.62390e-17
      49740.0  9.60885e-17
      49760.0  9.59382e-17
      49780.0  9.57882e-17
      49800.0  9.56386e-17
      49820.0  9.54892e-17
      49840.0  9.53401e-17
      49860.0  9.51913e-17
      49880.0  9.50428e-17
      49900.0  9.48945e-17
      49920.0  9.47466e-17
      49940.0  9.45989e-17
      49960.0  9.44516e-17
      49980.0  9.43045e-17
      50000.0  9.41577e-17
      50020.0  9.40112e-17
      50040.0  9.38650e-17
      50060.0  9.37191e-17
      50080.0  9.35734e-17
      50100.0  9.34280e-17
      50120.0  9.32829e-17
      50140.0  9.31381e-17
      50160.0  9.29936e-17
      50180.0  9.28494e-17
      50200.0  9.27054e-17
      50220.0  9.25617e-17
      50240.0  9.24183e-17
      50260.0  9.22752e-17
      50280.0  9.21323e-17
      50300.0  9.19897e-17
      50320.0  9.18474e-17
      50340.0  9.17054e-17
      50360.0  9.15637e-17
      50380.0  9.14222e-17
      50400.0  9.12810e-17
      50420.0  9.11400e-17
      50440.0  9.09994e-17
      50460.0  9.08590e-17
      50480.0  9.07189e-17
      50500.0  9.05790e-17
      50520.0  9.04394e-17
      50540.0  9.03001e-17
      50560.0  9.01611e-17
      50580.0  9.00223e-17
      50600.0  8.98838e-17
      50620.0  8.97455e-17
      50640.0  8.96076e-17
      50660.0  8.94699e-17
      50680.0  8.93324e-17
      50700.0  8.91952e-17
      50720.0  8.90583e-17
      50740.0  8.89216e-17
      50760.0  8.87852e-17
      50780.0  8.86491e-17
      50800.0  8.85132e-17
      50820.0  8.83776e-17
      50840.0  8.82423e-17
      50860.0  8.81072e-17
      50880.0  8.79723e-17
      50900.0  8.78377e-17
      50920.0  8.77034e-17
      50940.0  8.75693e-17
      50960.0  8.74355e-17
      50980.0  8.73020e-17
      51000.0  8.71687e-17
      51020.0  8.70356e-17
      51040.0  8.69028e-17
      51060.0  8.67703e-17
      51080.0  8.66380e-17
      51100.0  8.65060e-17
      51120.0  8.63742e-17
      51140.0  8.62427e-17
      51160.0  8.61114e-17
      51180.0  8.59803e-17
      51200.0  8.58496e-17
      51220.0  8.57190e-17
      51240.0  8.55887e-17
      51260.0  8.54587e-17
      51280.0  8.53289e-17
      51300.0  8.51994e-17
      51320.0  8.50700e-17
      51340.0  8.49410e-17
      51360.0  8.48122e-17
      51380.0  8.46836e-17
      51400.0  8.45553e-17
      51420.0  8.44272e-17
      51440.0  8.42994e-17
      51460.0  8.41718e-17
      51480.0  8.40444e-17
      51500.0  8.39173e-17
      51520.0  8.37904e-17
      51540.0  8.36638e-17
      51560.0  8.35374e-17
      51580.0  8.34112e-17
      51600.0  8.32853e-17
      51620.0  8.31596e-17
      51640.0  8.30342e-17
      51660.0  8.29090e-17
      51680.0  8.27840e-17
      51700.0  8.26593e-17
      51720.0  8.25348e-17
      51740.0  8.24105e-17
      51760.0  8.22865e-17
      51780.0  8.21626e-17
      51800.0  8.20391e-17
      51820.0  8.19157e-17
      51840.0  8.17926e-17
      51860.0  8.16698e-17
      51880.0  8.15471e-17
      51900.0  8.14247e-17
      51920.0  8.13025e-17
      51940.0  8.11806e-17
      51960.0  8.10588e-17
      51980.0  8.09373e-17
      52000.0  8.08161e-17
      52020.0  8.06950e-17
      52040.0  8.05742e-17
      52060.0  8.04536e-17
      52080.0  8.03332e-17
      52100.0  8.02131e-17
      52120.0  8.00932e-17
      52140.0  7.99735e-17
      52160.0  7.98540e-17
      52180.0  7.97348e-17
      52200.0  7.96157e-17
      52220.0  7.94969e-17
      52240.0  7.93784e-17
      52260.0  7.92600e-17
      52280.0  7.91419e-17
      52300.0  7.90239e-17
      52320.0  7.89062e-17
      52340.0  7.87888e-17
      52360.0  7.86715e-17
      52380.0  7.85545e-17
      52400.0  7.84376e-17
      52420.0  7.83210e-17
      52440.0  7.82046e-17
      52460.0  7.80884e-17
      52480.0  7.79725e-17
      52500.0  7.78567e-17
      52520.0  7.77412e-17
      52540.0  7.76259e-17
      52560.0  7.75108e-17
      52580.0  7.73959e-17
      52600.0  7.72812e-17
      52620.0  7.71667e-17
      52640.0  7.70525e-17
      52660.0  7.69384e-17
      52680.0  7.68246e-17
      52700.0  7.67110e-17
      52720.0  7.65976e-17
      52740.0  7.64844e-17
      52760.0  7.63714e-17
      52780.0  7.62586e-17
      52800.0  7.61460e-17
      52820.0  7.60336e-17
      52840.0  7.59215e-17
      52860.0  7.58095e-17
      52880.0  7.56978e-17
      52900.0  7.55862e-17
      52920.0  7.54749e-17
      52940.0  7.53638e-17
      52960.0  7.52528e-17
      52980.0  7.51421e-17
      53000.0  7.50316e-17
      53020.0  7.49213e-17
      53040.0  7.48112e-17
      53060.0  7.47012e-17
      53080.0  7.45915e-17
      53100.0  7.44820e-17
      53120.0  7.43727e-17
      53140.0  7.42636e-17
      53160.0  7.41547e-17
      53180.0  7.40460e-17
      53200.0  7.39375e-17
      53220.0  7.38292e-17
      53240.0  7.37210e-17
      53260.0  7.36131e-17
      53280.0  7.35054e-17
      53300.0  7.33979e-17
      53320.0  7.32906e-17
      53340.0  7.31834e-17
      53360.0  7.30765e-17
      53380.0  7.29698e-17
      53400.0  7.28632e-17
      53420.0  7.27569e-17
      53440.0  7.26507e-17
      53460.0  7.25447e-17
      53480.0  7.24390e-17
      53500.0  7.23334e-17
      53520.0  7.22280e-17
      53540.0  7.21228e-17
      53560.0  7.20178e-17
      53580.0  7.19130e-17
      53600.0  7.18084e-17
      53620.0  7.17040e-17
      53640.0  7.15997e-17
      53660.0  7.14957e-17
      53680.0  7.13918e-17
      53700.0  7.12881e-17
      53720.0  7.11846e-17
      53740.0  7.10814e-17
      53760.0  7.09782e-17
      53780.0  7.08753e-17
      53800.0  7.07726e-17
      53820.0  7.06700e-17
      53840.0  7.05677e-17
      53860.0  7.04655e-17
      53880.0  7.03635e-17
      53900.0  7.02617e-17
      53920.0  7.01601e-17
      53940.0  7.00586e-17
      53960.0  6.99573e-17
      53980.0  6.98563e-17
      54000.0  6.97554e-17
      54020.0  6.96547e-17
      54040.0  6.95541e-17
      54060.0  6.94538e-17
      54080.0  6.93536e-17
      54100.0  6.92536e-17
      54120.0  6.91538e-17
      54140.0  6.90542e-17
      54160.0  6.89547e-17
      54180.0  6.88555e-17
      54200.0  6.87564e-17
      54220.0  6.86575e-17
      54240.0  6.85587e-17
      54260.0  6.84602e-17
      54280.0  6.83618e-17
      54300.0  6.82636e-17
      54320.0  6.81656e-17
      54340.0  6.80677e-17
      54360.0  6.79700e-17
      54380.0  6.78725e-17
      54400.0  6.77752e-17
      54420.0  6.76780e-17
      54440.0  6.75811e-17
      54460.0  6.74843e-17
      54480.0  6.73876e-17
      54500.0  6.72912e-17
      54520.0  6.71949e-17
      54540.0  6.70988e-17
      54560.0  6.70028e-17
      54580.0  6.69070e-17
      54600.0  6.68114e-17
      54620.0  6.67160e-17
      54640.0  6.66207e-17
      54660.0  6.65257e-17
      54680.0  6.64307e-17
      54700.0  6.63360e-17
      54720.0  6.62414e-17
      54740.0  6.61470e-17
      54760.0  6.60527e-17
      54780.0  6.59587e-17
      54800.0  6.58648e-17
      54820.0  6.57710e-17
      54840.0  6.56774e-17
      54860.0  6.55840e-17
      54880.0  6.54908e-17
      54900.0  6.53977e-17
      54920.0  6.53048e-17
      54940.0  6.52120e-17
      54960.0  6.51194e-17
      54980.0  6.50270e-17
      55000.0  6.49348e-17
      55020.0  6.48427e-17
      55040.0  6.47508e-17
      55060.0  6.46590e-17
      55080.0  6.45674e-17
      55100.0  6.44759e-17
      55120.0  6.43847e-17
      55140.0  6.42935e-17
      55160.0  6.42026e-17
      55180.0  6.41118e-17
      55200.0  6.40211e-17
      55220.0  6.39307e-17
      55240.0  6.38404e-17
      55260.0  6.37502e-17
      55280.0  6.36602e-17
      55300.0  6.35704e-17
      55320.0  6.34807e-17
      55340.0  6.33912e-17
      55360.0  6.33018e-17
      55380.0  6.32126e-17
      55400.0  6.31235e-17
      55420.0  6.30346e-17
      55440.0  6.29459e-17
      55460.0  6.28573e-17
      55480.0  6.27689e-17
      55500.0  6.26806e-17
      55520.0  6.25925e-17
      55540.0  6.25045e-17
      55560.0  6.24167e-17
      55580.0  6.23291e-17
      55600.0  6.22416e-17
      55620.0  6.21542e-17
      55640.0  6.20670e-17
      55660.0  6.19800e-17
      55680.0  6.18931e-17
      55700.0  6.18064e-17
      55720.0  6.17198e-17
      55740.0  6.16334e-17
      55760.0  6.15471e-17
      55780.0  6.14609e-17
      55800.0  6.13750e-17
      55820.0  6.12891e-17
      55840.0  6.12035e-17
      55860.0  6.11179e-17
      55880.0  6.10325e-17
      55900.0  6.09473e-17
      55920.0  6.08622e-17
      55940.0  6.07773e-17
      55960.0  6.06925e-17
      55980.0  6.06079e-17
      56000.0  6.05234e-17
      56020.0  6.04390e-17
      56040.0  6.03548e-17
      56060.0  6.02708e-17
      56080.0  6.01869e-17
      56100.0  6.01031e-17
      56120.0  6.00195e-17
      56140.0  5.99361e-17
      56160.0  5.98527e-17
      56180.0  5.97696e-17
      56200.0  5.96865e-17
      56220.0  5.96036e-17
      56240.0  5.95209e-17
      56260.0  5.94383e-17
      56280.0  5.93558e-17
      56300.0  5.92735e-17
      56320.0  5.91913e-17
      56340.0  5.91093e-17
      56360.0  5.90274e-17
      56380.0  5.89457e-17
      56400.0  5.88641e-17
      56420.0  5.87826e-17
      56440.0  5.87013e-17
      56460.0  5.86201e-17
      56480.0  5.85391e-17
      56500.0  5.84582e-17
      56520.0  5.83774e-17
      56540.0  5.82968e-17
      56560.0  5.82163e-17
      56580.0  5.81359e-17
      56600.0  5.80557e-17
      56620.0  5.79757e-17
      56640.0  5.78957e-17
      56660.0  5.78159e-17
      56680.0  5.77363e-17
      56700.0  5.76568e-17
      56720.0  5.75774e-17
      56740.0  5.74981e-17
      56760.0  5.74190e-17
      56780.0  5.73401e-17
      56800.0  5.72612e-17
      56820.0  5.71825e-17
      56840.0  5.71040e-17
      56860.0  5.70255e-17
      56880.0  5.69472e-17
      56900.0  5.68691e-17
      56920.0  5.67910e-17
      56940.0  5.67131e-17
      56960.0  5.66354e-17
      56980.0  5.65577e-17
      57000.0  5.64802e-17
      57020.0  5.64029e-17
      57040.0  5.63257e-17
      57060.0  5.62486e-17
      57080.0  5.61716e-17
      57100.0  5.60948e-17
      57120.0  5.60181e-17
      57140.0  5.59415e-17
      57160.0  5.58650e-17
      57180.0  5.57887e-17
      57200.0  5.57125e-17
      57220.0  5.56365e-17
      57240.0  5.55606e-17
      57260.0  5.54848e-17
      57280.0  5.54091e-17
      57300.0  5.53336e-17
      57320.0  5.52582e-17
      57340.0  5.51829e-17
      57360.0  5.51077e-17
      57380.0  5.50327e-17
      57400.0  5.49578e-17
      57420.0  5.48831e-17
      57440.0  5.48084e-17
      57460.0  5.47339e-17
      57480.0  5.46595e-17
      57500.0  5.45853e-17
      57520.0  5.45111e-17
      57540.0  5.44371e-17
      57560.0  5.43632e-17
      57580.0  5.42895e-17
      57600.0  5.42159e-17
      57620.0  5.41423e-17
      57640.0  5.40690e-17
      57660.0  5.39957e-17
      57680.0  5.39226e-17
      57700.0  5.38496e-17
      57720.0  5.37767e-17
      57740.0  5.37039e-17
      57760.0  5.36313e-17
      57780.0  5.35588e-17
      57800.0  5.34864e-17
      57820.0  5.34141e-17
      57840.0  5.33419e-17
      57860.0  5.32699e-17
      57880.0  5.31980e-17
      57900.0  5.31262e-17
      57920.0  5.30545e-17
      57940.0  5.29830e-17
      57960.0  5.29116e-17
      57980.0  5.28403e-17
      58000.0  5.27691e-17
      58020.0  5.26980e-17
      58040.0  5.26271e-17
      58060.0  5.25562e-17
      58080.0  5.24855e-17
      58100.0  5.24150e-17
      58120.0  5.23445e-17
      58140.0  5.22741e-17
      58160.0  5.22039e-17
      58180.0  5.21338e-17
      58200.0  5.20638e-17
      58220.0  5.19939e-17
      58240.0  5.19241e-17
      58260.0  5.18545e-17
      58280.0  5.17850e-17
      58300.0  5.17156e-17
      58320.0  5.16463e-17
      58340.0  5.15771e-17
      58360.0  5.15080e-17
      58380.0  5.14391e-17
      58400.0  5.13702e-17
      58420.0  5.13015e-17
      58440.0  5.12329e-17
      58460.0  5.11644e-17
      58480.0  5.10960e-17
      58500.0  5.10278e-17
      58520.0  5.09596e-17
      58540.0  5.08916e-17
      58560.0  5.08237e-17
      58580.0  5.07559e-17
      58600.0  5.06882e-17
      58620.0  5.06206e-17
      58640.0  5.05531e-17
      58660.0  5.04858e-17
      58680.0  5.04185e-17
      58700.0  5.03514e-17
      58720.0  5.02844e-17
      58740.0  5.02175e-17
      58760.0  5.01507e-17
      58780.0  5.00840e-17
      58800.0  5.00174e-17
      58820.0  4.99510e-17
      58840.0  4.98846e-17
      58860.0  4.98184e-17
      58880.0  4.97522e-17
      58900.0  4.96862e-17
      58920.0  4.96203e-17
      58940.0  4.95545e-17
      58960.0  4.94888e-17
      58980.0  4.94232e-17
      59000.0  4.93577e-17
      59020.0  4.92923e-17
      59040.0  4.92271e-17
      59060.0  4.91619e-17
      59080.0  4.90969e-17
      59100.0  4.90319e-17
      59120.0  4.89671e-17
      59140.0  4.89024e-17
      59160.0  4.88378e-17
      59180.0  4.87732e-17
      59200.0  4.87088e-17
      59220.0  4.86445e-17
      59240.0  4.85803e-17
      59260.0  4.85163e-17
      59280.0  4.84523e-17
      59300.0  4.83884e-17
      59320.0  4.83246e-17
      59340.0  4.82610e-17
      59360.0  4.81974e-17
      59380.0  4.81339e-17
      59400.0  4.80706e-17
      59420.0  4.80073e-17
      59440.0  4.79442e-17
      59460.0  4.78812e-17
      59480.0  4.78182e-17
      59500.0  4.77554e-17
      59520.0  4.76927e-17
      59540.0  4.76300e-17
      59560.0  4.75675e-17
      59580.0  4.75051e-17
      59600.0  4.74428e-17
      59620.0  4.73805e-17
      59640.0  4.73184e-17
      59660.0  4.72564e-17
      59680.0  4.71945e-17
      59700.0  4.71327e-17
      59720.0  4.70710e-17
      59740.0  4.70094e-17
      59760.0  4.69479e-17
      59780.0  4.68865e-17
      59800.0  4.68251e-17
      59820.0  4.67639e-17
      59840.0  4.67028e-17
      59860.0  4.66418e-17
      59880.0  4.65809e-17
      59900.0  4.65201e-17
      59920.0  4.64594e-17
      59940.0  4.63988e-17
      59960.0  4.63383e-17
      59980.0  4.62779e-17
      60000.0  4.62175e-17
      60020.0  4.61573e-17
      60040.0  4.60972e-17
      60060.0  4.60372e-17
      60080.0  4.59773e-17
      60100.0  4.59174e-17
      60120.0  4.58577e-17
      60140.0  4.57981e-17
      60160.0  4.57386e-17
      60180.0  4.56791e-17
      60200.0  4.56198e-17
      60220.0  4.55605e-17
      60240.0  4.55014e-17
      60260.0  4.54423e-17
      60280.0  4.53834e-17
      60300.0  4.53245e-17
      60320.0  4.52657e-17
      60340.0  4.52071e-17
      60360.0  4.51485e-17
      60380.0  4.50900e-17
      60400.0  4.50316e-17
      60420.0  4.49733e-17
      60440.0  4.49151e-17
      60460.0  4.48570e-17
      60480.0  4.47990e-17
      60500.0  4.47411e-17
      60520.0  4.46833e-17
      60540.0  4.46256e-17
      60560.0  4.45679e-17
      60580.0  4.45104e-17
      60600.0  4.44529e-17
      60620.0  4.43956e-17
      60640.0  4.43383e-17
      60660.0  4.42811e-17
      60680.0  4.42240e-17
      60700.0  4.41671e-17
      60720.0  4.41102e-17
      60740.0  4.40534e-17
      60760.0  4.39966e-17
      60780.0  4.39400e-17
      60800.0  4.38835e-17
      60820.0  4.38270e-17
      60840.0  4.37707e-17
      60860.0  4.37144e-17
      60880.0  4.36583e-17
      60900.0  4.36022e-17
      60920.0  4.35462e-17
      60940.0  4.34903e-17
      60960.0  4.34345e-17
      60980.0  4.33788e-17
      61000.0  4.33231e-17
      61020.0  4.32676e-17
      61040.0  4.32121e-17
      61060.0  4.31568e-17
      61080.0  4.31015e-17
      61100.0  4.30463e-17
      61120.0  4.29912e-17
      61140.0  4.29362e-17
      61160.0  4.28813e-17
      61180.0  4.28264e-17
      61200.0  4.27717e-17
      61220.0  4.27170e-17
      61240.0  4.26625e-17
      61260.0  4.26080e-17
      61280.0  4.25536e-17
      61300.0  4.24993e-17
      61320.0  4.24450e-17
      61340.0  4.23909e-17
      61360.0  4.23369e-17
      61380.0  4.22829e-17
      61400.0  4.22290e-17
      61420.0  4.21752e-17
      61440.0  4.21215e-17
      61460.0  4.20679e-17
      61480.0  4.20143e-17
      61500.0  4.19609e-17
      61520.0  4.19075e-17
      61540.0  4.18542e-17
      61560.0  4.18010e-17
      61580.0  4.17479e-17
      61600.0  4.16949e-17
      61620.0  4.16419e-17
      61640.0  4.15891e-17
      61660.0  4.15363e-17
      61680.0  4.14836e-17
      61700.0  4.14310e-17
      61720.0  4.13785e-17
      61740.0  4.13260e-17
      61760.0  4.12737e-17
      61780.0  4.12214e-17
      61800.0  4.11692e-17
      61820.0  4.11171e-17
      61840.0  4.10651e-17
      61860.0  4.10131e-17
      61880.0  4.09612e-17
      61900.0  4.09094e-17
      61920.0  4.08577e-17
      61940.0  4.08061e-17
      61960.0  4.07546e-17
      61980.0  4.07031e-17
      62000.0  4.06518e-17
      62020.0  4.06005e-17
      62040.0  4.05492e-17
      62060.0  4.04981e-17
      62080.0  4.04471e-17
      62100.0  4.03961e-17
      62120.0  4.03452e-17
      62140.0  4.02944e-17
      62160.0  4.02436e-17
      62180.0  4.01930e-17
      62200.0  4.01424e-17
      62220.0  4.00919e-17
      62240.0  4.00415e-17
      62260.0  3.99912e-17
      62280.0  3.99409e-17
      62300.0  3.98907e-17
      62320.0  3.98406e-17
      62340.0  3.97906e-17
      62360.0  3.97407e-17
      62380.0  3.96908e-17
      62400.0  3.96410e-17
      62420.0  3.95913e-17
      62440.0  3.95417e-17
      62460.0  3.94921e-17
      62480.0  3.94427e-17
      62500.0  3.93933e-17
      62520.0  3.93439e-17
      62540.0  3.92947e-17
      62560.0  3.92455e-17
      62580.0  3.91964e-17
      62600.0  3.91474e-17
      62620.0  3.90985e-17
      62640.0  3.90496e-17
      62660.0  3.90009e-17
      62680.0  3.89522e-17
      62700.0  3.89035e-17
      62720.0  3.88550e-17
      62740.0  3.88065e-17
      62760.0  3.87581e-17
      62780.0  3.87098e-17
      62800.0  3.86615e-17
      62820.0  3.86133e-17
      62840.0  3.85652e-17
      62860.0  3.85172e-17
      62880.0  3.84692e-17
      62900.0  3.84214e-17
      62920.0  3.83736e-17
      62940.0  3.83258e-17
      62960.0  3.82782e-17
      62980.0  3.82306e-17
      63000.0  3.81831e-17
      63020.0  3.81357e-17
      63040.0  3.80883e-17
      63060.0  3.80410e-17
      63080.0  3.79938e-17
      63100.0  3.79467e-17
      63120.0  3.78996e-17
      63140.0  3.78526e-17
      63160.0  3.78057e-17
      63180.0  3.77588e-17
      63200.0  3.77121e-17
      63220.0  3.76653e-17
      63240.0  3.76187e-17
      63260.0  3.75722e-17
      63280.0  3.75257e-17
      63300.0  3.74793e-17
      63320.0  3.74329e-17
      63340.0  3.73866e-17
      63360.0  3.73404e-17
      63380.0  3.72943e-17
      63400.0  3.72483e-17
      63420.0  3.72023e-17
      63440.0  3.71564e-17
      63460.0  3.71105e-17
      63480.0  3.70647e-17
      63500.0  3.70190e-17
      63520.0  3.69734e-17
      63540.0  3.69278e-17
      63560.0  3.68823e-17
      63580.0  3.68369e-17
      63600.0  3.67916e-17
      63620.0  3.67463e-17
      63640.0  3.67011e-17
      63660.0  3.66559e-17
      63680.0  3.66108e-17
      63700.0  3.65658e-17
      63720.0  3.65209e-17
      63740.0  3.64760e-17
      63760.0  3.64312e-17
      63780.0  3.63865e-17
      63800.0  3.63418e-17
      63820.0  3.62973e-17
      63840.0  3.62527e-17
      63860.0  3.62083e-17
      63880.0  3.61639e-17
      63900.0  3.61196e-17
      63920.0  3.60753e-17
      63940.0  3.60311e-17
      63960.0  3.59870e-17
      63980.0  3.59430e-17
      64000.0  3.58990e-17
      64020.0  3.58551e-17
      64040.0  3.58112e-17
      64060.0  3.57674e-17
      64080.0  3.57237e-17
      64100.0  3.56801e-17
      64120.0  3.56365e-17
      64140.0  3.55930e-17
      64160.0  3.55495e-17
      64180.0  3.55061e-17
      64200.0  3.54628e-17
      64220.0  3.54196e-17
      64240.0  3.53764e-17
      64260.0  3.53333e-17
      64280.0  3.52902e-17
      64300.0  3.52472e-17
      64320.0  3.52043e-17
      64340.0  3.51615e-17
      64360.0  3.51187e-17
      64380.0  3.50760e-17
      64400.0  3.50333e-17
      64420.0  3.49907e-17
      64440.0  3.49482e-17
      64460.0  3.49057e-17
      64480.0  3.48633e-17
      64500.0  3.48210e-17
      64520.0  3.47787e-17
      64540.0  3.47365e-17
      64560.0  3.46943e-17
      64580.0  3.46523e-17
      64600.0  3.46102e-17
      64620.0  3.45683e-17
      64640.0  3.45264e-17
      64660.0  3.44846e-17
      64680.0  3.44428e-17
      64700.0  3.44011e-17
      64720.0  3.43595e-17
      64740.0  3.43179e-17
      64760.0  3.42764e-17
      64780.0  3.42349e-17
      64800.0  3.41935e-17
      64820.0  3.41522e-17
      64840.0  3.41110e-17
      64860.0  3.40698e-17
      64880.0  3.40286e-17
      64900.0  3.39875e-17
      64920.0  3.39465e-17
      64940.0  3.39056e-17
      64960.0  3.38647e-17
      64980.0  3.38239e-17
      65000.0  3.37831e-17
      65020.0  3.37424e-17
      65040.0  3.37018e-17
      65060.0  3.36612e-17
      65080.0  3.36207e-17
      65100.0  3.35802e-17
      65120.0  3.35398e-17
      65140.0  3.34994e-17
      65160.0  3.34592e-17
      65180.0  3.34190e-17
      65200.0  3.33788e-17
      65220.0  3.33387e-17
      65240.0  3.32987e-17
      65260.0  3.32587e-17
      65280.0  3.32188e-17
      65300.0  3.31789e-17
      65320.0  3.31391e-17
      65340.0  3.30994e-17
      65360.0  3.30597e-17
      65380.0  3.30201e-17
      65400.0  3.29805e-17
      65420.0  3.29410e-17
      65440.0  3.29016e-17
      65460.0  3.28622e-17
      65480.0  3.28229e-17
      65500.0  3.27836e-17
      65520.0  3.27444e-17
      65540.0  3.27053e-17
      65560.0  3.26662e-17
      65580.0  3.26271e-17
      65600.0  3.25882e-17
      65620.0  3.25493e-17
      65640.0  3.25104e-17
      65660.0  3.24716e-17
      65680.0  3.24329e-17
      65700.0  3.23942e-17
      65720.0  3.23556e-17
      65740.0  3.23170e-17
      65760.0  3.22785e-17
      65780.0  3.22400e-17
      65800.0  3.22016e-17
      65820.0  3.21633e-17
      65840.0  3.21250e-17
      65860.0  3.20868e-17
      65880.0  3.20486e-17
      65900.0  3.20105e-17
      65920.0  3.19725e-17
      65940.0  3.19345e-17
      65960.0  3.18965e-17
      65980.0  3.18586e-17
      66000.0  3.18208e-17
      66020.0  3.17830e-17
      66040.0  3.17453e-17
      66060.0  3.17077e-17
      66080.0  3.16701e-17
      66100.0  3.16325e-17
      66120.0  3.15950e-17
      66140.0  3.15576e-17
      66160.0  3.15202e-17
      66180.0  3.14829e-17
      66200.0  3.14456e-17
      66220.0  3.14084e-17
      66240.0  3.13712e-17
      66260.0  3.13341e-17
      66280.0  3.12971e-17
      66300.0  3.12601e-17
      66320.0  3.12231e-17
      66340.0  3.11862e-17
      66360.0  3.11494e-17
      66380.0  3.11126e-17
      66400.0  3.10759e-17
      66420.0  3.10392e-17
      66440.0  3.10026e-17
      66460.0  3.09661e-17
      66480.0  3.09295e-17
      66500.0  3.08931e-17
      66520.0  3.08567e-17
      66540.0  3.08203e-17
      66560.0  3.07840e-17
      66580.0  3.07478e-17
      66600.0  3.07116e-17
      66620.0  3.06755e-17
      66640.0  3.06394e-17
      66660.0  3.06034e-17
      66680.0  3.05674e-17
      66700.0  3.05315e-17
      66720.0  3.04956e-17
      66740.0  3.04598e-17
      66760.0  3.04240e-17
      66780.0  3.03883e-17
      66800.0  3.03527e-17
      66820.0  3.03171e-17
      66840.0  3.02815e-17
      66860.0  3.02460e-17
      66880.0  3.02105e-17
      66900.0  3.01751e-17
      66920.0  3.01398e-17
      66940.0  3.01045e-17
      66960.0  3.00693e-17
      66980.0  3.00341e-17
      67000.0  2.99989e-17
      67020.0  2.99638e-17
      67040.0  2.99288e-17
      67060.0  2.98938e-17
      67080.0  2.98589e-17
      67100.0  2.98240e-17
      67120.0  2.97892e-17
      67140.0  2.97544e-17
      67160.0  2.97196e-17
      67180.0  2.96850e-17
      67200.0  2.96503e-17
      67220.0  2.96157e-17
      67240.0  2.95812e-17
      67260.0  2.95467e-17
      67280.0  2.95123e-17
      67300.0  2.94779e-17
      67320.0  2.94436e-17
      67340.0  2.94093e-17
      67360.0  2.93751e-17
      67380.0  2.93409e-17
      67400.0  2.93068e-17
      67420.0  2.92727e-17
      67440.0  2.92387e-17
      67460.0  2.92047e-17
      67480.0  2.91708e-17
      67500.0  2.91369e-17
      67520.0  2.91030e-17
      67540.0  2.90693e-17
      67560.0  2.90355e-17
      67580.0  2.90018e-17
      67600.0  2.89682e-17
      67620.0  2.89346e-17
      67640.0  2.89011e-17
      67660.0  2.88676e-17
      67680.0  2.88341e-17
      67700.0  2.88007e-17
      67720.0  2.87674e-17
      67740.0  2.87341e-17
      67760.0  2.87008e-17
      67780.0  2.86676e-17
      67800.0  2.86345e-17
      67820.0  2.86014e-17
      67840.0  2.85683e-17
      67860.0  2.85353e-17
      67880.0  2.85023e-17
      67900.0  2.84694e-17
      67920.0  2.84366e-17
      67940.0  2.84037e-17
      67960.0  2.83710e-17
      67980.0  2.83382e-17
      68000.0  2.83056e-17
      68020.0  2.82729e-17
      68040.0  2.82403e-17
      68060.0  2.82078e-17
      68080.0  2.81753e-17
      68100.0  2.81429e-17
      68120.0  2.81105e-17
      68140.0  2.80781e-17
      68160.0  2.80458e-17
      68180.0  2.80136e-17
      68200.0  2.79813e-17
      68220.0  2.79492e-17
      68240.0  2.79171e-17
      68260.0  2.78850e-17
      68280.0  2.78530e-17
      68300.0  2.78210e-17
      68320.0  2.77890e-17
      68340.0  2.77572e-17
      68360.0  2.77253e-17
      68380.0  2.76935e-17
      68400.0  2.76618e-17
      68420.0  2.76301e-17
      68440.0  2.75984e-17
      68460.0  2.75668e-17
      68480.0  2.75352e-17
      68500.0  2.75037e-17
      68520.0  2.74722e-17
      68540.0  2.74408e-17
      68560.0  2.74094e-17
      68580.0  2.73780e-17
      68600.0  2.73467e-17
      68620.0  2.73155e-17
      68640.0  2.72843e-17
      68660.0  2.72531e-17
      68680.0  2.72220e-17
      68700.0  2.71909e-17
      68720.0  2.71599e-17
      68740.0  2.71289e-17
      68760.0  2.70979e-17
      68780.0  2.70670e-17
      68800.0  2.70362e-17
      68820.0  2.70053e-17
      68840.0  2.69746e-17
      68860.0  2.69439e-17
      68880.0  2.69132e-17
      68900.0  2.68825e-17
      68920.0  2.68519e-17
      68940.0  2.68214e-17
      68960.0  2.67909e-17
      68980.0  2.67604e-17
      69000.0  2.67300e-17
      69020.0  2.66996e-17
      69040.0  2.66693e-17
      69060.0  2.66390e-17
      69080.0  2.66087e-17
      69100.0  2.65785e-17
      69120.0  2.65484e-17
      69140.0  2.65182e-17
      69160.0  2.64882e-17
      69180.0  2.64581e-17
      69200.0  2.64281e-17
      69220.0  2.63982e-17
      69240.0  2.63683e-17
      69260.0  2.63384e-17
      69280.0  2.63086e-17
      69300.0  2.62788e-17
      69320.0  2.62491e-17
      69340.0  2.62194e-17
      69360.0  2.61897e-17
      69380.0  2.61601e-17
      69400.0  2.61305e-17
      69420.0  2.61010e-17
      69440.0  2.60715e-17
      69460.0  2.60421e-17
      69480.0  2.60127e-17
      69500.0  2.59833e-17
      69520.0  2.59540e-17
      69540.0  2.59247e-17
      69560.0  2.58955e-17
      69580.0  2.58663e-17
      69600.0  2.58371e-17
      69620.0  2.58080e-17
      69640.0  2.57789e-17
      69660.0  2.57499e-17
      69680.0  2.57209e-17
      69700.0  2.56919e-17
      69720.0  2.56630e-17
      69740.0  2.56342e-17
      69760.0  2.56053e-17
      69780.0  2.55765e-17
      69800.0  2.55478e-17
      69820.0  2.55191e-17
      69840.0  2.54904e-17
      69860.0  2.54618e-17
      69880.0  2.54332e-17
      69900.0  2.54047e-17
      69920.0  2.53761e-17
      69940.0  2.53477e-17
      69960.0  2.53193e-17
