      1600.00      0.00000
      1610.00     0.249000
      1620.00     0.499000
      1630.00     0.749000
      1640.00     0.998000
      1650.00      1.24700
      1660.00      1.49700
      1670.00      1.74700
      1680.00      1.91700
      1690.00      2.04100
      1700.00      2.14200
      1710.00      2.15900
      1720.00      2.19600
      1730.00      2.33000
      1740.00      2.46000
      1750.00      2.56800
      1760.00      2.67300
      1770.00      2.73600
      1780.00      2.79800
      1790.00      2.85800
      1800.00      2.91500
      1810.00      2.98800
      1820.00      3.05800
      1830.00      3.10900
      1840.00      3.19100
      1850.00      3.27100
      1860.00      3.34800
      1870.00      3.43800
      1880.00      3.54200
      1890.00      3.78700
      1900.00      3.88100
      1910.00      3.87500
      1920.00      3.96200
      1930.00      3.99900
      1940.00      4.06400
      1950.00      4.12500
      1960.00      4.21200
      1970.00      4.30900
      1980.00      4.43000
      1990.00      4.50300
      2000.00      4.61400
      2010.00      4.67700
      2020.00      4.73700
      2030.00      4.81800
      2040.00      4.89400
      2050.00      4.96500
      2060.00      5.05600
      2070.00      5.14100
      2080.00      5.24400
      2090.00      5.35200
      2100.00      5.47500
      2110.00      5.65900
      2120.00      5.84400
      2130.00      6.06100
      2140.00      6.26500
      2150.00      6.48800
      2160.00      6.72700
      2170.00      6.98100
      2180.00      7.21900
      2190.00      7.44900
      2200.00      7.70800
      2210.00      7.91600
      2220.00      8.26500
      2230.00      8.63400
      2240.00      9.00400
      2250.00      9.52500
      2260.00      10.0860
      2270.00      10.6490
      2280.00      11.2500
      2290.00      11.8630
      2300.00      12.4780
      2310.00      13.1040
      2320.00      13.7610
      2330.00      14.4000
      2340.00      14.9940
      2350.00      15.7130
      2360.00      16.4540
      2370.00      17.1770
      2380.00      17.8740
      2390.00      18.5350
      2400.00      19.1880
      2410.00      19.7850
      2420.00      20.3640
      2430.00      20.9060
      2440.00      21.4010
      2450.00      21.6370
      2460.00      21.8330
      2470.00      21.9630
      2480.00      22.0830
      2490.00      22.1540
      2500.00      22.1870
      2510.00      22.2100
      2520.00      22.2030
      2530.00      22.1770
      2540.00      22.1110
      2550.00      22.2220
      2560.00      22.2690
      2570.00      22.2760
      2580.00      22.2530
      2590.00      22.2300
      2600.00      22.1780
      2610.00      22.1170
      2620.00      22.0260
      2630.00      21.9350
      2640.00      21.8150
      2650.00      21.6280
      2660.00      21.4120
      2670.00      21.1770
      2680.00      20.9810
      2690.00      20.7280
      2700.00      20.4760
      2710.00      20.2140
      2720.00      19.9440
      2730.00      19.6650
      2740.00      19.3770
      2750.00      19.0040
      2760.00      18.6030
      2770.00      18.2410
      2780.00      17.8520
      2790.00      17.4450
      2800.00      17.0490
      2810.00      16.6340
      2820.00      16.2120
      2830.00      15.7900
      2840.00      15.3510
      2850.00      14.9230
      2860.00      14.4860
      2870.00      14.0510
      2880.00      13.6450
      2890.00      13.2120
      2900.00      12.7810
      2910.00      12.2880
      2920.00      11.7300
      2930.00      11.1910
      2940.00      10.6620
      2950.00      10.1440
      2960.00      9.64400
      2970.00      9.17100
      2980.00      8.71500
      2990.00      8.26900
      3000.00      7.84100
      3010.00      7.44500
      3020.00      7.05800
      3030.00      6.67900
      3040.00      6.33100
      3050.00      5.90700
      3060.00      5.50000
      3070.00      5.13300
      3080.00      4.78200
      3090.00      4.46100
      3100.00      4.14800
      3110.00      3.86400
      3120.00      3.60100
      3130.00      3.33800
      3140.00      3.10100
      3150.00      2.90719
      3160.00      2.71338
      3170.00      2.51956
      3180.00      2.32575
      3190.00      2.13194
      3200.00      1.93813
      3210.00      1.74431
      3220.00      1.55050
      3230.00      1.35669
      3240.00      1.16288
      3250.00     0.969063
      3260.00     0.775250
      3270.00     0.581438
      3280.00     0.387625
      3290.00     0.193812
      3300.00      0.00000
      3310.00      0.00000
      3320.00      0.00000
      3330.00      0.00000
      3340.00      0.00000
      3350.00      0.00000
      3360.00      0.00000
      3370.00      0.00000
      3380.00      0.00000
      3390.00      0.00000
      3400.00      0.00000
      3410.00      0.00000
      3420.00      0.00000
      3430.00      0.00000
      3440.00      0.00000
      3450.00      0.00000
      3460.00      0.00000
      3470.00      0.00000
      3480.00      0.00000
      3490.00      0.00000
      3500.00      0.00000
      3510.00      0.00000
      3520.00      0.00000
      3530.00      0.00000
      3540.00      0.00000
      3550.00      0.00000
      3560.00      0.00000
      3570.00      0.00000
      3580.00      0.00000
      3590.00      0.00000
      3600.00      0.00000
      3610.00      0.00000
      3620.00      0.00000
      3630.00      0.00000
      3640.00      0.00000
      3650.00      0.00000
      3660.00      0.00000
      3670.00      0.00000
      3680.00      0.00000
      3690.00      0.00000
      3700.00      0.00000
      3710.00      0.00000
      3720.00      0.00000
      3730.00      0.00000
      3740.00      0.00000
      3750.00      0.00000
      3760.00      0.00000
      3770.00      0.00000
      3780.00      0.00000
      3790.00      0.00000
      3800.00      0.00000
      3810.00      0.00000
      3820.00      0.00000
      3830.00      0.00000
      3840.00      0.00000
      3850.00      0.00000
      3860.00      0.00000
      3870.00      0.00000
      3880.00      0.00000
      3890.00      0.00000
      3900.00      0.00000
      3910.00      0.00000
      3920.00      0.00000
      3930.00      0.00000
      3940.00      0.00000
      3950.00      0.00000
      3960.00      0.00000
      3970.00      0.00000
      3980.00      0.00000
      3990.00      0.00000
      4000.00      0.00000
      4010.00      0.00000
      4020.00      0.00000
      4030.00      0.00000
      4040.00      0.00000
      4050.00      0.00000
      4060.00      0.00000
      4070.00      0.00000
      4080.00      0.00000
      4090.00      0.00000
      4100.00      0.00000
      4110.00      0.00000
      4120.00      0.00000
      4130.00      0.00000
      4140.00      0.00000
      4150.00      0.00000
      4160.00      0.00000
      4170.00      0.00000
      4180.00      0.00000
      4190.00      0.00000
      4200.00      0.00000
      4210.00      0.00000
      4220.00      0.00000
      4230.00      0.00000
      4240.00      0.00000
      4250.00      0.00000
      4260.00      0.00000
      4270.00      0.00000
      4280.00      0.00000
      4290.00      0.00000
      4300.00      0.00000
      4310.00      0.00000
      4320.00      0.00000
      4330.00      0.00000
      4340.00      0.00000
      4350.00      0.00000
      4360.00      0.00000
      4370.00      0.00000
      4380.00      0.00000
      4390.00      0.00000
      4400.00      0.00000
      4410.00      0.00000
      4420.00      0.00000
      4430.00      0.00000
      4440.00      0.00000
      4450.00      0.00000
      4460.00      0.00000
      4470.00      0.00000
      4480.00      0.00000
      4490.00      0.00000
      4500.00      0.00000
      4510.00      0.00000
      4520.00      0.00000
      4530.00      0.00000
      4540.00      0.00000
      4550.00      0.00000
      4560.00      0.00000
      4570.00      0.00000
      4580.00      0.00000
      4590.00      0.00000
      4600.00      0.00000
      4610.00      0.00000
      4620.00      0.00000
      4630.00      0.00000
      4640.00      0.00000
      4650.00      0.00000
      4660.00      0.00000
      4670.00      0.00000
      4680.00      0.00000
      4690.00      0.00000
      4700.00      0.00000
      4710.00      0.00000
      4720.00      0.00000
      4730.00      0.00000
      4740.00      0.00000
      4750.00      0.00000
      4760.00      0.00000
      4770.00      0.00000
      4780.00      0.00000
      4790.00      0.00000
      4800.00      0.00000
      4810.00      0.00000
      4820.00      0.00000
      4830.00      0.00000
      4840.00      0.00000
      4850.00      0.00000
      4860.00      0.00000
      4870.00      0.00000
      4880.00      0.00000
      4890.00      0.00000
      4900.00      0.00000
      4910.00      0.00000
      4920.00      0.00000
      4930.00      0.00000
      4940.00      0.00000
      4950.00      0.00000
      4960.00      0.00000
      4970.00      0.00000
      4980.00      0.00000
      4990.00      0.00000
      5000.00      0.00000
      5010.00      0.00000
      5020.00      0.00000
      5030.00      0.00000
      5040.00      0.00000
      5050.00      0.00000
      5060.00      0.00000
      5070.00      0.00000
      5080.00      0.00000
      5090.00      0.00000
      5100.00      0.00000
      5110.00      0.00000
      5120.00      0.00000
      5130.00      0.00000
      5140.00      0.00000
      5150.00      0.00000
      5160.00      0.00000
      5170.00      0.00000
      5180.00      0.00000
      5190.00      0.00000
      5200.00      0.00000
      5210.00      0.00000
      5220.00      0.00000
      5230.00      0.00000
      5240.00      0.00000
      5250.00      0.00000
      5260.00      0.00000
      5270.00      0.00000
      5280.00      0.00000
      5290.00      0.00000
      5300.00      0.00000
      5310.00      0.00000
      5320.00      0.00000
      5330.00      0.00000
      5340.00      0.00000
      5350.00      0.00000
      5360.00      0.00000
      5370.00      0.00000
      5380.00      0.00000
      5390.00      0.00000
      5400.00      0.00000
      5410.00      0.00000
      5420.00      0.00000
      5430.00      0.00000
      5440.00      0.00000
      5450.00      0.00000
      5460.00      0.00000
      5470.00      0.00000
      5480.00      0.00000
      5490.00      0.00000
      5500.00      0.00000
      5510.00      0.00000
      5520.00      0.00000
      5530.00      0.00000
      5540.00      0.00000
      5550.00      0.00000
      5560.00      0.00000
      5570.00      0.00000
      5580.00      0.00000
      5590.00      0.00000
      5600.00      0.00000
      5610.00      0.00000
      5620.00      0.00000
      5630.00      0.00000
      5640.00      0.00000
      5650.00      0.00000
      5660.00      0.00000
      5670.00      0.00000
      5680.00      0.00000
      5690.00      0.00000
      5700.00      0.00000
      5710.00      0.00000
      5720.00      0.00000
      5730.00      0.00000
      5740.00      0.00000
      5750.00      0.00000
      5760.00      0.00000
      5770.00      0.00000
      5780.00      0.00000
      5790.00      0.00000
      5800.00      0.00000
      5810.00      0.00000
      5820.00      0.00000
      5830.00      0.00000
      5840.00      0.00000
      5850.00      0.00000
      5860.00      0.00000
      5870.00      0.00000
      5880.00      0.00000
      5890.00      0.00000
      5900.00      0.00000
      5910.00      0.00000
      5920.00      0.00000
      5930.00      0.00000
      5940.00      0.00000
      5950.00      0.00000
      5960.00      0.00000
      5970.00      0.00000
      5980.00      0.00000
      5990.00      0.00000
      6000.00      0.00000
      6010.00      0.00000
      6020.00      0.00000
      6030.00      0.00000
      6040.00      0.00000
      6050.00      0.00000
      6060.00      0.00000
      6070.00      0.00000
      6080.00      0.00000
      6090.00      0.00000
      6100.00      0.00000
      6110.00      0.00000
      6120.00      0.00000
      6130.00      0.00000
      6140.00      0.00000
      6150.00      0.00000
      6160.00      0.00000
      6170.00      0.00000
      6180.00      0.00000
      6190.00      0.00000
      6200.00      0.00000
      6210.00      0.00000
      6220.00      0.00000
      6230.00      0.00000
      6240.00      0.00000
      6250.00      0.00000
      6260.00      0.00000
      6270.00      0.00000
      6280.00      0.00000
      6290.00      0.00000
      6300.00      0.00000
      6310.00      0.00000
      6320.00      0.00000
      6330.00      0.00000
      6340.00      0.00000
      6350.00      0.00000
      6360.00      0.00000
      6370.00      0.00000
      6380.00      0.00000
      6390.00      0.00000
      6400.00      0.00000
      6410.00      0.00000
      6420.00      0.00000
      6430.00      0.00000
      6440.00      0.00000
      6450.00      0.00000
      6460.00      0.00000
      6470.00      0.00000
      6480.00      0.00000
      6490.00      0.00000
      6500.00      0.00000
      6510.00      0.00000
      6520.00      0.00000
      6530.00      0.00000
      6540.00      0.00000
      6550.00      0.00000
      6560.00      0.00000
      6570.00      0.00000
      6580.00      0.00000
      6590.00      0.00000
      6600.00      0.00000
      6610.00      0.00000
      6620.00      0.00000
      6630.00      0.00000
      6640.00      0.00000
      6650.00      0.00000
      6660.00      0.00000
      6670.00      0.00000
      6680.00      0.00000
      6690.00      0.00000
      6700.00      0.00000
      6710.00      0.00000
      6720.00      0.00000
      6730.00      0.00000
      6740.00      0.00000
      6750.00      0.00000
      6760.00      0.00000
      6770.00      0.00000
      6780.00      0.00000
      6790.00      0.00000
      6800.00      0.00000
      6810.00      0.00000
      6820.00      0.00000
      6830.00      0.00000
      6840.00      0.00000
      6850.00      0.00000
      6860.00      0.00000
      6870.00      0.00000
      6880.00      0.00000
      6890.00      0.00000
      6900.00      0.00000
      6910.00      0.00000
      6920.00      0.00000
      6930.00      0.00000
      6940.00      0.00000
      6950.00      0.00000
      6960.00      0.00000
      6970.00      0.00000
      6980.00      0.00000
      6990.00      0.00000
      7000.00      0.00000
      7010.00      0.00000
      7020.00      0.00000
      7030.00      0.00000
      7040.00      0.00000
      7050.00      0.00000
      7060.00      0.00000
      7070.00      0.00000
      7080.00      0.00000
      7090.00      0.00000
      7100.00      0.00000
      7110.00      0.00000
      7120.00      0.00000
      7130.00      0.00000
      7140.00      0.00000
      7150.00      0.00000
      7160.00      0.00000
      7170.00      0.00000
      7180.00      0.00000
      7190.00      0.00000
      7200.00      0.00000
      7210.00      0.00000
      7220.00      0.00000
      7230.00      0.00000
      7240.00      0.00000
      7250.00      0.00000
      7260.00      0.00000
      7270.00      0.00000
      7280.00      0.00000
      7290.00      0.00000
      7300.00      0.00000
      7310.00      0.00000
      7320.00      0.00000
      7330.00      0.00000
      7340.00      0.00000
      7350.00      0.00000
      7360.00      0.00000
      7370.00      0.00000
      7380.00      0.00000
      7390.00      0.00000
      7400.00      0.00000
      7410.00      0.00000
      7420.00      0.00000
      7430.00      0.00000
      7440.00      0.00000
      7450.00      0.00000
      7460.00      0.00000
      7470.00      0.00000
      7480.00      0.00000
      7490.00      0.00000
      7500.00      0.00000
      7510.00      0.00000
      7520.00      0.00000
      7530.00      0.00000
      7540.00      0.00000
      7550.00      0.00000
      7560.00      0.00000
      7570.00      0.00000
      7580.00      0.00000
      7590.00      0.00000
      7600.00      0.00000
      7610.00      0.00000
      7620.00      0.00000
      7630.00      0.00000
      7640.00      0.00000
      7650.00      0.00000
      7660.00      0.00000
      7670.00      0.00000
      7680.00      0.00000
      7690.00      0.00000
      7700.00      0.00000
      7710.00      0.00000
      7720.00      0.00000
      7730.00      0.00000
      7740.00      0.00000
      7750.00      0.00000
      7760.00      0.00000
      7770.00      0.00000
      7780.00      0.00000
      7790.00      0.00000
      7800.00      0.00000
      7810.00      0.00000
      7820.00      0.00000
      7830.00      0.00000
      7840.00      0.00000
      7850.00      0.00000
      7860.00      0.00000
      7870.00      0.00000
      7880.00      0.00000
      7890.00      0.00000
      7900.00      0.00000
      7910.00      0.00000
      7920.00      0.00000
      7930.00      0.00000
      7940.00      0.00000
      7950.00      0.00000
      7960.00      0.00000
      7970.00      0.00000
      7980.00      0.00000
      7990.00      0.00000
      8000.00      0.00000