      1600.00      1.00868
      1610.00      2.52810
      1620.00      4.11951
      1630.00      6.33998
      1640.00      8.64426
      1650.00      10.7878
      1660.00      12.9915
      1670.00      14.4360
      1680.00      15.9239
      1690.00      16.8892
      1700.00      17.8851
      1710.00      18.1128
      1720.00      18.3002
      1730.00      19.4341
      1740.00      20.5404
      1750.00      21.3489
      1760.00      22.1485
      1770.00      22.4778
      1780.00      22.8377
      1790.00      23.1661
      1800.00      23.5417
      1810.00      23.8701
      1820.00      24.1777
      1830.00      24.5396
      1840.00      24.8442
      1850.00      25.1154
      1860.00      25.6340
      1870.00      25.9772
      1880.00      26.4386
      1890.00      26.5530
      1900.00      26.7817
      1910.00      26.4662
      1920.00      26.2670
      1930.00      26.0265
      1940.00      25.7169
      1950.00      25.4575
      1960.00      25.2958
      1970.00      25.0986
      1980.00      24.9448
      1990.00      24.7220
      2000.00      24.5258
      2010.00      24.0249
      2020.00      23.5023
      2030.00      22.9955
      2040.00      22.4335
      2050.00      21.9129
      2060.00      21.3508
      2070.00      20.7563
      2080.00      20.1745
      2090.00      19.5662
      2100.00      18.9628
      2110.00      18.5831
      2120.00      18.1651
      2130.00      17.7588
      2140.00      17.3043
      2150.00      16.8902
      2160.00      16.4494
      2170.00      16.0215
      2180.00      15.5611
      2190.00      15.1676
      2200.00      14.7200
      2210.00      14.0416
      2220.00      13.3692
      2230.00      12.7263
      2240.00      12.1012
      2250.00      11.6713
      2260.00      11.2493
      2270.00      10.8352
      2280.00      10.4388
      2290.00      10.0385
      2300.00      9.66576
      2310.00      9.18247
      2320.00      8.69918
      2330.00      8.21590
      2340.00      7.73261
      2350.00      7.24932
      2360.00      6.76603
      2370.00      6.28274
      2380.00      5.79946
      2390.00      5.31617
      2400.00      4.83288
      2410.00      4.34959
      2420.00      3.86630
      2430.00      3.38302
      2440.00      2.89973
      2450.00      2.41644
      2460.00      1.93315
      2470.00      1.44986
      2480.00     0.966576
      2490.00     0.483288
      2500.00      0.00000
      2510.00      0.00000
      2520.00      0.00000
      2530.00      0.00000
      2540.00      0.00000
      2550.00      0.00000
      2560.00      0.00000
      2570.00      0.00000
      2580.00      0.00000
      2590.00      0.00000
      2600.00      0.00000
      2610.00      0.00000
      2620.00      0.00000
      2630.00      0.00000
      2640.00      0.00000
      2650.00      0.00000
      2660.00      0.00000
      2670.00      0.00000
      2680.00      0.00000
      2690.00      0.00000
      2700.00      0.00000
      2710.00      0.00000
      2720.00      0.00000
      2730.00      0.00000
      2740.00      0.00000
      2750.00      0.00000
      2760.00      0.00000
      2770.00      0.00000
      2780.00      0.00000
      2790.00      0.00000
      2800.00      0.00000
      2810.00      0.00000
      2820.00      0.00000
      2830.00      0.00000
      2840.00      0.00000
      2850.00      0.00000
      2860.00      0.00000
      2870.00      0.00000
      2880.00      0.00000
      2890.00      0.00000
      2900.00      0.00000
      2910.00      0.00000
      2920.00      0.00000
      2930.00      0.00000
      2940.00      0.00000
      2950.00      0.00000
      2960.00      0.00000
      2970.00      0.00000
      2980.00      0.00000
      2990.00      0.00000
      3000.00      0.00000
      3010.00      0.00000
      3020.00      0.00000
      3030.00      0.00000
      3040.00      0.00000
      3050.00      0.00000
      3060.00      0.00000
      3070.00      0.00000
      3080.00      0.00000
      3090.00      0.00000
      3100.00      0.00000
      3110.00      0.00000
      3120.00      0.00000
      3130.00      0.00000
      3140.00      0.00000
      3150.00      0.00000
      3160.00      0.00000
      3170.00      0.00000
      3180.00      0.00000
      3190.00      0.00000
      3200.00      0.00000
      3210.00      0.00000
      3220.00      0.00000
      3230.00      0.00000
      3240.00      0.00000
      3250.00      0.00000
      3260.00      0.00000
      3270.00      0.00000
      3280.00      0.00000
      3290.00      0.00000
      3300.00      0.00000
      3310.00      0.00000
      3320.00      0.00000
      3330.00      0.00000
      3340.00      0.00000
      3350.00      0.00000
      3360.00      0.00000
      3370.00      0.00000
      3380.00      0.00000
      3390.00      0.00000
      3400.00      0.00000
      3410.00      0.00000
      3420.00      0.00000
      3430.00      0.00000
      3440.00      0.00000
      3450.00      0.00000
      3460.00      0.00000
      3470.00      0.00000
      3480.00      0.00000
      3490.00      0.00000
      3500.00      0.00000
      3510.00      0.00000
      3520.00      0.00000
      3530.00      0.00000
      3540.00      0.00000
      3550.00      0.00000
      3560.00      0.00000
      3570.00      0.00000
      3580.00      0.00000
      3590.00      0.00000
      3600.00      0.00000
      3610.00      0.00000
      3620.00      0.00000
      3630.00      0.00000
      3640.00      0.00000
      3650.00      0.00000
      3660.00      0.00000
      3670.00      0.00000
      3680.00      0.00000
      3690.00      0.00000
      3700.00      0.00000
      3710.00      0.00000
      3720.00      0.00000
      3730.00      0.00000
      3740.00      0.00000
      3750.00      0.00000
      3760.00      0.00000
      3770.00      0.00000
      3780.00      0.00000
      3790.00      0.00000
      3800.00      0.00000
      3810.00      0.00000
      3820.00      0.00000
      3830.00      0.00000
      3840.00      0.00000
      3850.00      0.00000
      3860.00      0.00000
      3870.00      0.00000
      3880.00      0.00000
      3890.00      0.00000
      3900.00      0.00000
      3910.00      0.00000
      3920.00      0.00000
      3930.00      0.00000
      3940.00      0.00000
      3950.00      0.00000
      3960.00      0.00000
      3970.00      0.00000
      3980.00      0.00000
      3990.00      0.00000
      4000.00      0.00000
      4010.00      0.00000
      4020.00      0.00000
      4030.00      0.00000
      4040.00      0.00000
      4050.00      0.00000
      4060.00      0.00000
      4070.00      0.00000
      4080.00      0.00000
      4090.00      0.00000
      4100.00      0.00000
      4110.00      0.00000
      4120.00      0.00000
      4130.00      0.00000
      4140.00      0.00000
      4150.00      0.00000
      4160.00      0.00000
      4170.00      0.00000
      4180.00      0.00000
      4190.00      0.00000
      4200.00      0.00000
      4210.00      0.00000
      4220.00      0.00000
      4230.00      0.00000
      4240.00      0.00000
      4250.00      0.00000
      4260.00      0.00000
      4270.00      0.00000
      4280.00      0.00000
      4290.00      0.00000
      4300.00      0.00000
      4310.00      0.00000
      4320.00      0.00000
      4330.00      0.00000
      4340.00      0.00000
      4350.00      0.00000
      4360.00      0.00000
      4370.00      0.00000
      4380.00      0.00000
      4390.00      0.00000
      4400.00      0.00000
      4410.00      0.00000
      4420.00      0.00000
      4430.00      0.00000
      4440.00      0.00000
      4450.00      0.00000
      4460.00      0.00000
      4470.00      0.00000
      4480.00      0.00000
      4490.00      0.00000
      4500.00      0.00000
      4510.00      0.00000
      4520.00      0.00000
      4530.00      0.00000
      4540.00      0.00000
      4550.00      0.00000
      4560.00      0.00000
      4570.00      0.00000
      4580.00      0.00000
      4590.00      0.00000
      4600.00      0.00000
      4610.00      0.00000
      4620.00      0.00000
      4630.00      0.00000
      4640.00      0.00000
      4650.00      0.00000
      4660.00      0.00000
      4670.00      0.00000
      4680.00      0.00000
      4690.00      0.00000
      4700.00      0.00000
      4710.00      0.00000
      4720.00      0.00000
      4730.00      0.00000
      4740.00      0.00000
      4750.00      0.00000
      4760.00      0.00000
      4770.00      0.00000
      4780.00      0.00000
      4790.00      0.00000
      4800.00      0.00000
      4810.00      0.00000
      4820.00      0.00000
      4830.00      0.00000
      4840.00      0.00000
      4850.00      0.00000
      4860.00      0.00000
      4870.00      0.00000
      4880.00      0.00000
      4890.00      0.00000
      4900.00      0.00000
      4910.00      0.00000
      4920.00      0.00000
      4930.00      0.00000
      4940.00      0.00000
      4950.00      0.00000
      4960.00      0.00000
      4970.00      0.00000
      4980.00      0.00000
      4990.00      0.00000
      5000.00      0.00000
      5010.00      0.00000
      5020.00      0.00000
      5030.00      0.00000
      5040.00      0.00000
      5050.00      0.00000
      5060.00      0.00000
      5070.00      0.00000
      5080.00      0.00000
      5090.00      0.00000
      5100.00      0.00000
      5110.00      0.00000
      5120.00      0.00000
      5130.00      0.00000
      5140.00      0.00000
      5150.00      0.00000
      5160.00      0.00000
      5170.00      0.00000
      5180.00      0.00000
      5190.00      0.00000
      5200.00      0.00000
      5210.00      0.00000
      5220.00      0.00000
      5230.00      0.00000
      5240.00      0.00000
      5250.00      0.00000
      5260.00      0.00000
      5270.00      0.00000
      5280.00      0.00000
      5290.00      0.00000
      5300.00      0.00000
      5310.00      0.00000
      5320.00      0.00000
      5330.00      0.00000
      5340.00      0.00000
      5350.00      0.00000
      5360.00      0.00000
      5370.00      0.00000
      5380.00      0.00000
      5390.00      0.00000
      5400.00      0.00000
      5410.00      0.00000
      5420.00      0.00000
      5430.00      0.00000
      5440.00      0.00000
      5450.00      0.00000
      5460.00      0.00000
      5470.00      0.00000
      5480.00      0.00000
      5490.00      0.00000
      5500.00      0.00000
      5510.00      0.00000
      5520.00      0.00000
      5530.00      0.00000
      5540.00      0.00000
      5550.00      0.00000
      5560.00      0.00000
      5570.00      0.00000
      5580.00      0.00000
      5590.00      0.00000
      5600.00      0.00000
      5610.00      0.00000
      5620.00      0.00000
      5630.00      0.00000
      5640.00      0.00000
      5650.00      0.00000
      5660.00      0.00000
      5670.00      0.00000
      5680.00      0.00000
      5690.00      0.00000
      5700.00      0.00000
      5710.00      0.00000
      5720.00      0.00000
      5730.00      0.00000
      5740.00      0.00000
      5750.00      0.00000
      5760.00      0.00000
      5770.00      0.00000
      5780.00      0.00000
      5790.00      0.00000
      5800.00      0.00000
      5810.00      0.00000
      5820.00      0.00000
      5830.00      0.00000
      5840.00      0.00000
      5850.00      0.00000
      5860.00      0.00000
      5870.00      0.00000
      5880.00      0.00000
      5890.00      0.00000
      5900.00      0.00000
      5910.00      0.00000
      5920.00      0.00000
      5930.00      0.00000
      5940.00      0.00000
      5950.00      0.00000
      5960.00      0.00000
      5970.00      0.00000
      5980.00      0.00000
      5990.00      0.00000
      6000.00      0.00000
      6010.00      0.00000
      6020.00      0.00000
      6030.00      0.00000
      6040.00      0.00000
      6050.00      0.00000
      6060.00      0.00000
      6070.00      0.00000
      6080.00      0.00000
      6090.00      0.00000
      6100.00      0.00000
      6110.00      0.00000
      6120.00      0.00000
      6130.00      0.00000
      6140.00      0.00000
      6150.00      0.00000
      6160.00      0.00000
      6170.00      0.00000
      6180.00      0.00000
      6190.00      0.00000
      6200.00      0.00000
      6210.00      0.00000
      6220.00      0.00000
      6230.00      0.00000
      6240.00      0.00000
      6250.00      0.00000
      6260.00      0.00000
      6270.00      0.00000
      6280.00      0.00000
      6290.00      0.00000
      6300.00      0.00000
      6310.00      0.00000
      6320.00      0.00000
      6330.00      0.00000
      6340.00      0.00000
      6350.00      0.00000
      6360.00      0.00000
      6370.00      0.00000
      6380.00      0.00000
      6390.00      0.00000
      6400.00      0.00000
      6410.00      0.00000
      6420.00      0.00000
      6430.00      0.00000
      6440.00      0.00000
      6450.00      0.00000
      6460.00      0.00000
      6470.00      0.00000
      6480.00      0.00000
      6490.00      0.00000
      6500.00      0.00000
      6510.00      0.00000
      6520.00      0.00000
      6530.00      0.00000
      6540.00      0.00000
      6550.00      0.00000
      6560.00      0.00000
      6570.00      0.00000
      6580.00      0.00000
      6590.00      0.00000
      6600.00      0.00000
      6610.00      0.00000
      6620.00      0.00000
      6630.00      0.00000
      6640.00      0.00000
      6650.00      0.00000
      6660.00      0.00000
      6670.00      0.00000
      6680.00      0.00000
      6690.00      0.00000
      6700.00      0.00000
      6710.00      0.00000
      6720.00      0.00000
      6730.00      0.00000
      6740.00      0.00000
      6750.00      0.00000
      6760.00      0.00000
      6770.00      0.00000
      6780.00      0.00000
      6790.00      0.00000
      6800.00      0.00000
      6810.00      0.00000
      6820.00      0.00000
      6830.00      0.00000
      6840.00      0.00000
      6850.00      0.00000
      6860.00      0.00000
      6870.00      0.00000
      6880.00      0.00000
      6890.00      0.00000
      6900.00      0.00000
      6910.00      0.00000
      6920.00      0.00000
      6930.00      0.00000
      6940.00      0.00000
      6950.00      0.00000
      6960.00      0.00000
      6970.00      0.00000
      6980.00      0.00000
      6990.00      0.00000
      7000.00      0.00000
      7010.00      0.00000
      7020.00      0.00000
      7030.00      0.00000
      7040.00      0.00000
      7050.00      0.00000
      7060.00      0.00000
      7070.00      0.00000
      7080.00      0.00000
      7090.00      0.00000
      7100.00      0.00000
      7110.00      0.00000
      7120.00      0.00000
      7130.00      0.00000
      7140.00      0.00000
      7150.00      0.00000
      7160.00      0.00000
      7170.00      0.00000
      7180.00      0.00000
      7190.00      0.00000
      7200.00      0.00000
      7210.00      0.00000
      7220.00      0.00000
      7230.00      0.00000
      7240.00      0.00000
      7250.00      0.00000
      7260.00      0.00000
      7270.00      0.00000
      7280.00      0.00000
      7290.00      0.00000
      7300.00      0.00000
      7310.00      0.00000
      7320.00      0.00000
      7330.00      0.00000
      7340.00      0.00000
      7350.00      0.00000
      7360.00      0.00000
      7370.00      0.00000
      7380.00      0.00000
      7390.00      0.00000
      7400.00      0.00000
      7410.00      0.00000
      7420.00      0.00000
      7430.00      0.00000
      7440.00      0.00000
      7450.00      0.00000
      7460.00      0.00000
      7470.00      0.00000
      7480.00      0.00000
      7490.00      0.00000
      7500.00      0.00000
      7510.00      0.00000
      7520.00      0.00000
      7530.00      0.00000
      7540.00      0.00000
      7550.00      0.00000
      7560.00      0.00000
      7570.00      0.00000
      7580.00      0.00000
      7590.00      0.00000
      7600.00      0.00000
      7610.00      0.00000
      7620.00      0.00000
      7630.00      0.00000
      7640.00      0.00000
      7650.00      0.00000
      7660.00      0.00000
      7670.00      0.00000
      7680.00      0.00000
      7690.00      0.00000
      7700.00      0.00000
      7710.00      0.00000
      7720.00      0.00000
      7730.00      0.00000
      7740.00      0.00000
      7750.00      0.00000
      7760.00      0.00000
      7770.00      0.00000
      7780.00      0.00000
      7790.00      0.00000
      7800.00      0.00000
      7810.00      0.00000
      7820.00      0.00000
      7830.00      0.00000
      7840.00      0.00000
      7850.00      0.00000
      7860.00      0.00000
      7870.00      0.00000
      7880.00      0.00000
      7890.00      0.00000
      7900.00      0.00000
      7910.00      0.00000
      7920.00      0.00000
      7930.00      0.00000
      7940.00      0.00000
      7950.00      0.00000
      7960.00      0.00000
      7970.00      0.00000
      7980.00      0.00000
      7990.00      0.00000
      8000.00      0.00000
