3000  0.0 
3005  1.87675774834e-08 
3010  4.82042195093e-08 
3015  4.74140868032e-08 
3020  4.01962966714e-08 
3025  5.22859057562e-08 
3030  6.49143655633e-08 
3035  1.75059725614e-07 
3040  3.19428855635e-07 
3045  3.13798722603e-07 
3050  2.76601516933e-07 
3055  2.79536827959e-07 
3060  2.73014602339e-07 
3065  8.50180591481e-07 
3070  1.58799341014e-06 
3075  1.21075691772e-06 
3080  6.84505934553e-07 
3085  1.07592296366e-06 
3090  1.53273217436e-06 
3095  2.99897200363e-05 
3100  6.62186302466e-05 
3105  0.000152939681333 
3110  0.000251957136064 
3115  0.000318494877405 
3120  0.000393498899018 
3125  0.000739154579463 
3130  0.00113622154828 
3135  0.00142868099042 
3140  0.00174925316237 
3145  0.00242031120519 
3150  0.00318870189825 
3155  0.00572240670512 
3160  0.00845714582717 
3165  0.0174365916242 
3170  0.0274517980657 
3175  0.0373235952797 
3180  0.0478644110245 
3185  0.0557941974291 
3190  0.0644148953241 
3195  0.065703344037 
3200  0.0669781382902 
3205  0.0728947758219 
3210  0.0790999218783 
3215  0.0870195179783 
3220  0.0950856490861 
3225  0.115081330873 
3230  0.136062579886 
3235  0.15763234231 
3240  0.180771855756 
3245  0.184178603795 
3250  0.187525209952 
3255  0.191070192347 
3260  0.194483900912 
3265  0.200247819592 
3270  0.206106152341 
3275  0.208768979343 
3280  0.211385982929 
3285  0.219209805295 
3290  0.227147531051 
3295  0.231535269449 
3300  0.235961801475 
3305  0.235449268296 
3310  0.234928205555 
3315  0.239861720062 
3320  0.244817945021 
3325  0.247126811584 
3330  0.249436882443 
3335  0.248778913886 
3340  0.248120375025 
3345  0.253046076799 
3350  0.258008351885 
3355  0.25956964369 
3360  0.261128372037 
3365  0.260454802385 
3370  0.259782111655 
3375  0.261341507298 
3380  0.262898689819 
3385  0.265020502826 
3390  0.267136433502 
3395  0.268167394605 
3400  0.269200301272 
3405  0.270244122934 
3410  0.271282583152 
3415  0.272395365743 
3420  0.273498900282 
3425  0.273460000143 
3430  0.273415318375 
3435  0.272329496347 
3440  0.271244399603 
3445  0.271604874426 
3450  0.271956236025 
3455  0.271407378354 
3460  0.270847643162 
3465  0.270266136673 
3470  0.269678044356 
3475  0.269487279249 
3480  0.269290143832 
3485  0.26979967763 
3490  0.270300976782 
3495  0.271435597973 
3500  0.272567354978 
3505  0.272687773278 
3510  0.272796868951 
3515  0.272544187767 
3520  0.272282367189 
3525  0.271822169722 
3530  0.271352591172 
3535  0.270306222237 
3540  0.269254329433 
3545  0.268367920914 
3550  0.267475626706 
3555  0.266289860169 
3560  0.265099168258 
3565  0.264108500246 
3570  0.263113291406 
3575  0.262620636032 
3580  0.262121081185 
3585  0.262175905848 
3590  0.262222951983 
3595  0.262387426951 
3600  0.262545018528 
3605  0.263101926507 
3610  0.263654864101 
3615  0.264172249201 
3620  0.26468560847 
3625  0.265189054242 
3630  0.265688961407 
3635  0.265768824001 
3640  0.265844719191 
3645  0.265756138363 
3650  0.265663305328 
3655  0.265404943676 
3660  0.265142357693 
3665  0.264803966306 
3670  0.26446159874 
3675  0.264876278428 
3680  0.265287824088 
3685  0.265709861932 
3690  0.266128463477 
3695  0.266320581536 
3700  0.266508209354 
3705  0.268237433791 
3710  0.269974256298 
3715  0.27126437513 
3720  0.272557064029 
3725  0.273763828751 
3730  0.274971463873 
3735  0.276323944559 
3740  0.277678380005 
3745  0.278840492381 
3750  0.280003859941 
3755  0.281696094604 
3760  0.283394582361 
3765  0.285284961189 
3770  0.287183417682 
3775  0.28943616586 
3780  0.291701193431 
3785  0.293860170086 
3790  0.296030612066 
3795  0.297534866091 
3800  0.299043188216 
3805  0.300770249792 
3810  0.302504072985 
3815  0.301426256834 
3820  0.30032675437 
3825  0.292624576784 
3830  0.284833843095 
3835  0.278614318035 
3840  0.272313961631 
3845  0.264665411193 
3850  0.256935951404 
3855  0.249173280353 
3860  0.241320195557 
3865  0.235123631371 
3870  0.228854501972 
3875  0.225629880468 
3880  0.222363116531 
3885  0.220385467711 
3890  0.218377498878 
3895  0.21279942738 
3900  0.207152853947 
3905  0.195001257081 
3910  0.182711720915 
3915  0.166746165914 
3920  0.150609212951 
3925  0.135608866259 
3930  0.120469715998 
3935  0.109262591519 
3940  0.0979305493866 
3945  0.0905873526486 
3950  0.0831552584391 
3955  0.0785418016767 
3960  0.0738772842013 
3965  0.0704203699686 
3970  0.0669237960806 
3975  0.0628408236873 
3980  0.0587151660208 
3985  0.0533891401509 
3990  0.0480057247367 
3995  0.0423968518163 
4000  0.0367332164535 
4005  0.0322260982184 
4010  0.0276751907073 
4015  0.0246876364508 
4020  0.0216703373273 
4025  0.0199230759991 
4030  0.0181563696025 
4035  0.0171545425144 
4040  0.0161433442823 
4045  0.0153987680947 
4050  0.0146473824388 
4055  0.0136639380235 
4060  0.0126709006802 
4065  0.0113308359466 
4070  0.00997822430725 
4075  0.00871548657615 
4080  0.00744241167477 
4085  0.00660743450641 
4090  0.00576522095682 
4095  0.00532888542179 
4100  0.00488874545294 
4105  0.004657954086 
4110  0.00442590256926 
4115  0.00423665332661 
4120  0.0040463374634 
4125  0.00384942802853 
4130  0.00365164330025 
4135  0.00350580073452 
4140  0.00335919291801 
4145  0.00331765828307 
4150  0.00327587933618 
4155  0.00267667523557 
4160  0.00207439474367 
4165  0.00171056277292 
4170  0.00134504799512 
4175  0.0011241639173 
4180  0.00090230492231 
4185  0.000763817843939 
4190  0.000624703347473 
4195  0.000535308672341 
4200  0.00044542155417 
4205  0.000385724694807 
4210  0.000325717889647 
4215  0.000284709389881 
4220  0.000243488897718 
4225  0.000214771569833 
4230  0.000185908232615 
4235  0.000165537242841 
4240  0.000145070541512 
4245  0.000129971114219 
4250  0.000114795824754 
4255  0.000103515949062 
4260  9.21719825247e-05 
4265  8.35791335397e-05 
4270  7.49473291779e-05 
4275  6.82684973405e-05 
4280  6.15587252374e-05 
4285  5.63954937515e-05 
4290  5.1203811511e-05 
4295  4.70790448395e-05 
4300  4.29354064711e-05 
4305  3.9430559753e-05 
4310  3.59124505544e-05 
4315  3.33181773296e-05 
4320  3.07079797868e-05 
4325  2.82813218295e-05 
4330  2.58446506766e-05 
4335  2.38483190337e-05 
4340  2.18444590765e-05 
4345  2.02870339929e-05 
4350  1.87240560967e-05 
4355  1.73931143161e-05 
4360  1.6056026542e-05 
4365  1.49438834315e-05 
4370  1.38264279438e-05 
4375  1.26924258456e-05 
4380  1.15551054162e-05 
