7000  5.00788542502e-16 
7005  2.75433396625e-06 
7010  5.51110827871e-06 
7015  5.51034758087e-06 
7020  5.50958512962e-06 
7025  8.2858742772e-06 
7030  1.10764631966e-05 
7035  1.10785202228e-05 
7040  1.10805771499e-05 
7045  1.10738537843e-05 
7050  1.10671319004e-05 
7055  8.31180424144e-06 
7060  5.54884273164e-06 
7065  5.55055603613e-06 
7070  5.55226524895e-06 
7075  5.55677280716e-06 
7080  5.56128193302e-06 
7085  5.56048714481e-06 
7090  5.55969049479e-06 
7095  5.55991255041e-06 
7100  5.56013421386e-06 
7105  5.56144725948e-06 
7110  5.56275624192e-06 
7115  5.56041914843e-06 
7120  5.55808177241e-06 
7125  5.55789894375e-06 
7130  5.55771554853e-06 
7135  5.55217112056e-06 
7140  5.54662979325e-06 
7145  8.31338150942e-06 
7150  1.10757534963e-05 
7155  1.10079082927e-05 
7160  1.09401274844e-05 
7165  1.0716452045e-05 
7170  1.04926857392e-05 
7175  1.03582110011e-05 
7180  1.02238777038e-05 
7185  1.27260015237e-05 
7190  1.52065606782e-05 
7195  1.5312399308e-05 
7200  1.54181143654e-05 
7205  1.32046500269e-05 
7210  1.08487934308e-05 
7215  1.08726655601e-05 
7220  1.08965059448e-05 
7225  1.06676627365e-05 
7230  1.04387338796e-05 
7235  1.0429288345e-05 
7240  1.04198478469e-05 
7245  1.04616254733e-05 
7250  1.05033504342e-05 
7255  1.05486196373e-05 
7260  1.05939034863e-05 
7265  1.05339460587e-05 
7270  1.04740539424e-05 
7275  1.05591643285e-05 
7280  1.06443028668e-05 
7285  1.06414649185e-05 
7290  1.0638624327e-05 
7295  1.33308369368e-05 
7300  1.60360831744e-05 
7305  1.60580354266e-05 
7310  1.60799532741e-05 
7315  1.62326876647e-05 
7320  1.63854664325e-05 
7325  1.64183651095e-05 
7330  1.6451214691e-05 
7335  1.92366642193e-05 
7340  2.20345792099e-05 
7345  2.47708875956e-05 
7350  2.75032009571e-05 
7355  2.74869546566e-05 
7360  2.74707024837e-05 
7365  2.75053446569e-05 
7370  2.75399270962e-05 
7375  2.75746205202e-05 
7380  2.76093215951e-05 
7385  2.4845122284e-05 
7390  2.20816392978e-05 
7395  2.21098303307e-05 
7400  2.21380275911e-05 
7405  2.21337772444e-05 
7410  2.21295182926e-05 
7415  2.21382763847e-05 
7420  2.21470353509e-05 
7425  2.2147131441e-05 
7430  2.21472140407e-05 
7435  2.21507082994e-05 
7440  2.21542022358e-05 
7445  2.21424780784e-05 
7450  2.21307548229e-05 
7455  2.4903215324e-05 
7460  2.7677034951e-05 
7465  3.04286608563e-05 
7470  3.31773652629e-05 
7475  3.87156146011e-05 
7480  4.42563461705e-05 
7485  5.25284294984e-05 
7490  6.07923078336e-05 
7495  7.18634135952e-05 
7500  8.2940045221e-05 
7505  8.84288692332e-05 
7510  9.39126250902e-05 
7515  9.39374892625e-05 
7520  9.39623537751e-05 
7525  8.83917226067e-05 
7530  8.28265194264e-05 
7535  8.00822949812e-05 
7540  7.73369207197e-05 
7545  7.72980663302e-05 
7550  7.72592119219e-05 
7555  7.72188009329e-05 
7560  7.71783920435e-05 
7565  7.71924159504e-05 
7570  7.72064387324e-05 
7575  7.69943594585e-05 
7580  7.6782513191e-05 
7585  7.03406568065e-05 
7590  6.32639209251e-05 
7595  4.91965565529e-05 
7600  3.28704827044e-05 
7605  4.52004542005e-05 
7610  5.93132566961e-05 
7615  7.48174981954e-05 
7620  9.21051274328e-05 
7625  9.78489332091e-05 
7630  0.000102023632936 
7635  0.000124723016449 
7640  0.000149657845017 
7645  0.000181401912888 
7650  0.00021615223109 
7655  0.000241697628264 
7660  0.000268668265149 
7665  0.000286601574231 
7670  0.000305079066611 
7675  0.000314213356697 
7680  0.000323473880806 
7685  0.000328409415862 
7690  0.000333382317797 
7695  0.000338044695073 
7700  0.000342735592429 
7705  0.000351468430406 
7710  0.000360227943592 
7715  0.000370998439197 
7720  0.000381760299742 
7725  0.000400946842349 
7730  0.000420142765643 
7735  0.000449900700638 
7740  0.000479625034602 
7745  0.000517436265212 
7750  0.000555197393518 
7755  0.000601521924718 
7760  0.000647855378944 
7765  0.000707245792757 
7770  0.000766552581609 
7775  0.000831854290177 
7780  0.0008971658921 
7785  0.000969893652627 
7790  0.00104251931752 
7795  0.00112138185226 
7800  0.00120026270832 
7805  0.00128366813127 
7810  0.00136697203247 
7815  0.00146093873075 
7820  0.00155478080945 
7825  0.00166338031761 
7830  0.00177201268779 
7835  0.00190619630386 
7840  0.00204019697679 
7845  0.00222133511996 
7850  0.00240244830534 
7855  0.00264261245123 
7860  0.00288216742074 
7865  0.00319132796447 
7870  0.00349973111779 
7875  0.00388463319635 
7880  0.00426898452206 
7885  0.00470181976173 
7890  0.00513213345389 
7895  0.00560552327255 
7900  0.00607895877992 
7905  0.00655919812572 
7910  0.00703968154793 
7915  0.00752485797302 
7920  0.0080094770503 
7925  0.00855749609902 
7930  0.00910719864576 
7935  0.00975066678524 
7940  0.0103955570539 
7945  0.0111671251751 
7950  0.0119353768499 
7955  0.0129284858496 
7960  0.0139127208557 
7965  0.0154189615738 
7970  0.0169347247822 
7975  0.0190621504597 
7980  0.021188353047 
7985  0.0243405950883 
7990  0.0274939067874 
7995  0.0320227737377 
8000  0.03653490321 
8005  0.0427830209783 
8010  0.0490184710835 
8015  0.0567297920429 
8020  0.0644532513116 
8025  0.0721294388984 
8030  0.079799440763 
8035  0.0859038243783 
8040  0.0920159035987 
8045  0.0961215343121 
8050  0.100236015846 
8055  0.103353121859 
8060  0.106476083913 
8065  0.109894981438 
8070  0.113312777258 
8075  0.118018093785 
8080  0.12272271447 
8085  0.128588294695 
8090  0.134443150387 
8095  0.140688665959 
8100  0.146922934381 
8105  0.15261862144 
8110  0.158305762728 
8115  0.162778493099 
8120  0.167219121621 
8125  0.170841883761 
8130  0.174420533959 
8135  0.176890331055 
8140  0.1792652478 
8145  0.182923781953 
8150  0.186514071882 
8155  0.190658184332 
8160  0.194658123428 
8165  0.203972365979 
8170  0.213352075316 
8175  0.222741894993 
8180  0.231912001833 
8185  0.249116568232 
8190  0.266700659099 
8195  0.281792844269 
8200  0.296896397796 
8205  0.317260990592 
8210  0.338229670938 
8215  0.346298459427 
8220  0.354220315518 
8225  0.343430868 
8230  0.331981562415 
8235  0.350497627235 
8240  0.369344748323 
8245  0.377626534351 
8250  0.385995672515 
8255  0.387996564409 
8260  0.389954239688 
8265  0.398658073746 
8270  0.407449307996 
8275  0.40660597235 
8280  0.405471126058 
8285  0.415611499225 
8290  0.425819324084 
8295  0.43813253487 
8300  0.450581117766 
8305  0.461997172216 
8310  0.473510670176 
8315  0.478047747036 
8320  0.482478165974 
8325  0.493116877321 
8330  0.503868544108 
8335  0.507593146283 
8340  0.511314997665 
8345  0.516021039162 
8350  0.52074713774 
8355  0.520891760755 
8360  0.521035276611 
8365  0.522000851067 
8370  0.522966183171 
8375  0.523075382476 
8380  0.523184424759 
8385  0.52372232615 
8390  0.524260077691 
8395  0.524646323131 
8400  0.525032590627 
8405  0.52471958646 
8410  0.524406315406 
8415  0.524952809447 
8420  0.525499357193 
8425  0.525781466439 
8430  0.526063499288 
8435  0.525778186794 
8440  0.525492970729 
8445  0.525673897002 
8450  0.525854553876 
8455  0.525343032195 
8460  0.524831812253 
8465  0.524714608594 
8470  0.524597369965 
8475  0.524247458278 
8480  0.523897695485 
8485  0.523619421077 
8490  0.523341237682 
8495  0.523227538388 
8500  0.523113810258 
8505  0.5231299989 
8510  0.523145950475 
8515  0.523761226887 
8520  0.524376755894 
8525  0.52485422795 
8530  0.525331832647 
8535  0.525482975906 
8540  0.525633988118 
8545  0.526032223226 
8550  0.526430559452 
8555  0.526905827565 
8560  0.527381293646 
8565  0.527858574722 
8570  0.528336031615 
8575  0.528795658429 
8580  0.529255413245 
8585  0.529737111134 
8590  0.530218964193 
8595  0.530630056876 
8600  0.531041225767 
8605  0.531276429736 
8610  0.531511535157 
8615  0.531629795161 
8620  0.531747855432 
8625  0.531758701087 
8630  0.531769249908 
8635  0.532133277701 
8640  0.532496884933 
8645  0.532444357874 
8650  0.532391473661 
8655  0.532372438302 
8660  0.532353088131 
8665  0.532421027788 
8670  0.532488705658 
8675  0.532704416189 
8680  0.532919932945 
8685  0.53321639386 
8690  0.53351268218 
8695  0.5338914031 
8700  0.534269976888 
8705  0.534664773365 
8710  0.535059420747 
8715  0.535426043436 
8720  0.535792496341 
8725  0.5360467821 
8730  0.536300815907 
8735  0.536415749382 
8740  0.536530361213 
8745  0.536494717285 
8750  0.536458690805 
8755  0.536271190895 
8760  0.536083293938 
8765  0.535851651089 
8770  0.535619552097 
8775  0.535320473036 
8780  0.535020970123 
8785  0.53476819699 
8790  0.534514967089 
8795  0.534301842387 
8800  0.534088270889 
8805  0.533940756217 
8810  0.533792794124 
8815  0.533731041951 
8820  0.533668801782 
8825  0.533824210811 
8830  0.533979102684 
8835  0.534076451146 
8840  0.534173211195 
8845  0.534303660598 
8850  0.5344334816 
8855  0.534056276019 
8860  0.533678293658 
8865  0.533919192548 
8870  0.534159416248 
8875  0.533789838858 
8880  0.533419662757 
8885  0.533769916584 
8890  0.534119187491 
8895  0.533545218149 
8900  0.532970873644 
8905  0.53276023294 
8910  0.532548874833 
8915  0.53158261765 
8920  0.530616567665 
8925  0.528208962516 
8930  0.525804176963 
8935  0.524668903381 
8940  0.523534369278 
8945  0.51790401907 
8950  0.512287770426 
8955  0.503917706626 
8960  0.495576841995 
8965  0.488461806054 
8970  0.481377898784 
8975  0.484523473106 
8980  0.487636170199 
8985  0.462064330138 
8990  0.436703986163 
8995  0.448714792203 
9000  0.460566077469 
9005  0.455817499826 
9010  0.451094253125 
9015  0.449849056397 
9020  0.44857174621 
9025  0.446236418139 
9030  0.443875750525 
9035  0.453934588212 
9040  0.463730576218 
9045  0.456778835827 
9050  0.449876785064 
9055  0.444303761583 
9060  0.438746474873 
9065  0.4223884465 
9070  0.406286919419 
9075  0.398705641116 
9080  0.391198494107 
9085  0.388251999911 
9090  0.385273842852 
9095  0.382651679814 
9100  0.379989521773 
9105  0.37683456456 
9110  0.37365396 
9115  0.367968003355 
9120  0.362318378072 
9125  0.355393521312 
9130  0.348537568524 
9135  0.343020646042 
9140  0.337536744108 
9145  0.337403127042 
9150  0.337142469198 
9155  0.32548703885 
9160  0.314046737399 
9165  0.317923924651 
9170  0.321481075396 
9175  0.307339803892 
9180  0.293527560287 
9185  0.296342175088 
9190  0.298777676619 
9195  0.293374446206 
9200  0.287907992664 
9205  0.282276635623 
9210  0.276558946102 
9215  0.266770824985 
9220  0.257113738627 
9225  0.250380089013 
9230  0.243590776511 
9235  0.234254443625 
9240  0.22503081176 
9245  0.21651398094 
9250  0.208071046369 
9255  0.201467444935 
9260  0.194815852142 
9265  0.188465902494 
9270  0.182065266255 
9275  0.169412641915 
9280  0.15723666774 
9285  0.149519556761 
9290  0.141946343088 
9295  0.131725051024 
9300  0.121897366122 
9305  0.112025221508 
9310  0.102588992002 
9315  0.0912553096434 
9320  0.0805581827431 
9325  0.0758249273668 
9330  0.0712170253196 
9335  0.0631365082792 
9340  0.0555215227674 
9345  0.0557362970401 
9350  0.0556919013386 
9355  0.0531884045564 
9360  0.050684761447 
9365  0.0479605818147 
9370  0.0452761613149 
9375  0.0446156996776 
9380  0.043802796992 
9385  0.044957277899 
9390  0.0457723238233 
9395  0.0457282645516 
9400  0.045447523132 
9405  0.0417074621413 
9410  0.0381313370177 
9415  0.0366936051949 
9420  0.0352086732596 
9425  0.0306207062862 
9430  0.0263439600667 
9435  0.0251346848348 
9440  0.0239169009803 
9445  0.0235491203961 
9450  0.0230963398767 
9455  0.0213979152442 
9460  0.0197629085734 
9465  0.0196562734558 
9470  0.0194607125648 
9475  0.0176339149388 
9480  0.0159018123201 
9485  0.0164514983961 
9490  0.0168667526997 
9495  0.0148360925831 
9500  0.0129332274194 
9505  0.0135951703144 
9510  0.0141292032867 
9515  0.012538790002 
9520  0.0110444594448 
9525  0.0107300260397 
9530  0.0103984573456 
9535  0.0101969580307 
9540  0.00997101967629 
9545  0.00946217239082 
9550  0.00896130708231 
9555  0.00839178900227 
9560  0.00784065559763 
9565  0.00755597237807 
9570  0.00726732980352 
9575  0.00725191473153 
9580  0.00721018529056 
9585  0.00665764685494 
9590  0.00612921387852 
9595  0.005908154575 
9600  0.00568500725145 
9605  0.00561840367488 
9610  0.00553793755754 
9615  0.00530389540736 
9620  0.00507176725413 
9625  0.00483672424103 
9630  0.00460546401027 
9635  0.00447078730384 
9640  0.00433284529582 
9645  0.00419501761525 
9650  0.00405545976876 
9655  0.00390440993473 
9660  0.00375368356583 
9665  0.00356639044289 
9670  0.00338361101908 
9675  0.00342148488759 
9680  0.00344645755727 
9685  0.00329877116632 
9690  0.00315335677045 
9695  0.00303350989759 
9700  0.00291467048512 
9705  0.00281347541123 
9710  0.00271258462415 
9715  0.00259166047546 
9720  0.00247316530399 
9725  0.00236129396553 
9730  0.00225192651007 
9735  0.00215516393384 
9740  0.0020602995495 
9745  0.00196352304144 
9750  0.00186914535271 
9755  0.00180217887296 
9760  0.00173592811039 
9765  0.0017074750361 
9770  0.00167712890403 
9775  0.00161942545453 
9780  0.00156226021238 
9785  0.00150211635885 
9790  0.00144295516509 
9795  0.00139355310417 
9800  0.00134463767535 
9805  0.00132024703003 
9810  0.00129481236724 
9815  0.00125206123165 
9820  0.0012097332989 
9825  0.00116473154361 
9830  0.0011205253481 
9835  0.00109560822376 
9840  0.00107026387556 
9845  0.00102779934875 
9850  0.000986218201403 
9855  0.000960526249421 
9860  0.000934714065057 
9865  0.000903654471792 
9870  0.000873016859841 
9875  0.000844551773864 
9880  0.000816455781746 
9885  0.000791458889501 
9890  0.000766714278076 
9895  0.000740082902882 
9900  0.000713854613305 
9905  0.000692485229011 
9910  0.000671352411305 
9915  0.000649914708347 
9920  0.000628750943412 
9925  0.000608643508796 
9930  0.000588817205391 
9935  0.00057148095705 
9940  0.000554338776646 
9945  0.00053677735229 
9950  0.000519451873407 
9955  0.000503311111204 
9960  0.000487397238307 
9965  0.000473233561734 
9970  0.000459249381652 
9975  0.000445059004183 
9980  0.000431072961824 
9985  0.000417306623318 
9990  0.000403743160415 
9995  0.000391526576494 
10000  0.000379483531856 
10005  0.000368138004645 
10010  0.000356940878085 
10015  0.000345915570804 
10020  0.00033507626271 
10025  0.000325758640642 
10030  0.000316544837681 
10035  0.000307994649019 
10040  0.000299553775378 
10045  0.000290152582557 
10050  0.000280890680807 
10055  0.000272704973764 
10060  0.000264635632621 
10065  0.000257773527502 
10070  0.000250995203645 
10075  0.000243121385924 
10080  0.000235372111735 
10085  0.000228504576283 
10090  0.00022174362276 
10095  0.000215271076374 
10100  0.000208894013169 
10105  0.000203290314437 
10110  0.000197748747319 
10115  0.000191788268159 
10120  0.000185919950616 
10125  0.000181103436696 
10130  0.000176347116519 
10135  0.000170818696849 
10140  0.000165376642217 
10145  0.000160849680606 
10150  0.000156382674957 
10155  0.000151905699295 
10160  0.000147493208876 
10165  0.000143155180139 
10170  0.000138881543635 
10175  0.000135407115306 
10180  0.000131972892495 
10185  0.0001278858941 
10190  0.000123862971589 
10195  0.000120595750069 
10200  0.000117368535182 
10205  0.000113747954995 
10210  0.000110182509051 
10215  0.000107285393116 
10220  0.000104424118774 
10225  0.00010154208574 
10230  9.86996869376e-05 
10235  9.58853256153e-05 
10240  9.31116172098e-05 
10245  9.05359520269e-05 
10250  8.79921892326e-05 
10255  8.54669125295e-05 
10260  8.29751728066e-05 
10265  8.04806054034e-05 
10270  7.80226000879e-05 
10275  7.60946830642e-05 
10280  7.41851617256e-05 
10285  7.18594866892e-05 
10290  6.9569073305e-05 
10295  6.78354845959e-05 
10300  6.61162045346e-05 
10305  6.40539390237e-05 
10310  6.20235247381e-05 
10315  6.04648618729e-05 
10320  5.89215177977e-05 
10325  5.70064675621e-05 
10330  5.51221565137e-05 
10335  5.37028395294e-05 
10340  5.22968555255e-05 
10345  5.08964549875e-05 
10350  4.95106981785e-05 
10355  4.81497846266e-05 
10360  4.68036783095e-05 
10365  4.5513814204e-05 
10370  4.42369110668e-05 
10375  4.29608229872e-05 
10380  4.16988921507e-05 
10385  4.01461597789e-05 
10390  3.86218478128e-05 
10395  3.77366204982e-05 
10400  3.6851330046e-05 
10405  3.57967236517e-05 
10410  3.47533388032e-05 
10415  3.37127305666e-05 
10420  3.26844241762e-05 
10425  3.1679157496e-05 
10430  3.06860414001e-05 
10435  2.97133085538e-05 
10440  2.87526186668e-05 
10445  2.7834124857e-05 
10450  2.69263202578e-05 
10455  2.62465689511e-05 
10460  2.55668855947e-05 
10465  2.46861560227e-05 
10470  2.3816942973e-05 
10475  2.29709055257e-05 
10480  2.21362266484e-05 
10485  2.15268117233e-05 
10490  2.09169347996e-05 
10495  2.01261090638e-05 
10500  1.93464071064e-05 
10505  1.86596130908e-05 
10510  1.79821321317e-05 
10515  1.74809535459e-05 
10520  1.69799905797e-05 
10525  1.63494351498e-05 
10530  1.57273010668e-05 
10535  1.52594504887e-05 
10540  1.47917875098e-05 
10545  1.4199295997e-05 
10550  1.3615710132e-05 
10555  1.31802737546e-05 
10560  1.27451637826e-05 
10565  1.23310072557e-05 
10570  1.19166814036e-05 
10575  1.139704836e-05 
10580  1.08856729058e-05 
10585  1.04992603676e-05 
10590  1.0113176757e-05 
10595  9.74366411587e-06 
10600  9.37438200525e-06 
10605  8.98120764226e-06 
10610  8.59376924385e-06 
10615  8.30378187882e-06 
10620  8.01399580464e-06 
10625  7.73559041064e-06 
10630  7.45737283285e-06 
10635  7.12204838628e-06 
10640  6.79217626044e-06 
10645  6.55058465385e-06 
10650  6.308908357e-06 
10655  6.08114016281e-06 
10660  5.85333242699e-06 
10665  5.63799950114e-06 
10670  5.42264237698e-06 
10675  5.21978867295e-06 
10680  5.01692463155e-06 
10685  4.8359642866e-06 
10690  4.6544220405e-06 
10695  4.47781497492e-06 
10700  4.30108282215e-06 
10705  4.13269045451e-06 
10710  3.96654436516e-06 
10715  3.84459837807e-06 
10720  3.72268073972e-06 
10725  3.60787290138e-06 
10730  3.49274512153e-06 
10735  3.37318112687e-06 
10740  3.25358554855e-06 
10745  3.13245220984e-06 
10750  3.01153674507e-06 
10755  2.90299893719e-06 
10760  2.79399325275e-06 
10765  2.67527425811e-06 
10770  2.55688150501e-06 
10775  2.47093328077e-06 
10780  2.38270008656e-06 
10785  2.27639452682e-06 
10790  2.16958238757e-06 
10795  2.05485984006e-06 
10800  1.94062887786e-06 
10805  1.85825667338e-06 
10810  1.77605494129e-06 
10815  1.70243467833e-06 
10820  1.62854958813e-06 
10825  1.55040005033e-06 
10830  1.4723791292e-06 
10835  1.39870495618e-06 
10840  1.32509384873e-06 
10845  1.26778597627e-06 
10850  1.20892320331e-06 
10855  1.12958955132e-06 
10860  1.05129816516e-06 
10865  9.89174884906e-07 
10870  9.26508022365e-07 
10875  8.66486551104e-07 
10880  8.05736680089e-07 
10885  7.47919256931e-07 
10890  6.89372192355e-07 
10895  6.29604921206e-07 
10900  5.70033167994e-07 
10905  5.33521802165e-07 
10910  4.96834487558e-07 
10915  4.65579299746e-07 
10920  4.33869881262e-07 
10925  3.99880592892e-07 
10930  3.66111642491e-07 
10935  3.37258375602e-07 
10940  3.08103732401e-07 
10945  2.8085715401e-07 
10950  2.53252642182e-07 
10955  2.27124374402e-07 
10960  2.0117468016e-07 
10965  1.8103853731e-07 
10970  1.60122363248e-07 
10975  1.39014358945e-07 
10980  1.18218727182e-07 
10985  9.88926212498e-08 
10990  7.94073670705e-08 
10995  6.53279681228e-08 
11000  5.13262778974e-08 
