4600  4.95066698433e-06 
4605  4.95713831915e-06 
4610  4.96361515846e-06 
4615  4.9717200075e-06 
4620  4.97983301556e-06 
4625  4.98781162981e-06 
4630  4.99579835881e-06 
4635  5.00221381308e-06 
4640  5.00863484974e-06 
4645  5.01477502005e-06 
4650  5.02091440032e-06 
4655  5.03043125692e-06 
4660  5.03995868989e-06 
4665  5.04692472059e-06 
4670  5.05389726998e-06 
4675  5.05985803903e-06 
4680  5.06582375978e-06 
4685  5.07351167851e-06 
4690  5.08120732395e-06 
4695  5.08835157045e-06 
4700  5.09550251454e-06 
4705  5.1032501044e-06 
4710  5.11100559764e-06 
4715  5.11538074704e-06 
4720  5.11975532144e-06 
4725  5.12707230655e-06 
4730  5.13439641662e-06 
4735  5.14056895463e-06 
4740  5.14674685237e-06 
4745  5.15271847502e-06 
4750  5.15869514165e-06 
4755  5.16594909974e-06 
4760  5.1732100692e-06 
4765  5.17964786662e-06 
4770  5.18609144773e-06 
4775  5.19179215356e-06 
4780  5.19749746912e-06 
4785  5.20235535677e-06 
4790  5.20721660769e-06 
4795  7.812901083e-06 
4800  1.04199669197e-05 
4805  1.04324401561e-05 
4810  1.04449241028e-05 
4815  1.30713919451e-05 
4820  1.57039699273e-05 
4825  1.57268104322e-05 
4830  1.57496721995e-05 
4835  2.10302753391e-05 
4840  2.63262709022e-05 
4845  3.42678467721e-05 
4850  4.22296354277e-05 
4855  5.28577598e-05 
4860  6.35142455448e-05 
4865  8.74491430008e-05 
4870  0.00011144801724 
4875  0.000154073916588 
4880  0.000196793508287 
4885  0.000236844535644 
4890  0.000276949741378 
4895  0.000269282172623 
4900  0.000261595757208 
4905  0.000237678261452 
4910  0.000213739104771 
4915  0.000208584240447 
4920  0.000203419808586 
4925  0.000214295483295 
4930  0.000225188188011 
4935  0.000206561903325 
4940  0.000187910335262 
4945  0.000169128042961 
4950  0.000150343761429 
4955  0.000145071850544 
4960  0.000139792759094 
4965  0.000147945219188 
4970  0.00015610726281 
4975  0.000185731188999 
4980  0.000215360583363 
4985  0.000263950428734 
4990  0.000312589452335 
4995  0.000347718581231 
5000  0.000382867395626 
5005  0.000377461067728 
5010  0.000372055120094 
5015  0.000331326945054 
5020  0.000290669015904 
5025  0.000255592808915 
5030  0.000220540745235 
5035  0.000201623117094 
5040  0.000182722463632 
5045  0.000174676743631 
5050  0.000166629471362 
5055  0.000164021758777 
5060  0.000161411423516 
5065  0.000164204992771 
5070  0.000167001945447 
5075  0.000172380338811 
5080  0.000177758080163 
5085  0.000188671979182 
5090  0.000199601937484 
5095  0.000213200112535 
5100  0.000226812382269 
5105  0.000243191492585 
5110  0.000259594397394 
5115  0.000283892323367 
5120  0.000308183454183 
5125  0.000338062536415 
5130  0.000367966645236 
5135  0.000408732831646 
5140  0.000449535122652 
5145  0.000498110246666 
5150  0.000546652115761 
5155  0.000611794572796 
5160  0.000676978176394 
5165  0.000755742384531 
5170  0.000834555399293 
5175  0.000934990847189 
5180  0.00103546499305 
5185  0.00115956662203 
5190  0.00128354201496 
5195  0.0014327380124 
5200  0.00158198842661 
5205  0.0017634247936 
5210  0.00194484891432 
5215  0.00215866267527 
5220  0.00237244188827 
5225  0.00262460291864 
5230  0.00287629761166 
5235  0.00317793728139 
5240  0.00347936227775 
5245  0.00383675800578 
5250  0.00419380125686 
5255  0.00461811860736 
5260  0.00504205279809 
5265  0.005549570628 
5270  0.00605670717727 
5275  0.00665900621808 
5280  0.00726010437685 
5285  0.00800481974495 
5290  0.00874901186781 
5295  0.00967834694877 
5300  0.0106070915505 
5305  0.0118057053932 
5310  0.0130045120695 
5315  0.0145682083835 
5320  0.0161302931336 
5325  0.0182248587946 
5330  0.0203204555468 
5335  0.0231101429944 
5340  0.0259019274849 
5345  0.0295658373713 
5350  0.0332329936405 
5355  0.0378886342327 
5360  0.0425485707109 
5365  0.0481442375373 
5370  0.0537368898561 
5375  0.060032100222 
5380  0.0663303476564 
5385  0.0726618429781 
5390  0.0789946231955 
5395  0.0845766840382 
5400  0.0901597494101 
5405  0.0944833434652 
5410  0.0988022261052 
5415  0.102226843219 
5420  0.105644217153 
5425  0.109304261428 
5430  0.112962827632 
5435  0.117932702905 
5440  0.122899092538 
5445  0.13030986632 
5450  0.137716814793 
5455  0.148615392304 
5460  0.159506749483 
5465  0.174835643841 
5470  0.19016356527 
5475  0.209826963642 
5480  0.229460248265 
5485  0.251769743981 
5490  0.274074613781 
5495  0.294487522238 
5500  0.314896106049 
5505  0.329147801148 
5510  0.343401634311 
5515  0.350911262588 
5520  0.358420749741 
5525  0.362010967994 
5530  0.365600507921 
5535  0.368703692271 
5540  0.371806568408 
5545  0.376585446615 
5550  0.381363477822 
5555  0.388702262977 
5560  0.396038840277 
5565  0.406147171023 
5570  0.416250973885 
5575  0.429080960373 
5580  0.441903301409 
5585  0.45633299327 
5590  0.470734360175 
5595  0.484650827124 
5600  0.498557671407 
5605  0.507967758974 
5610  0.517367053154 
5615  0.521082267983 
5620  0.524793180078 
5625  0.524736737234 
5630  0.524680138468 
5635  0.523489758874 
5640  0.522300402916 
5645  0.521404945745 
5650  0.520510044391 
5655  0.520175264339 
5660  0.519840604094 
5665  0.519764939273 
5670  0.519689251402 
5675  0.519534315896 
5680  0.519379270167 
5685  0.519106152986 
5690  0.518832851888 
5695  0.519098268361 
5700  0.519363541807 
5705  0.52031528692 
5710  0.521267702647 
5715  0.521977747429 
5720  0.522687242797 
5725  0.523436609933 
5730  0.524186180895 
5735  0.524395225632 
5740  0.524604276627 
5745  0.52364509387 
5750  0.522686406228 
5755  0.521650092956 
5760  0.520612311447 
5765  0.519529846975 
5770  0.518446065297 
5775  0.517972784629 
5780  0.517498651475 
5785  0.517978480092 
5790  0.518458533836 
5795  0.519852198771 
5800  0.521247070846 
5805  0.522744451035 
5810  0.524240791331 
5815  0.525952509607 
5820  0.527665232595 
5825  0.528324236998 
5830  0.528982519137 
5835  0.528988783493 
5840  0.528994962512 
5845  0.528108159304 
5850  0.527221048529 
5855  0.525480562108 
5860  0.523741989165 
5865  0.522290637097 
5870  0.520839907099 
5875  0.51927598677 
5880  0.517714538032 
5885  0.515569747984 
5890  0.513428924142 
5895  0.513758571553 
5900  0.514087962403 
5905  0.515973779172 
5910  0.517863307332 
5915  0.517860053841 
5920  0.517853195798 
5925  0.519880847667 
5930  0.521912767354 
5935  0.52210321411 
5940  0.522292663009 
5945  0.521579084227 
5950  0.520865766209 
5955  0.521848718483 
5960  0.522830266243 
5965  0.521976501438 
5970  0.521123069998 
5975  0.520272297087 
5980  0.519421533128 
5985  0.519111873378 
5990  0.518801484796 
5995  0.518805169145 
6000  0.518808608871 
6005  0.518923214738 
6010  0.519037589019 
6015  0.519819159274 
6020  0.520601174349 
6025  0.521662924152 
6030  0.522725430091 
6035  0.523424422875 
6040  0.524123007521 
6045  0.524852233691 
6050  0.52558198041 
6055  0.525864855574 
6060  0.52614774939 
6065  0.526025580139 
6070  0.525902811975 
6075  0.525199988678 
6080  0.524496833293 
6085  0.524243792604 
6090  0.523989809801 
6095  0.524079948741 
6100  0.524169674767 
6105  0.524467730573 
6110  0.524765603038 
6115  0.525792302124 
6120  0.526820233758 
6125  0.528010782346 
6130  0.529202887253 
6135  0.530237383843 
6140  0.531273143926 
6145  0.531503017286 
6150  0.531732680318 
6155  0.531810563816 
6160  0.531887985353 
6165  0.531591835188 
6170  0.531294583606 
6175  0.530916484404 
6180  0.530537120354 
6185  0.530030598181 
6190  0.529523586765 
6195  0.529780419816 
6200  0.530037190132 
6205  0.530731180957 
6210  0.53142578744 
6215  0.532432787951 
6220  0.533440886169 
6225  0.534061812375 
6230  0.534682617428 
6235  0.535333915618 
6240  0.535985771116 
6245  0.536137669829 
6250  0.536289399644 
6255  0.53594771431 
6260  0.535605262069 
6265  0.534522720681 
6270  0.533440520082 
6275  0.525796824623 
6280  0.518179041525 
6285  0.52172101296 
6290  0.525258537543 
6295  0.525872089056 
6300  0.526486034954 
6305  0.52908410169 
6310  0.531687195481 
6315  0.533669313672 
6320  0.535655440983 
6325  0.536823797526 
6330  0.53799274545 
6335  0.538691773077 
6340  0.539391262486 
6345  0.539350322791 
6350  0.539308843421 
6355  0.538932963408 
6360  0.538555786751 
6365  0.538043339748 
6370  0.537529518629 
6375  0.537312104896 
6380  0.537093584206 
6385  0.536927426665 
6390  0.536761000119 
6395  0.537555903228 
6400  0.53835161341 
6405  0.539512689754 
6410  0.540674999732 
6415  0.542030941511 
6420  0.543388481276 
6425  0.544147767377 
6430  0.544906848018 
6435  0.545581591816 
6440  0.546256894541 
6445  0.54633699605 
6450  0.54641701502 
6455  0.545744414391 
6460  0.545071896418 
6465  0.543816898542 
6470  0.542562925047 
6475  0.541635134046 
6480  0.540707798405 
6485  0.541106633638 
6490  0.541504835878 
6495  0.542957018373 
6500  0.544411376497 
6505  0.545628167918 
6510  0.546845720341 
6515  0.546418113791 
6520  0.545985762257 
6525  0.54854769219 
6530  0.551113914554 
6535  0.551327777318 
6540  0.55154074259 
6545  0.551411044108 
6550  0.551281043772 
6555  0.55082006497 
6560  0.550358530176 
6565  0.550047328675 
6570  0.549735189223 
6575  0.549361047626 
6580  0.548986098871 
6585  0.549251423906 
6590  0.549516128952 
6595  0.549926880094 
6600  0.550337686356 
6605  0.550664860132 
6610  0.550991864444 
6615  0.551438357404 
6620  0.551884724224 
6625  0.552293252215 
6630  0.552701587711 
6635  0.552662107267 
6640  0.552621966 
6645  0.55277895065 
6650  0.552935762404 
6655  0.55287150034 
6660  0.552807039669 
6665  0.552513377548 
6670  0.552219543021 
6675  0.551814458364 
6680  0.551409157246 
6685  0.551330463316 
6690  0.551251332715 
6695  0.551258923146 
6700  0.551266187464 
6705  0.551011755442 
6710  0.550757178139 
6715  0.550604838784 
6720  0.550452332678 
6725  0.550088063505 
6730  0.549723662379 
6735  0.548281765536 
6740  0.546841313995 
6745  0.544423173653 
6750  0.542005354194 
6755  0.537773050532 
6760  0.533541295619 
6765  0.527872839559 
6770  0.522197138099 
6775  0.514896627187 
6780  0.507597260251 
6785  0.499720388853 
6790  0.491845547358 
6795  0.484231017588 
6800  0.476607707633 
6805  0.468708966155 
6810  0.460813020666 
6815  0.45307400711 
6820  0.445338214377 
6825  0.437899662844 
6830  0.430463831902 
6835  0.42288927186 
6840  0.415328107047 
6845  0.407505601789 
6850  0.399685908595 
6855  0.389029150218 
6860  0.378431548102 
6865  0.336046191999 
6870  0.295569780863 
6875  0.286591465166 
6880  0.277517881131 
6885  0.273748346767 
6890  0.269503835965 
6895  0.262738421496 
6900  0.255750349436 
6905  0.251035888547 
6910  0.245956440196 
6915  0.239723075983 
6920  0.23322145155 
6925  0.225756877742 
6930  0.218089022313 
6935  0.207981672063 
6940  0.197849811103 
6945  0.186871962691 
6950  0.175839182323 
6955  0.162932136835 
6960  0.149989854904 
6965  0.136048444909 
6970  0.121937934067 
6975  0.106708908431 
6980  0.091482804673 
6985  0.077532044693 
6990  0.0636935133047 
6995  0.0531955065406 
7000  0.0426842814344 
7005  0.0354152261303 
7010  0.0281397188702 
7015  0.0233390771779 
7020  0.0185397539589 
7025  0.0155056327292 
7030  0.0124554828642 
7035  0.0104775105003 
7040  0.0084988026737 
7045  0.00720907881332 
7050  0.00592091556681 
7055  0.00507851239167 
7060  0.00423376700414 
7065  0.0036578164277 
7070  0.0030815072131 
7075  0.00268392126579 
7080  0.00228568687442 
7085  0.00200455561565 
7090  0.00172350405335 
7095  0.0015206360825 
7100  0.00131775180866 
7105  0.00117068464809 
7110  0.00102354714849 
7115  0.000914688949896 
7120  0.000805921856985 
7125  0.000725305812144 
7130  0.000644695003618 
7135  0.000582977967647 
7140  0.000521383200508 
7145  0.000473862745998 
7150  0.000426416509601 
7155  0.000390780744386 
7160  0.000355554143237 
7165  0.000324172674357 
7170  0.000293795200694 
7175  0.000269313486024 
7180  0.000245373064877 
7185  0.00023161322772 
7190  0.000217960703051 
7195  0.000206717390655 
7200  0.0001952961153 
7205  0.000190146960393 
7210  0.000184429488322 
7215  0.000176680815351 
7220  0.000168895842143 
7225  0.000157348025362 
7230  0.000146142274313 
7235  0.000140795392657 
7240  0.000135458022008 
7245  0.000130770318416 
7250  0.000126040205209 
7255  0.000123946280737 
7260  0.000121829890092 
7265  0.00011850689316 
7270  0.000115214593365 
7275  0.000113511016531 
7280  0.000111765180101 
7285  0.000109075015414 
7290  0.000106386243264 
7295  0.000103980528102 
7300  0.000101561860104 
7305  9.90245517967e-05 
7310  9.64797196446e-05 
7315  9.73961259879e-05 
7320  9.83127985947e-05 
7325  9.57737964718e-05 
7330  9.32235499118e-05 
7335  9.06871313165e-05 
7340  8.8138316837e-05 
7345  8.53219461601e-05 
7350  8.25096028712e-05 
7355  8.24608639697e-05 
7360  8.24121074499e-05 
7365  7.70149650381e-05 
7370  7.160381045e-05 
7375  7.16940133526e-05 
7380  7.17842361482e-05 
7385  6.90142285678e-05 
7390  6.62449178928e-05 
7395  6.35657622003e-05 
7400  6.08795758751e-05 
7405  5.8101165266e-05 
7410  5.53237957309e-05 
7415  5.25784064131e-05 
7420  4.98308295395e-05 
7425  4.98310457423e-05 
7430  4.98312315911e-05 
7435  4.70702551356e-05 
7440  4.43084044716e-05 
7445  4.42849561568e-05 
7450  4.42615096441e-05 
7455  4.15053588718e-05 
7460  3.87478489307e-05 
7465  3.87273865437e-05 
7470  3.87069261387e-05 
7475  3.87156146e-05 
7480  3.87243028971e-05 
7485  3.59405043919e-05 
7490  3.31594406353e-05 
7495  3.31677293506e-05 
7500  3.31760180879e-05 
